name	sample	otu	sampleotu	type	effect	mean_Accuracy	sd_Accuracy	mean_Precision	sd_Precision	mean_TPR	sd_TPR	mean_F1_score	sd_F1_score	mean_FPR	sd_FPR	mean_Specificity	sd_Specificity	mean_FDR	sd_FDR
wrench	50	500	50_500	abundant	1	0.953485	0.00613915	0.05468411	0.038447018	0.0564	0.045605245	0.05442405	0.040107352	0.023512821	0.006799183	0.976487179	0.006799183	0.94531589	0.038447018
wrench	200	500	200_500	abundant	1	0.97091	0.002834118	0.065199769	0.105284901	0.0132	0.018903263	0.020978435	0.029400326	0.004533333	0.003033204	0.995466667	0.003033204	0.924800231	0.140597807
wrench	500	500	500_500	abundant	1	0.97343	0.001482252	0.040982906	0.132190945	0.0046	0.011670562	0.008000079	0.020387003	0.001728205	0.00159801	0.998271795	0.00159801	0.799017094	0.374145723
wrench	50	500	50_500	abundant	2	0.964035	0.008171537	0.337954809	0.07379776	0.423	0.134160314	0.366083165	0.080991904	0.022092308	0.010095258	0.977907692	0.010095258	0.662045191	0.07379776
wrench	200	500	200_500	abundant	2	0.982555	0.003557532	0.752858447	0.128627669	0.4816	0.102875035	0.576836424	0.084479312	0.0046	0.003517952	0.9954	0.003517952	0.247141553	0.128627669
wrench	500	500	500_500	abundant	2	0.985235	0.002871362	0.847451034	0.091298502	0.5038	0.091351027	0.627175322	0.082256023	0.002420513	0.00165264	0.997579487	0.00165264	0.152548966	0.091298502
wrench	50	500	50_500	abundant	5	0.97538	0.02022676	0.560907736	0.137789546	0.9198	0.056675222	0.68396975	0.120380546	0.023194872	0.021082337	0.976805128	0.021082337	0.439092264	0.137789546
wrench	200	500	200_500	abundant	5	0.993065	0.008583122	0.824493169	0.145077742	0.9916	0.014820134	0.89232481	0.101903142	0.006897436	0.008783481	0.993102564	0.008783481	0.175506831	0.145077742
wrench	500	500	500_500	abundant	5	0.993345	0.013128867	0.848254934	0.154941259	0.9982	0.006416519	0.907589686	0.115169673	0.006779487	0.013478102	0.993220513	0.013478102	0.151745066	0.154941259
wrench	50	500	50_500	abundant	10	0.98037	0.019203275	0.617519353	0.139256618	0.9732	0.025460605	0.744699284	0.121762633	0.019446154	0.019736095	0.980553846	0.019736095	0.382480647	0.139256618
wrench	200	500	200_500	abundant	10	0.993505	0.010409906	0.838143897	0.144263094	0.999	0.005945884	0.903487544	0.105044352	0.006635897	0.010672926	0.993364103	0.010672926	0.161856103	0.144263094
wrench	500	500	500_500	abundant	10	0.99469	0.008917348	0.860848517	0.132617177	1	0	0.918621261	0.094358672	0.005446154	0.009145998	0.994553846	0.009145998	0.139151483	0.132617177
wrench	50	200	50_200	abundant	1	0.98225	0.003013857	0.050645721	0.052896819	0.05	0.060719591	0.047819188	0.050673589	0.008333333	0.003384938	0.991666667	0.003384938	0.949354279	0.052896819
wrench	200	200	200_200	abundant	1	0.988445	0.001451045	0.036928571	0.106436125	0.007	0.017436754	0.01127317	0.028263882	0.001641414	0.001477049	0.998358586	0.001477049	0.833071429	0.340400735
wrench	500	200	500_200	abundant	1	0.989255	0.00073682	0.0285	0.120378542	0.004	0.013632996	0.00679441	0.023199323	0.000792929	0.000760563	0.999207071	0.000760563	0.7315	0.430017716
wrench	50	200	50_200	abundant	2	0.98625	0.004615247	0.378033207	0.143307783	0.4285	0.172218882	0.383458658	0.122403619	0.008116162	0.005211818	0.991883838	0.005211818	0.621966793	0.143307783
wrench	200	200	200_200	abundant	2	0.99219	0.002726395	0.693925211	0.194075147	0.4615	0.143522602	0.538538546	0.141769358	0.002449495	0.002347455	0.997550505	0.002347455	0.306074789	0.194075147
wrench	500	200	500_200	abundant	2	0.99278	0.001714937	0.782043478	0.165496469	0.4135	0.126302307	0.526827044	0.124054775	0.001368687	0.001366354	0.998631313	0.001366354	0.217956522	0.165496469
wrench	50	200	50_200	abundant	5	0.99029	0.010810391	0.600202026	0.183925667	0.916	0.059831413	0.705761639	0.153731617	0.008959596	0.011018812	0.991040404	0.011018812	0.399797974	0.183925667
wrench	200	200	200_200	abundant	5	0.994405	0.00883053	0.766100666	0.231543675	0.987	0.028087166	0.83859436	0.178774901	0.005520202	0.008959087	0.994479798	0.008959087	0.233899334	0.231543675
wrench	500	200	500_200	abundant	5	0.99507	0.00666478	0.76589725	0.224291102	0.9975	0.010952146	0.845378704	0.167106228	0.004954545	0.006742685	0.995045455	0.006742685	0.23410275	0.224291102
wrench	50	200	50_200	abundant	10	0.99401	0.007383431	0.693082	0.158408781	0.9845	0.025321169	0.801512277	0.130956473	0.005893939	0.007462181	0.994106061	0.007462181	0.306918	0.158408781
wrench	200	200	200_200	abundant	10	0.99671	0.005126274	0.817271264	0.178940119	1	0	0.886737823	0.13131425	0.003323232	0.005178055	0.996676768	0.005178055	0.182728736	0.178940119
wrench	500	200	500_200	abundant	10	0.99447	0.010749635	0.788800108	0.235117318	1	0	0.857605159	0.188557829	0.005585859	0.010858217	0.994414141	0.010858217	0.211199892	0.235117318
TMM	50	500	50_500	abundant	1	0.947235	0.010064051	0.052523531	0.033718692	0.0682	0.053642664	0.057437167	0.037934316	0.030225641	0.011041879	0.969774359	0.011041879	0.947476469	0.033718692
TMM	200	500	200_500	abundant	1	0.96856	0.005083286	0.075034342	0.163523662	0.0158	0.0215172	0.023098975	0.030724923	0.007010256	0.005393823	0.992989744	0.005393823	0.924965658	0.163523662
TMM	500	500	500_500	abundant	1	0.97281	0.001931635	0.042060245	0.159225443	0.0038	0.010128468	0.006621296	0.017844469	0.00234359	0.002009752	0.99765641	0.002009752	0.847939755	0.338961516
TMM	50	500	50_500	abundant	2	0.96308	0.008176006	0.307955753	0.083233311	0.3322	0.089121186	0.310775843	0.067570675	0.02074359	0.009162421	0.97925641	0.009162421	0.692044247	0.083233311
TMM	200	500	200_500	abundant	2	0.978355	0.003531457	0.727640198	0.179657123	0.252	0.093894417	0.361300909	0.109634357	0.003020513	0.003211174	0.996979487	0.003211174	0.272359802	0.179657123
TMM	500	500	500_500	abundant	2	0.97971	0.002893025	0.847368224	0.148718911	0.2372	0.105945288	0.358265301	0.130764779	0.001251282	0.001628742	0.998748718	0.001628742	0.152631776	0.148718911
TMM	50	500	50_500	abundant	5	0.98306	0.007625476	0.647940205	0.097158901	0.8042	0.075974211	0.710418865	0.066504692	0.012353846	0.008250037	0.987646154	0.008250037	0.352059795	0.097158901
TMM	200	500	200_500	abundant	5	0.994465	0.006070401	0.908276979	0.123029072	0.8962	0.065732547	0.896912279	0.08622117	0.003015385	0.005738963	0.996984615	0.005738963	0.091723021	0.123029072
TMM	500	500	500_500	abundant	5	0.99744	0.002448747	0.964393656	0.065342526	0.9382	0.04841696	0.949168321	0.04328089	0.001041026	0.002241213	0.998958974	0.002241213	0.035606344	0.065342526
TMM	50	500	50_500	abundant	10	0.99132	0.003011359	0.779593807	0.072483811	0.9252	0.047193562	0.843738216	0.047341638	0.006984615	0.00302712	0.993015385	0.00302712	0.220406193	0.072483811
TMM	200	500	200_500	abundant	10	0.998485	0.002660462	0.966066973	0.065994707	0.9808	0.025412953	0.971864637	0.041318695	0.001061538	0.002656461	0.998938462	0.002656461	0.033933027	0.065994707
TMM	500	500	500_500	abundant	10	0.999315	0.001567754	0.98225773	0.047499344	0.9936	0.013597385	0.987178026	0.027124512	0.000538462	0.001605837	0.999461538	0.001605837	0.01774227	0.047499344
TMM	50	200	50_200	abundant	1	0.97961	0.004627312	0.041552741	0.041169306	0.0505	0.052941267	0.04337652	0.041790717	0.011005051	0.004924609	0.988994949	0.004924609	0.958447259	0.041169306
TMM	200	200	200_200	abundant	1	0.988245	0.001744392	0.03904304	0.091390956	0.01	0.021320072	0.015318667	0.032808699	0.001873737	0.001800775	0.998126263	0.001800775	0.87095696	0.289794487
TMM	500	200	500_200	abundant	1	0.988955	0.001199947	0.007777778	0.048044436	0.0015	0.00857233	0.002428786	0.01395853	0.001070707	0.001220932	0.998929293	0.001220932	0.732222222	0.438823888
TMM	50	200	50_200	abundant	2	0.98592	0.004264441	0.342957057	0.141262671	0.333	0.126175283	0.323196019	0.108605117	0.007484848	0.004494081	0.992515152	0.004494081	0.657042943	0.141262671
TMM	200	200	200_200	abundant	2	0.99068	0.002547052	0.625514819	0.250600641	0.269	0.140845212	0.357100417	0.160374665	0.002030303	0.002133082	0.997969697	0.002133082	0.374485181	0.250600641
TMM	500	200	500_200	abundant	2	0.99138	0.001659256	0.733721984	0.282239959	0.23	0.146508179	0.329336755	0.174087352	0.000929293	0.001064062	0.999070707	0.001064062	0.256278016	0.273563024
TMM	50	200	50_200	abundant	5	0.993825	0.002657536	0.673669657	0.131409468	0.837	0.084870668	0.737711382	0.088470815	0.004590909	0.002685071	0.995409091	0.002685071	0.326330343	0.131409468
TMM	200	200	200_200	abundant	5	0.99791	0.002133641	0.906817379	0.1275464	0.9095	0.077098586	0.902105005	0.086120669	0.00119697	0.001962831	0.99880303	0.001962831	0.093182621	0.1275464
TMM	500	200	500_200	abundant	5	0.997895	0.002684876	0.889654284	0.158937406	0.9545	0.054167249	0.911838436	0.099705487	0.001666667	0.002675848	0.998333333	0.002675848	0.110345716	0.158937406
TMM	50	200	50_200	abundant	10	0.99694	0.002421787	0.817588028	0.115960737	0.9365	0.054520407	0.866869937	0.074960698	0.002449495	0.0024819	0.997550505	0.0024819	0.182411972	0.115960737
TMM	200	200	200_200	abundant	10	0.99875	0.002963158	0.935163414	0.141018332	0.9865	0.02645274	0.953146307	0.094113354	0.001126263	0.002985637	0.998873737	0.002985637	0.064836586	0.141018332
TMM	500	200	500_200	abundant	10	0.999075	0.002208083	0.94319375	0.129175127	0.996	0.015374122	0.963809978	0.082247612	0.000893939	0.002187793	0.999106061	0.002187793	0.05680625	0.129175127
RLE	50	500	50_500	abundant	1	0.943925	0.018899438	0.049329114	0.029551098	0.078	0.078752906	0.056306056	0.037381239	0.033871795	0.021135508	0.966128205	0.021135508	0.950670886	0.029551098
RLE	200	500	200_500	abundant	1	0.968415	0.006148029	0.054924452	0.105315534	0.015	0.02227015	0.020923851	0.030208287	0.007138462	0.006558272	0.992861538	0.006558272	0.915075548	0.192760334
RLE	500	500	500_500	abundant	1	0.972415	0.007475906	0.042429346	0.161009676	0.0038	0.010519823	0.006177575	0.016431205	0.002748718	0.007711629	0.997251282	0.007711629	0.767570654	0.406315948
RLE	50	500	50_500	abundant	2	0.960995	0.013076792	0.284048314	0.084804303	0.2982	0.11220814	0.276497899	0.071481414	0.022010256	0.015016166	0.977989744	0.015016166	0.715951686	0.084804303
RLE	200	500	200_500	abundant	2	0.97686	0.006016845	0.700193265	0.210429558	0.2332	0.121745554	0.322619801	0.129783224	0.004071795	0.007027216	0.995928205	0.007027216	0.299806735	0.210429558
RLE	500	500	500_500	abundant	2	0.978135	0.01119994	0.790257654	0.211382899	0.2716	0.123850023	0.381461155	0.138392186	0.003748718	0.011578295	0.996251282	0.011578295	0.209742346	0.211382899
RLE	50	500	50_500	abundant	5	0.980755	0.011307121	0.631275555	0.11616128	0.7472	0.101921737	0.671767957	0.079019379	0.01325641	0.01247669	0.98674359	0.01247669	0.368724445	0.11616128
RLE	200	500	200_500	abundant	5	0.990595	0.013928696	0.867407144	0.168507998	0.8482	0.095899569	0.842404637	0.116861028	0.005753846	0.014553129	0.994246154	0.014553129	0.132592856	0.168507998
RLE	500	500	500_500	abundant	5	0.9964	0.004586431	0.94953244	0.1044599	0.9232	0.058996319	0.931955176	0.071008715	0.001723077	0.004429789	0.998276923	0.004429789	0.05046756	0.1044599
RLE	50	500	50_500	abundant	10	0.988905	0.006617888	0.751489708	0.106223499	0.8862	0.0668298	0.806939347	0.073458543	0.008461538	0.007056895	0.991538462	0.007056895	0.248510292	0.106223499
RLE	200	500	200_500	abundant	10	0.99791	0.003179305	0.964666041	0.074939934	0.9614	0.042947466	0.960584964	0.048321473	0.001153846	0.003194985	0.998846154	0.003194985	0.035333959	0.074939934
RLE	500	500	500_500	abundant	10	0.997872449	0.005726278	0.955762414	0.112319254	0.986326531	0.020827606	0.966481854	0.073783994	0.001831502	0.005878499	0.998168498	0.005878499	0.044237586	0.112319254
RLE	50	200	50_200	abundant	1	0.97872	0.007413242	0.039449991	0.043766622	0.062	0.089363631	0.043872723	0.049533588	0.012020202	0.008143378	0.987979798	0.008143378	0.960550009	0.043766622
RLE	200	200	200_200	abundant	1	0.98763	0.002700187	0.038362485	0.132435345	0.008	0.020985806	0.011460381	0.029068904	0.002474747	0.002778821	0.997525253	0.002778821	0.851637515	0.32848594
RLE	500	200	500_200	abundant	1	0.989135	0.001036834	0.0075	0.055675376	0.001	0.007035265	0.001742424	0.012270233	0.000883838	0.001046126	0.999116162	0.001046126	0.6825	0.463101915
RLE	50	200	50_200	abundant	2	0.98481	0.00599317	0.305123544	0.148043058	0.2805	0.124294981	0.271705941	0.101843314	0.008075758	0.006596583	0.991924242	0.006596583	0.694876456	0.148043058
RLE	200	200	200_200	abundant	2	0.9901	0.004146923	0.620020298	0.276457211	0.2775	0.134535302	0.357879531	0.150191396	0.00270202	0.004099516	0.99729798	0.004099516	0.379979702	0.276457211
RLE	500	200	500_200	abundant	2	0.99117	0.001789729	0.729686562	0.271287418	0.2215	0.143416995	0.317274653	0.169655231	0.001055556	0.001278283	0.998944444	0.001278283	0.270313438	0.271287418
RLE	50	200	50_200	abundant	5	0.992185	0.005584817	0.641157277	0.157435681	0.7725	0.119209306	0.683127308	0.113720189	0.00559596	0.00579178	0.99440404	0.00579178	0.358842723	0.157435681
RLE	200	200	200_200	abundant	5	0.99669	0.003718491	0.855858669	0.180528082	0.8845	0.089525968	0.858068515	0.123254381	0.002176768	0.003592606	0.997823232	0.003592606	0.144141331	0.180528082
RLE	500	200	500_200	abundant	5	0.997235	0.003529425	0.863755102	0.184381898	0.941	0.072257955	0.888481919	0.123076857	0.00219697	0.003472761	0.99780303	0.003472761	0.136244898	0.184381898
RLE	50	200	50_200	abundant	10	0.996145	0.00314088	0.793179465	0.134321807	0.905	0.077687538	0.835302859	0.088490653	0.002934343	0.003325188	0.997065657	0.003325188	0.206820535	0.134321807
RLE	200	200	200_200	abundant	10	0.99757	0.003712537	0.87247276	0.185301619	0.9755	0.041129876	0.908780931	0.12267632	0.002207071	0.003729807	0.997792929	0.003729807	0.12752724	0.185301619
RLE	500	200	500_200	abundant	10	0.9983	0.003565406	0.913923105	0.168547915	0.986	0.055084875	0.937746745	0.116493154	0.001575758	0.00356495	0.998424242	0.00356495	0.086076895	0.168547915
GMPR	50	500	50_500	abundant	1	0.94542	0.012442742	0.050121267	0.031533786	0.0704	0.061855485	0.05597934	0.037387282	0.03214359	0.013812035	0.96785641	0.013812035	0.949878733	0.031533786
GMPR	200	500	200_500	abundant	1	0.96874	0.004399541	0.046870567	0.08450676	0.0128	0.019179113	0.018277774	0.026197005	0.006748718	0.0047438	0.993251282	0.0047438	0.943129433	0.127257661
GMPR	500	500	500_500	abundant	1	0.973265	0.001731256	0.031873016	0.148299316	0.0024	0.008659671	0.004335966	0.015787618	0.001841026	0.001766107	0.998158974	0.001766107	0.808126984	0.383989419
GMPR	50	500	50_500	abundant	2	0.96327	0.008529337	0.316537999	0.079129516	0.359	0.110695688	0.326526972	0.074272018	0.021235897	0.009945587	0.978764103	0.009945587	0.683462001	0.079129516
GMPR	200	500	200_500	abundant	2	0.97856	0.003190326	0.717473128	0.175341671	0.2606	0.099227521	0.370569068	0.111676609	0.003030769	0.002639246	0.996969231	0.002639246	0.282526872	0.175341671
GMPR	500	500	500_500	abundant	2	0.979715	0.002474369	0.837392589	0.133332181	0.237	0.09261084	0.360817273	0.112865566	0.001241026	0.001222236	0.998758974	0.001222236	0.162607411	0.133332181
GMPR	50	500	50_500	abundant	5	0.983235	0.005113586	0.642304171	0.096224731	0.8218	0.081950712	0.713931811	0.062560199	0.012625641	0.005711356	0.987374359	0.005711356	0.357695829	0.096224731
GMPR	200	500	200_500	abundant	5	0.994855	0.004725973	0.903371299	0.107353683	0.9084	0.075434365	0.901552585	0.078484639	0.002928205	0.004242808	0.997071795	0.004242808	0.096628701	0.107353683
GMPR	500	500	500_500	abundant	5	0.99735	0.002682246	0.956986457	0.074823885	0.9442	0.042573288	0.948425002	0.046713785	0.001287179	0.002575468	0.998712821	0.002575468	0.043013543	0.074823885
GMPR	50	500	50_500	abundant	10	0.99101	0.003092823	0.772402431	0.074743716	0.9262	0.043734276	0.839552893	0.046135205	0.007328205	0.003306866	0.992671795	0.003306866	0.227597569	0.074743716
GMPR	200	500	200_500	abundant	10	0.998495	0.00246746	0.962041145	0.065907312	0.9852	0.022314556	0.972041374	0.039954301	0.001164103	0.002478075	0.998835897	0.002478075	0.037958855	0.065907312
GMPR	500	500	500_500	abundant	10	0.999365	0.00168003	0.982854842	0.04816421	0.995	0.013142575	0.988220661	0.02879998	0.000523077	0.001652479	0.999476923	0.001652479	0.017145158	0.04816421
GMPR	50	200	50_200	abundant	1	0.981325	0.003347979	0.045603907	0.045429813	0.048	0.052666283	0.045279436	0.046087817	0.009247475	0.003586864	0.990752525	0.003586864	0.954396093	0.045429813
GMPR	200	200	200_200	abundant	1	0.98888	0.00131064	0.073857143	0.201120051	0.0095	0.020955701	0.015846415	0.034771267	0.001227273	0.001335766	0.998772727	0.001335766	0.686142857	0.43460577
GMPR	500	200	500_200	abundant	1	0.989235	0.000705158	0.010833333	0.055118228	0.002	0.009847319	0.003341695	0.016473973	0.000792929	0.000725896	0.999207071	0.000725896	0.709166667	0.447824113
GMPR	50	200	50_200	abundant	2	0.988235	0.002787467	0.41907237	0.151009879	0.337	0.140097369	0.357880915	0.119531757	0.005186869	0.003036974	0.994813131	0.003036974	0.58092763	0.151009879
GMPR	200	200	200_200	abundant	2	0.9923	0.00194105	0.795360754	0.203390165	0.3235	0.161191116	0.439026171	0.176527782	0.000944444	0.00117441	0.999055556	0.00117441	0.204639246	0.203390165
GMPR	500	200	500_200	abundant	2	0.9926	0.001560238	0.854145771	0.199785449	0.305	0.146594335	0.433758396	0.175772187	0.000454545	0.000615426	0.999545455	0.000615426	0.135854229	0.180717336
GMPR	50	200	50_200	abundant	5	0.99456	0.002398737	0.710876476	0.122412817	0.8315	0.10216223	0.757756677	0.091658467	0.003792929	0.002394315	0.996207071	0.002394315	0.289123524	0.122412817
GMPR	200	200	200_200	abundant	5	0.99796	0.001954895	0.913160462	0.12152646	0.902	0.083762531	0.902097932	0.084722667	0.001070707	0.001736657	0.998929293	0.001736657	0.086839538	0.12152646
GMPR	500	200	500_200	abundant	5	0.99838	0.001834187	0.920868994	0.120847623	0.94	0.068534442	0.924906707	0.078582081	0.001030303	0.001706183	0.998969697	0.001706183	0.079131006	0.120847623
GMPR	50	200	50_200	abundant	10	0.997445	0.001859856	0.842682644	0.102315796	0.9435	0.052539067	0.885455468	0.064228512	0.002010101	0.00191946	0.997989899	0.00191946	0.157317356	0.102315796
GMPR	200	200	200_200	abundant	10	0.999285	0.001599013	0.960453663	0.095428944	0.985	0.026111648	0.969373546	0.058815347	0.000570707	0.001631671	0.999429293	0.001631671	0.039546337	0.095428944
GMPR	500	200	500_200	abundant	10	0.99931	0.001525507	0.954759019	0.098819942	0.993	0.020125867	0.970549803	0.060411502	0.000626263	0.001512803	0.999373737	0.001512803	0.045240981	0.098819942
CLR	50	500	50_500	abundant	1	0.87011	0.051222607	0.10831825	0.023824891	0.606	0.3183607	0.174217609	0.048651533	0.123117949	0.060459666	0.876882051	0.060459666	0.89168175	0.023824891
CLR	200	500	200_500	abundant	1	0.974595	0.000638397	0.007666667	0.067312528	6.00E-04	0.00445403	0.00108805	0.008219651	0.000430769	0.00067877	0.999569231	0.00067877	0.452333333	0.497067833
CLR	500	500	500_500	abundant	1	0.974995	5.00E-05	0	0	0	0	0	0	5.13E-06	5.13E-05	0.999994872	5.13E-05	0.01	0.1
CLR	50	500	50_500	abundant	2	0.887615	0.049706607	0.167135515	0.05160305	0.7296	0.306936377	0.242198465	0.054991316	0.108333333	0.058310413	0.891666667	0.058310413	0.832864485	0.05160305
CLR	200	500	200_500	abundant	2	0.974925	0.000269446	0.044	0.200161551	0.0012	0.00555596	0.0022959	0.010499457	0.000107692	0.000285061	0.999892308	0.000285061	0.156	0.361344291
CLR	500	500	500_500	abundant	2	0.97499	1.00E-04	0	0	0	0	0	0	1.03E-05	0.000102564	0.999989744	0.000102564	0.01	0.1
CLR	50	500	50_500	abundant	5	0.9235	0.043712213	0.312456199	0.177884487	0.8336	0.207571431	0.396358551	0.112187379	0.074194872	0.049095465	0.925805128	0.049095465	0.687543801	0.177884487
CLR	200	500	200_500	abundant	5	0.97578	0.000746439	0.691904762	0.457053788	0.032	0.031009936	0.060221902	0.056363687	2.05E-05	0.000100998	0.999979487	0.000100998	0.008095238	0.04102631
CLR	500	500	500_500	abundant	5	0.9753	0.000471405	0.36	0.482418151	0.012	0.018856181	0.023054378	0.035842736	0	0	1	0	0	0
CLR	50	500	50_500	abundant	10	0.94275	0.037194649	0.406636964	0.227863542	0.8936	0.148715171	0.500537219	0.159063816	0.055989744	0.04086412	0.944010256	0.04086412	0.593363036	0.227863542
CLR	200	500	200_500	abundant	10	0.98069	0.002561151	1	0	0.2276	0.102446044	0.359586317	0.136380576	0	0	1	0	0	0
CLR	500	500	500_500	abundant	10	0.97974	0.002112349	1	0	0.1896	0.084493978	0.310428892	0.11892465	0	0	1	0	0	0
CLR	50	200	50_200	abundant	1	0.947675	0.01911097	0.100539405	0.033653996	0.5685	0.294876708	0.164839884	0.058212515	0.048494949	0.022017916	0.951505051	0.022017916	0.899460595	0.033653996
CLR	200	200	200_200	abundant	1	0.989975	0.000130558	0	0	0	0	0	0	2.53E-05	0.000131877	0.999974747	0.000131877	0.04	0.196946386
CLR	500	200	500_200	abundant	1	0.99	0	0	0	0	0	0	0	0	0	1	0	0	0
CLR	50	200	50_200	abundant	2	0.956525	0.016761605	0.144872627	0.041803419	0.6515	0.286255431	0.224812464	0.058368012	0.040393939	0.019457506	0.959606061	0.019457506	0.855127373	0.041803419
CLR	200	200	200_200	abundant	2	0.989995	5.00E-05	0	0	0	0	0	0	5.05E-06	5.05E-05	0.999994949	5.05E-05	0.01	0.1
CLR	500	200	500_200	abundant	2	0.99	0	0	0	0	0	0	0	0	0	1	0	0	0
CLR	50	200	50_200	abundant	5	0.9696	0.013460942	0.25702956	0.124924491	0.7445	0.280592357	0.332510066	0.078315283	0.028126263	0.015934387	0.971873737	0.015934387	0.74297044	0.124924491
CLR	200	200	200_200	abundant	5	0.99006	0.000163299	0.12	0.326598632	0.006	0.016329932	0.011428571	0.031104632	0	0	1	0	0	0
CLR	500	200	500_200	abundant	5	0.990005	5.00E-05	0.01	0.1	5.00E-04	0.005	0.000952381	0.00952381	0	0	1	0	0	0
CLR	50	200	50_200	abundant	10	0.97981	0.01119609	0.390407393	0.176709123	0.817	0.203531945	0.477056169	0.105316247	0.018545455	0.012758734	0.981454545	0.012758734	0.609592607	0.176709123
CLR	200	200	200_200	abundant	10	0.990725	0.000792563	0.67	0.472581563	0.0725	0.079256329	0.126122279	0.124990283	0	0	1	0	0	0
CLR	500	200	500_200	abundant	10	0.99038	0.000482627	0.48	0.502116732	0.038	0.048262749	0.069288538	0.085461248	0	0	1	0	0	0
ALR	50	500	50_500	abundant	1	0.951045	0.009576142	0.082547891	0.047844593	0.0928	0.058914079	0.084495438	0.048499869	0.026948718	0.010319252	0.973051282	0.010319252	0.917452109	0.047844593
ALR	200	500	200_500	abundant	1	0.962815	0.006764679	0.087287013	0.065441354	0.0598	0.051756618	0.067554004	0.052358095	0.014030769	0.007760732	0.985969231	0.007760732	0.912712987	0.065441354
ALR	500	500	500_500	abundant	1	0.96403	0.005728636	0.092075158	0.073285825	0.0516	0.046898127	0.063203783	0.053130949	0.012574359	0.006215901	0.987425641	0.006215901	0.907924842	0.073285825
ALR	50	500	50_500	abundant	2	0.95859	0.009095004	0.173649886	0.074046274	0.161	0.074637169	0.160961879	0.064441838	0.020958974	0.00985855	0.979041026	0.00985855	0.826350114	0.074046274
ALR	200	500	200_500	abundant	2	0.96749	0.00626195	0.188248057	0.118081533	0.0816	0.059403091	0.104036031	0.061769421	0.009794872	0.007371719	0.990205128	0.007371719	0.801751943	0.141916375
ALR	500	500	500_500	abundant	2	0.968535	0.004420599	0.221880679	0.135553099	0.0982	0.065201785	0.128566215	0.072721451	0.009148718	0.005227081	0.990851282	0.005227081	0.778119321	0.135553099
ALR	50	500	50_500	abundant	5	0.96923	0.006568758	0.384447037	0.121810909	0.2734	0.082489301	0.306628409	0.073230575	0.012928205	0.007369483	0.987071795	0.007369483	0.615552963	0.121810909
ALR	200	500	200_500	abundant	5	0.97444	0.004168351	0.540322151	0.175259514	0.2262	0.087556966	0.299594966	0.088206512	0.006374359	0.005135067	0.993625641	0.005135067	0.459677849	0.175259514
ALR	500	500	500_500	abundant	5	0.974655	0.004282154	0.537729208	0.178791338	0.2016	0.075781717	0.279701294	0.087555838	0.005523077	0.004840878	0.994476923	0.004840878	0.452270792	0.176360784
ALR	50	500	50_500	abundant	10	0.975215	0.006241461	0.544834938	0.134343603	0.4194	0.100803038	0.458651789	0.082368646	0.010533333	0.007104511	0.989466667	0.007104511	0.455165062	0.134343603
ALR	200	500	200_500	abundant	10	0.98013	0.00331405	0.736489325	0.14614551	0.359	0.088140155	0.470662026	0.086966851	0.00394359	0.003441027	0.99605641	0.003441027	0.263510675	0.14614551
ALR	500	500	500_500	abundant	10	0.980835	0.002647712	0.778754105	0.138668605	0.3514	0.097245082	0.471781892	0.094496662	0.003025641	0.002646689	0.996974359	0.002646689	0.221245895	0.138668605
ALR	50	200	50_200	abundant	1	0.980955	0.003302199	0.087619959	0.061264042	0.1	0.076870611	0.090961617	0.063955999	0.010146465	0.003559753	0.989853535	0.003559753	0.912380041	0.061264042
ALR	200	200	200_200	abundant	1	0.984425	0.00342036	0.092144932	0.087773207	0.063	0.063810008	0.069697993	0.063342415	0.006267677	0.003664606	0.993732323	0.003664606	0.877855068	0.177520517
ALR	500	200	500_200	abundant	1	0.985435	0.00304151	0.113131659	0.120433544	0.0645	0.073613446	0.075718814	0.078734443	0.005262626	0.003243194	0.994737374	0.003243194	0.856868341	0.192462239
ALR	50	200	50_200	abundant	2	0.98347	0.003526824	0.155322873	0.090526649	0.1385	0.091523304	0.140614349	0.083526596	0.007994949	0.003647665	0.992005051	0.003647665	0.844677127	0.090526649
ALR	200	200	200_200	abundant	2	0.98746	0.002460475	0.178461606	0.177591319	0.078	0.079238803	0.101176206	0.095793593	0.003353535	0.002680678	0.996646465	0.002680678	0.721538394	0.293930124
ALR	500	200	500_200	abundant	2	0.98692	0.002619584	0.195710106	0.197703351	0.082	0.06835735	0.105847724	0.083816183	0.003939394	0.00278299	0.996060606	0.00278299	0.784289894	0.225781124
ALR	50	200	50_200	abundant	5	0.98707	0.002361326	0.304915122	0.123970195	0.1965	0.086531071	0.229754424	0.08704305	0.004944444	0.002473498	0.995055556	0.002473498	0.695084878	0.123970195
ALR	200	200	200_200	abundant	5	0.9891	0.001772403	0.433277098	0.251791147	0.1515	0.095730841	0.207257687	0.110021204	0.002439394	0.001986837	0.997560606	0.001986837	0.546722902	0.256301807
ALR	500	200	500_200	abundant	5	0.988955	0.002097491	0.428155792	0.250335049	0.1675	0.097797719	0.223260223	0.115612372	0.002747475	0.002294104	0.997252525	0.002294104	0.561844208	0.253017835
ALR	50	200	50_200	abundant	10	0.9892	0.002447427	0.469638393	0.163125027	0.2875	0.123577768	0.342603932	0.115344526	0.003712121	0.002389877	0.996287879	0.002389877	0.530361607	0.163125027
ALR	200	200	200_200	abundant	10	0.990655	0.001841847	0.640071186	0.207754333	0.268	0.116670996	0.354659509	0.122139498	0.002045455	0.00196115	0.997954545	0.00196115	0.359928814	0.207754333
ALR	500	200	500_200	abundant	10	0.99107	0.00143903	0.687527295	0.256345161	0.2285	0.106660748	0.328208931	0.130718578	0.001227273	0.001337693	0.998772727	0.001337693	0.292472705	0.24027472
ALR	50	1000	50_1000	abundant	1	0.87442	0.02998499	0.06618075	0.026258166	0.1076	0.046015369	0.07936005	0.029276467	0.085221053	0.032505689	0.914778947	0.032505689	0.93381925	0.026258166
ALR	200	1000	200_1000	abundant	1	0.905875	0.025438416	0.071885809	0.043235008	0.0751	0.054670639	0.06993614	0.043817521	0.0504	0.028355717	0.9496	0.028355717	0.928114191	0.043235008
ALR	500	1000	500_1000	abundant	1	0.921725	0.016843363	0.082923843	0.057398288	0.056	0.042163702	0.06393288	0.044706234	0.032710526	0.018683312	0.967289474	0.018683312	0.917076157	0.057398288
ALR	50	1000	50_1000	abundant	2	0.893725	0.034289497	0.139809437	0.055036116	0.1842	0.063008417	0.151016038	0.04176138	0.068931579	0.037739689	0.931068421	0.037739689	0.860190563	0.055036116
ALR	200	1000	200_1000	abundant	2	0.92694	0.012430266	0.184763613	0.062626366	0.1268	0.058842024	0.143487194	0.05027255	0.030947368	0.014947982	0.969052632	0.014947982	0.815236387	0.062626366
ALR	500	1000	500_1000	abundant	2	0.93476	0.010742505	0.220947292	0.088383693	0.1094	0.053292029	0.139318253	0.056367556	0.0218	0.012749577	0.9782	0.012749577	0.779052708	0.088383693
ALR	50	1000	50_1000	abundant	5	0.928375	0.024433312	0.346485661	0.105926856	0.339	0.08112218	0.327326372	0.062014579	0.040605263	0.027876061	0.959394737	0.027876061	0.653514339	0.105926856
ALR	200	1000	200_1000	abundant	5	0.94646	0.007535666	0.471501392	0.111433243	0.2616	0.080349238	0.323351507	0.066468407	0.017494737	0.010030625	0.982505263	0.010030625	0.528498608	0.111433243
ALR	500	1000	500_1000	abundant	5	0.94969	0.007541729	0.527757317	0.123051265	0.2565	0.078732061	0.332834282	0.073770385	0.013826316	0.009498419	0.986173684	0.009498419	0.472242683	0.123051265
ALR	50	1000	50_1000	abundant	10	0.949185	0.019799711	0.537539101	0.12360484	0.5011	0.079998674	0.505599203	0.074251244	0.027231579	0.022253826	0.972768421	0.022253826	0.462460899	0.12360484
ALR	200	1000	200_1000	abundant	10	0.96287	0.009269974	0.728172032	0.121966236	0.4648	0.084249269	0.555686003	0.069689424	0.010915789	0.010664069	0.989084211	0.010664069	0.271827968	0.121966236
ALR	500	1000	500_1000	abundant	10	0.963745	0.005374131	0.745583367	0.10320379	0.4463	0.086720904	0.548604901	0.067578731	0.009021053	0.00670309	0.990978947	0.00670309	0.254416633	0.10320379
wrench	50	1000	50_1000	abundant	1	0.857225	0.011035612	0.040886705	0.015790058	0.0844	0.037559918	0.054893594	0.02202169	0.1021	0.012555035	0.8979	0.012555035	0.959113295	0.015790058
wrench	200	1000	200_1000	abundant	1	0.924595	0.011847664	0.038425806	0.030334156	0.0234	0.022166496	0.027959091	0.024047223	0.027973684	0.013108867	0.972026316	0.013108867	0.961574194	0.030334156
wrench	500	1000	500_1000	abundant	1	0.930885	0.010693351	0.031227023	0.031919502	0.0144	0.015263345	0.018579917	0.018132613	0.020878947	0.011783523	0.979121053	0.011783523	0.968772977	0.031919502
wrench	50	1000	50_1000	abundant	2	0.87837	0.010932442	0.155918843	0.030344156	0.3297	0.094350036	0.210656989	0.0455867	0.092752632	0.01394004	0.907247368	0.01394004	0.844081157	0.030344156
wrench	200	1000	200_1000	abundant	2	0.940845	0.012454705	0.425249588	0.101296624	0.3852	0.104005439	0.392665628	0.073978752	0.029910526	0.015177592	0.970089474	0.015177592	0.574750412	0.101296624
wrench	500	1000	500_1000	abundant	2	0.94778	0.012473471	0.501943496	0.144700242	0.404	0.085575886	0.439535626	0.09098406	0.0236	0.012321354	0.9764	0.012321354	0.498056504	0.144700242
wrench	50	1000	50_1000	abundant	5	0.91744	0.016553751	0.355903196	0.039198053	0.7653	0.089323552	0.483362253	0.044669703	0.074552632	0.019205573	0.925447368	0.019205573	0.644096804	0.039198053
wrench	200	1000	200_1000	abundant	5	0.95153	0.062838691	0.608741393	0.180971149	0.9824	0.022024779	0.732702699	0.161244455	0.050094737	0.066457297	0.949905263	0.066457297	0.391258607	0.180971149
wrench	500	1000	500_1000	abundant	5	0.950175	0.051285809	0.581898692	0.176220067	0.998	0.00531816	0.717814566	0.157884578	0.052342105	0.054009572	0.947657895	0.054009572	0.418101308	0.176220067
wrench	50	1000	50_1000	abundant	10	0.93391	0.027006956	0.436149382	0.05261479	0.8987	0.043313632	0.584809325	0.05529506	0.064236842	0.028849952	0.935763158	0.028849952	0.563850618	0.05261479
wrench	200	1000	200_1000	abundant	10	0.94123	0.061393433	0.543226979	0.166342083	0.9959	0.00712018	0.686148245	0.158063487	0.061647368	0.064661599	0.938352632	0.064661599	0.456773021	0.166342083
wrench	500	1000	500_1000	abundant	10	0.932685	0.066265827	0.508612855	0.164892704	1	0	0.656998754	0.160979555	0.070857895	0.069753502	0.929142105	0.069753502	0.491387145	0.164892704
TMM	50	1000	50_1000	abundant	1	0.849335	0.015009434	0.043488685	0.014771024	0.0985	0.044389802	0.060005042	0.021979403	0.111147368	0.017230435	0.888852632	0.017230435	0.956511315	0.014771024
TMM	200	1000	200_1000	abundant	1	0.913265	0.018867488	0.043591866	0.030512263	0.0364	0.029966985	0.037496409	0.02729583	0.040584211	0.020749802	0.959415789	0.020749802	0.956408134	0.030512263
TMM	500	1000	500_1000	abundant	1	0.92378	0.01553122	0.028136605	0.027528806	0.0157	0.016772693	0.018653521	0.018155348	0.028426316	0.016836704	0.971573684	0.016836704	0.971863395	0.027528806
TMM	50	1000	50_1000	abundant	2	0.8762	0.011251263	0.145022761	0.023787187	0.3028	0.070697535	0.195253345	0.034586091	0.093621053	0.013493183	0.906378947	0.013493183	0.854977239	0.023787187
TMM	200	1000	200_1000	abundant	2	0.93505	0.012912194	0.31889029	0.123303326	0.1988	0.066731484	0.233825937	0.0662792	0.0262	0.014432488	0.9738	0.014432488	0.68110971	0.123303326
TMM	500	1000	500_1000	abundant	2	0.94576	0.008307378	0.438737664	0.182286368	0.1635	0.062237327	0.230731808	0.080149344	0.013068421	0.008216909	0.986931579	0.008216909	0.561262336	0.182286368
TMM	50	1000	50_1000	abundant	5	0.92034	0.008180378	0.348858234	0.029430655	0.6754	0.077282376	0.458645352	0.036028231	0.066768421	0.009906816	0.933231579	0.009906816	0.651141766	0.029430655
TMM	200	1000	200_1000	abundant	5	0.97702	0.005647883	0.777294601	0.077422282	0.7726	0.086323563	0.770219286	0.056191732	0.012221053	0.005604348	0.987778947	0.005604348	0.222705399	0.077422282
TMM	500	1000	500_1000	abundant	5	0.98846	0.004931183	0.921761189	0.06211297	0.8463	0.07814329	0.879202035	0.052165619	0.004057895	0.003890909	0.995942105	0.003890909	0.078238811	0.06211297
TMM	50	1000	50_1000	abundant	10	0.93997	0.0070635	0.449173175	0.034171989	0.8386	0.057787839	0.583566238	0.031619028	0.054694737	0.008395989	0.945305263	0.008395989	0.550826825	0.034171989
TMM	200	1000	200_1000	abundant	10	0.98951	0.00535836	0.867992758	0.070278677	0.9412	0.042050475	0.901146543	0.045015609	0.007947368	0.005237844	0.992052632	0.005237844	0.132007242	0.070278677
TMM	500	1000	500_1000	abundant	10	0.99725	0.002506053	0.968905125	0.039488734	0.9785	0.024052762	0.973019461	0.023023803	0.001763158	0.002544959	0.998236842	0.002544959	0.031094875	0.039488734
RLE	50	1000	50_1000	abundant	1	0.853995	0.022805224	0.047966956	0.018426148	0.1079	0.064091081	0.065567729	0.028253176	0.106736842	0.026656487	0.893263158	0.026656487	0.952033044	0.018426148
RLE	200	1000	200_1000	abundant	1	0.920485	0.028636564	0.061747118	0.039094915	0.0426	0.045363181	0.04462547	0.029726377	0.033310526	0.032255234	0.966689474	0.032255234	0.938252882	0.039094915
RLE	500	1000	500_1000	abundant	1	0.93637	0.009776187	0.053207378	0.051440875	0.0173	0.020093468	0.024229475	0.023853231	0.015257895	0.01092455	0.984742105	0.01092455	0.946792622	0.051440875
RLE	50	1000	50_1000	abundant	2	0.8764	0.018522577	0.133834421	0.026881238	0.2721	0.089682887	0.177609661	0.039740065	0.091794737	0.022717539	0.908205263	0.022717539	0.866165579	0.026881238
RLE	200	1000	200_1000	abundant	2	0.941805	0.009371646	0.366461586	0.123425022	0.1743	0.086646326	0.22275641	0.084829885	0.0178	0.011586769	0.9822	0.011586769	0.633538414	0.123425022
RLE	500	1000	500_1000	abundant	2	0.9514	0.005607084	0.579756954	0.186965889	0.1836	0.082932612	0.266538448	0.100544115	0.008189474	0.006161649	0.991810526	0.006161649	0.420243046	0.186965889
RLE	50	1000	50_1000	abundant	5	0.91504	0.015737217	0.321164583	0.04282151	0.6072	0.105218196	0.417152836	0.053346535	0.068757895	0.018491703	0.931242105	0.018491703	0.678835417	0.04282151
RLE	200	1000	200_1000	abundant	5	0.96919	0.027463454	0.762757636	0.122688771	0.6625	0.143888109	0.692160511	0.104818116	0.014668421	0.030049127	0.985331579	0.030049127	0.237242364	0.122688771
RLE	500	1000	500_1000	abundant	5	0.984005	0.008897706	0.896679261	0.11253341	0.7867	0.109443542	0.83109403	0.086586222	0.005610526	0.007417328	0.994389474	0.007417328	0.103320739	0.11253341
RLE	50	1000	50_1000	abundant	10	0.93705	0.007867431	0.430541174	0.037553003	0.7682	0.083742993	0.549681923	0.040230882	0.054063158	0.009627518	0.945936842	0.009627518	0.569458826	0.037553003
RLE	200	1000	200_1000	abundant	10	0.98497	0.012068161	0.861166593	0.097737556	0.8652	0.10655752	0.855228265	0.082814286	0.008726316	0.012577676	0.991273684	0.012577676	0.138833407	0.097737556
RLE	500	1000	500_1000	abundant	10	0.995325	0.004547935	0.963627629	0.058927758	0.9472	0.051169751	0.953534711	0.041639244	0.002142105	0.004221315	0.997857895	0.004221315	0.036372371	0.058927758
GMPR	50	1000	50_1000	abundant	1	0.8504	0.017091849	0.04464154	0.016458567	0.101	0.049756985	0.061485703	0.024439497	0.110157895	0.019668266	0.889842105	0.019668266	0.95535846	0.016458567
GMPR	200	1000	200_1000	abundant	1	0.91478	0.019448108	0.041416588	0.026826745	0.0337	0.02928974	0.03477976	0.024406488	0.038847368	0.021530943	0.961152632	0.021530943	0.958583412	0.026826745
GMPR	500	1000	500_1000	abundant	1	0.92839	0.011987911	0.023056567	0.03011049	0.0109	0.014913556	0.01367926	0.017082691	0.023321053	0.013028646	0.976678947	0.013028646	0.976943433	0.03011049
GMPR	50	1000	50_1000	abundant	2	0.87511	0.013607889	0.144219127	0.026302168	0.3068	0.086723524	0.194894706	0.039153509	0.094978947	0.017102489	0.905021053	0.017102489	0.855780873	0.026302168
GMPR	200	1000	200_1000	abundant	2	0.93563	0.01244962	0.321536584	0.115096244	0.2011	0.07991024	0.235034833	0.071139745	0.025710526	0.014505933	0.974289474	0.014505933	0.678463416	0.115096244
GMPR	500	1000	500_1000	abundant	2	0.94718	0.007047286	0.459741007	0.165744677	0.1599	0.067081964	0.228952971	0.07906198	0.011384211	0.007584976	0.988615789	0.007584976	0.540258993	0.165744677
GMPR	50	1000	50_1000	abundant	5	0.91918	0.010574058	0.348192538	0.031240787	0.6918	0.086927114	0.461236183	0.037908005	0.068852632	0.013017191	0.931147368	0.013017191	0.651807462	0.031240787
GMPR	200	1000	200_1000	abundant	5	0.97618	0.009164468	0.766526322	0.097633706	0.7801	0.095541995	0.767487991	0.075527616	0.0135	0.009127521	0.9865	0.009127521	0.233473678	0.097633706
GMPR	500	1000	500_1000	abundant	5	0.988875	0.004745745	0.92390645	0.05888595	0.8518	0.074010373	0.883754548	0.050186239	0.003910526	0.003501791	0.996089474	0.003501791	0.07609355	0.05888595
GMPR	50	1000	50_1000	abundant	10	0.939465	0.007369489	0.447004528	0.033885151	0.8356	0.056912479	0.580799697	0.029581741	0.055068421	0.009078735	0.944931579	0.009078735	0.552995472	0.033885151
GMPR	200	1000	200_1000	abundant	10	0.989235	0.004616317	0.860362987	0.065902809	0.9459	0.03882348	0.899079537	0.038432235	0.008484211	0.004957233	0.991515789	0.004957233	0.139637013	0.065902809
GMPR	500	1000	500_1000	abundant	10	0.997585	0.002563393	0.969891521	0.03795121	0.984	0.023570226	0.976355514	0.023829875	0.0017	0.002392494	0.9983	0.002392494	0.030108479	0.03795121
CLR	50	1000	50_1000	abundant	1	0.722265	0.071718003	0.122059345	0.014088063	0.7311	0.232108887	0.204876186	0.024269313	0.2782	0.087052688	0.7218	0.087052688	0.877940655	0.014088063
CLR	200	1000	200_1000	abundant	1	0.933505	0.008096793	0.014982235	0.02741608	0.0059	0.010453843	0.008174984	0.014306935	0.017673684	0.008692199	0.982326316	0.008692199	0.985017765	0.02741608
CLR	500	1000	500_1000	abundant	1	0.94487	0.00338268	0.004957824	0.021253043	7.00E-04	0.002931887	0.001204963	0.005004915	0.005436842	0.003583772	0.994563158	0.003583772	0.985042176	0.101742488
CLR	50	1000	50_1000	abundant	2	0.728605	0.063589049	0.147874824	0.023737778	0.885	0.139127875	0.250132694	0.027554434	0.279626316	0.073151767	0.720373684	0.073151767	0.852125176	0.023737778
CLR	200	1000	200_1000	abundant	2	0.94199	0.005014111	0.095038846	0.116348394	0.0144	0.01373045	0.023857817	0.022316513	0.009189474	0.005340956	0.990810526	0.005340956	0.884961154	0.171741012
CLR	500	1000	500_1000	abundant	2	0.94852	0.001729016	0.092734127	0.203626805	0.0038	0.007625052	0.007204017	0.014422381	0.001757895	0.001795717	0.998242105	0.001795717	0.737265873	0.390052617
CLR	50	1000	50_1000	abundant	5	0.783277778	0.078669524	0.202104492	0.07833481	0.925757576	0.094048304	0.320620563	0.080629342	0.224221159	0.086702944	0.775778841	0.086702944	0.797895508	0.07833481
CLR	200	1000	200_1000	abundant	5	0.95259	0.003926972	0.653281101	0.211477196	0.1131	0.072928566	0.185506453	0.103967752	0.003226316	0.002702039	0.996773684	0.002702039	0.346718899	0.211477196
CLR	500	1000	500_1000	abundant	5	0.9508	0.000992395	0.678797619	0.373499699	0.0236	0.021391965	0.044809211	0.039072552	4.00E-04	0.000599019	0.9996	0.000599019	0.191202381	0.274725987
CLR	50	1000	50_1000	abundant	10	0.84191	0.072302513	0.280832786	0.144808056	0.9428	0.062637001	0.41091664	0.129702731	0.1634	0.078716779	0.8366	0.078716779	0.719167214	0.144808056
CLR	200	1000	200_1000	abundant	10	0.96833	0.006048716	0.943287729	0.060262379	0.3901	0.118896398	0.542129329	0.11985125	0.001236842	0.001374043	0.998763158	0.001374043	0.056712271	0.060262379
CLR	500	1000	500_1000	abundant	10	0.964505	0.005697552	0.992208615	0.018363288	0.2921	0.113842839	0.439681422	0.135898196	0.000105263	0.000224422	0.999894737	0.000224422	0.007791385	0.018363288
TSS	50	200	50_200	abundant	1	0.80645	0.02839383	0.039797969	0.047308986	0.0405	0.048562674	0.039084281	0.045673299	0.108444444	0.031816204	0.891555556	0.031816204	0.960202031	0.047308986
TSS	200	200	200_200	abundant	1	0.87825	0.016397447	0.008686869	0.054201434	0.002	0.009847319	0.003013138	0.014972128	0.024388889	0.018296566	0.975611111	0.018296566	0.911313131	0.27545833
TSS	500	200	500_200	abundant	1	0.88965	0.010807195	0.005	0.035176324	0.001	0.007035265	0.001666667	0.011725441	0.011611111	0.012029783	0.988388889	0.012029783	0.715	0.449494666
TSS	50	200	50_200	abundant	2	0.8646	0.026464003	0.33681646	0.110886749	0.332	0.107195658	0.329059632	0.099210227	0.076222222	0.02647424	0.923777778	0.02647424	0.66318354	0.110886749
TSS	200	200	200_200	abundant	2	0.91345	0.014952703	0.666510766	0.188911138	0.2895	0.131865979	0.387682218	0.142181505	0.017222222	0.01284215	0.982777778	0.01284215	0.333489234	0.188911138
TSS	500	200	500_200	abundant	2	0.9216	0.014175666	0.814155372	0.207163009	0.2735	0.126422212	0.397565745	0.155220052	0.006388889	0.00662421	0.993611111	0.00662421	0.175844628	0.190968398
TSS	50	200	50_200	abundant	5	0.95005	0.022230371	0.721511548	0.105765248	0.8655	0.076440708	0.780888546	0.074053997	0.040555556	0.024763503	0.959444444	0.024763503	0.278488452	0.105765248
TSS	200	200	200_200	abundant	5	0.9764	0.019254804	0.870505331	0.125949081	0.93	0.066666667	0.89264875	0.076875599	0.018444444	0.021068242	0.981555556	0.021068242	0.129494669	0.125949081
TSS	500	200	500_200	abundant	5	0.977	0.021742292	0.862791285	0.139635916	0.955	0.05198096	0.899825618	0.086760914	0.020555556	0.023457528	0.979444444	0.023457528	0.137208715	0.139635916
TSS	50	200	50_200	abundant	10	0.9712	0.026074098	0.817547175	0.119450813	0.9635	0.041350314	0.878567048	0.078677379	0.027944444	0.029380847	0.972055556	0.029380847	0.182452825	0.119450813
TSS	200	200	200_200	abundant	10	0.99365	0.011760553	0.953737853	0.082059391	0.9945	0.017254775	0.971654478	0.048759596	0.006444444	0.012895931	0.993555556	0.012895931	0.046262147	0.082059391
TSS	500	200	500_200	abundant	10	0.9947	0.012964988	0.961871184	0.086474635	0.998	0.009847319	0.977320432	0.051555268	0.005666667	0.014409004	0.994333333	0.014409004	0.038128816	0.086474635
TSS	50	500	50_500	abundant	1	0.7808	0.030724583	0.039603381	0.025212183	0.0532	0.037305184	0.04467939	0.028726147	0.138355556	0.035844254	0.861644444	0.035844254	0.960396619	0.025212183
TSS	200	500	200_500	abundant	1	0.87314	0.015306313	0.035291852	0.065152578	0.0096	0.014901698	0.014465974	0.022538057	0.030911111	0.017152573	0.969088889	0.017152573	0.964708148	0.065152578
TSS	500	500	500_500	abundant	1	0.88872	0.010124558	0.015098596	0.042624786	0.003	0.008226589	0.00487491	0.01325657	0.012866667	0.011528826	0.987133333	0.011528826	0.904901404	0.271514511
TSS	50	500	50_500	abundant	2	0.8507	0.022774033	0.309678158	0.066581972	0.3836	0.081470327	0.33957919	0.065860588	0.0974	0.025189255	0.9026	0.025189255	0.690321842	0.066581972
TSS	200	500	200_500	abundant	2	0.9131	0.011920189	0.653402255	0.133494701	0.2986	0.082694766	0.403379878	0.092731	0.018622222	0.010296902	0.981377778	0.010296902	0.346597745	0.133494701
TSS	500	500	500_500	abundant	2	0.91826	0.009112784	0.812881589	0.134659397	0.237	0.077139517	0.36182064	0.100008791	0.006044444	0.004567106	0.993955556	0.004567106	0.187118411	0.134659397
TSS	50	500	50_500	abundant	5	0.93426	0.02058077	0.639543539	0.086987559	0.841	0.060661338	0.722834367	0.065186477	0.055377778	0.021877643	0.944622222	0.021877643	0.360456461	0.086987559
TSS	200	500	200_500	abundant	5	0.98404	0.009123086	0.925839072	0.065410788	0.9198	0.046839075	0.920971201	0.041880084	0.008822222	0.009118554	0.991177778	0.009118554	0.074160928	0.065410788
TSS	500	500	500_500	abundant	5	0.99158	0.006752747	0.969257369	0.044217205	0.948	0.037605072	0.957710863	0.032057692	0.003577778	0.005797385	0.996422222	0.005797385	0.030742631	0.044217205
TSS	50	500	50_500	abundant	10	0.96416	0.011251684	0.765503457	0.06645364	0.939	0.040539294	0.84137034	0.04344782	0.033044444	0.012585282	0.966955556	0.012585282	0.234496543	0.06645364
TSS	200	500	200_500	abundant	10	0.99554	0.005324652	0.97274987	0.039493955	0.985	0.021532217	0.978268649	0.024032889	0.003288889	0.005502372	0.996711111	0.005502372	0.02725013	0.039493955
TSS	500	500	500_500	abundant	10	0.99758	0.006970617	0.983393474	0.046485271	0.9956	0.011574964	0.988846233	0.028691097	0.0022	0.007397266	0.9978	0.007397266	0.016606526	0.046485271
TSS	50	1000	50_1000	abundant	1	0.68205	0.02670466	0.043051464	0.013253918	0.1045	0.040110328	0.060764912	0.019779623	0.253777778	0.032085122	0.746222222	0.032085122	0.956948536	0.013253918
TSS	200	1000	200_1000	abundant	1	0.79982	0.039233149	0.039135894	0.021460943	0.0429	0.026677839	0.039554465	0.021712109	0.116077778	0.045181723	0.883922222	0.045181723	0.960864106	0.021460943
TSS	500	1000	500_1000	abundant	1	0.83529	0.03467258	0.016441621	0.019412246	0.0134	0.01658891	0.014137043	0.016615924	0.073388889	0.039537914	0.926611111	0.039537914	0.983558379	0.019412246
TSS	50	1000	50_1000	abundant	2	0.74345	0.02322067	0.148175779	0.022690299	0.33	0.066938838	0.203808785	0.03236812	0.210611111	0.028812978	0.789388889	0.028812978	0.851824221	0.022690299
TSS	200	1000	200_1000	abundant	2	0.86032	0.023224804	0.279863654	0.095230987	0.2211	0.069119937	0.239791831	0.065600646	0.068655556	0.027001866	0.931344444	0.027001866	0.720136346	0.095230987
TSS	500	1000	500_1000	abundant	2	0.89253	0.014822488	0.447445193	0.162875704	0.1638	0.054841922	0.232538895	0.069622654	0.0265	0.015921912	0.9735	0.015921912	0.552554807	0.162875704
TSS	50	1000	50_1000	abundant	5	0.83463	0.019806975	0.34785804	0.0331095	0.732	0.072292895	0.470239267	0.037753714	0.153966667	0.023889348	0.846033333	0.023889348	0.65214196	0.0331095
TSS	200	1000	200_1000	abundant	5	0.95415	0.015252339	0.755804688	0.084081526	0.8254	0.06837833	0.78472857	0.054654448	0.031544444	0.016898053	0.968455556	0.016898053	0.244195312	0.084081526
TSS	500	1000	500_1000	abundant	5	0.97962	0.007214996	0.923991468	0.04603554	0.8705	0.062237327	0.894596793	0.038888723	0.008255556	0.005534765	0.991744444	0.005534765	0.076008532	0.04603554
TSS	50	1000	50_1000	abundant	10	0.88105	0.014354371	0.453248517	0.032905095	0.8643	0.05152728	0.593322033	0.029319443	0.117088889	0.018101555	0.882911111	0.018101555	0.546751483	0.032905095
TSS	200	1000	200_1000	abundant	10	0.98106	0.007353718	0.872172429	0.054691101	0.9552	0.031924153	0.910563142	0.03236385	0.016066667	0.007950495	0.983933333	0.007950495	0.127827571	0.054691101
TSS	500	1000	500_1000	abundant	10	0.99585	0.005197853	0.972675818	0.038176948	0.9881	0.01375801	0.979895645	0.022846713	0.003288889	0.005461425	0.996711111	0.005461425	0.027324182	0.038176948
