name	Sample	OTU	effect	mean_TPR	mean_FPR
ALR	200	1000	1	0.0751	0.0504
ALR	200	1000	2	0.1268	0.030947368
ALR	200	1000	5	0.2616	0.017494737
ALR	200	1000	10	0.4648	0.010915789
wrench	200	1000	1	0.0234	0.027973684
wrench	200	1000	2	0.3852	0.029910526
wrench	200	1000	5	0.9824	0.050094737
wrench	200	1000	10	0.9959	0.061647368
TMM	200	1000	1	0.0364	0.040584211
TMM	200	1000	2	0.1988	0.0262
TMM	200	1000	5	0.7726	0.012221053
TMM	200	1000	10	0.9412	0.007947368
RLE	200	1000	1	0.0426	0.033310526
RLE	200	1000	2	0.1743	0.0178
RLE	200	1000	5	0.6625	0.014668421
RLE	200	1000	10	0.8652	0.008726316
GMPR	200	1000	1	0.0337	0.038847368
GMPR	200	1000	2	0.2011	0.025710526
GMPR	200	1000	5	0.7801	0.0135
GMPR	200	1000	10	0.9459	0.008484211
CLR	200	1000	1	0.0059	0.017673684
CLR	200	1000	2	0.0144	0.009189474
CLR	200	1000	5	0.1131	0.003226316
CLR	200	1000	10	0.3901	0.001236842
TSS	200	1000	1	0.0429	0.116077778
TSS	200	1000	2	0.2211	0.068655556
TSS	200	1000	5	0.8254	0.031544444
TSS	200	1000	10	0.9552	0.016066667
wrench	200	200	1	0.007	0.001641414
wrench	200	200	2	0.4615	0.002449495
wrench	200	200	5	0.987	0.005520202
wrench	200	200	10	1	0.003323232
TMM	200	200	1	0.01	0.001873737
TMM	200	200	2	0.269	0.002030303
TMM	200	200	5	0.9095	0.00119697
TMM	200	200	10	0.9865	0.001126263
RLE	200	200	1	0.008	0.002474747
RLE	200	200	2	0.2775	0.00270202
RLE	200	200	5	0.8845	0.002176768
RLE	200	200	10	0.9755	0.002207071
GMPR	200	200	1	0.0095	0.001227273
GMPR	200	200	2	0.3235	0.000944444
GMPR	200	200	5	0.902	0.001070707
GMPR	200	200	10	0.985	0.000570707
CLR	200	200	1	0	2.53E-05
CLR	200	200	2	0	5.05E-06
CLR	200	200	5	0.006	0
CLR	200	200	10	0.0725	0
ALR	200	200	1	0.063	0.006267677
ALR	200	200	2	0.078	0.003353535
ALR	200	200	5	0.1515	0.002439394
ALR	200	200	10	0.268	0.002045455
TSS	200	200	1	0.002	0.024388889
TSS	200	200	2	0.2895	0.017222222
TSS	200	200	5	0.93	0.018444444
TSS	200	200	10	0.9945	0.006444444
wrench	200	500	1	0.0132	0.004533333
wrench	200	500	2	0.4816	0.0046
wrench	200	500	5	0.9916	0.006897436
wrench	200	500	10	0.999	0.006635897
TMM	200	500	1	0.0158	0.007010256
TMM	200	500	2	0.252	0.003020513
TMM	200	500	5	0.8962	0.003015385
TMM	200	500	10	0.9808	0.001061538
RLE	200	500	1	0.015	0.007138462
RLE	200	500	2	0.2332	0.004071795
RLE	200	500	5	0.8482	0.005753846
RLE	200	500	10	0.9614	0.001153846
GMPR	200	500	1	0.0128	0.006748718
GMPR	200	500	2	0.2606	0.003030769
GMPR	200	500	5	0.9084	0.002928205
GMPR	200	500	10	0.9852	0.001164103
CLR	200	500	1	6.00E-04	0.000430769
CLR	200	500	2	0.0012	0.000107692
CLR	200	500	5	0.032	2.05E-05
CLR	200	500	10	0.2276	0
ALR	200	500	1	0.0598	0.014030769
ALR	200	500	2	0.0816	0.009794872
ALR	200	500	5	0.2262	0.006374359
ALR	200	500	10	0.359	0.00394359
TSS	200	500	1	0.0096	0.030911111
TSS	200	500	2	0.2986	0.018622222
TSS	200	500	5	0.9198	0.008822222
TSS	200	500	10	0.985	0.003288889
ALR	50	1000	1	0.1076	0.085221053
ALR	50	1000	2	0.1842	0.068931579
ALR	50	1000	5	0.339	0.040605263
ALR	50	1000	10	0.5011	0.027231579
wrench	50	1000	1	0.0844	0.1021
wrench	50	1000	2	0.3297	0.092752632
wrench	50	1000	5	0.7653	0.074552632
wrench	50	1000	10	0.8987	0.064236842
TMM	50	1000	1	0.0985	0.111147368
TMM	50	1000	2	0.3028	0.093621053
TMM	50	1000	5	0.6754	0.066768421
TMM	50	1000	10	0.8386	0.054694737
RLE	50	1000	1	0.1079	0.106736842
RLE	50	1000	2	0.2721	0.091794737
RLE	50	1000	5	0.6072	0.068757895
RLE	50	1000	10	0.7682	0.054063158
GMPR	50	1000	1	0.101	0.110157895
GMPR	50	1000	2	0.3068	0.094978947
GMPR	50	1000	5	0.6918	0.068852632
GMPR	50	1000	10	0.8356	0.055068421
CLR	50	1000	1	0.7311	0.2782
CLR	50	1000	2	0.885	0.279626316
CLR	50	1000	5	0.925757576	0.224221159
CLR	50	1000	10	0.9428	0.1634
TSS	50	1000	1	0.1045	0.253777778
TSS	50	1000	2	0.33	0.210611111
TSS	50	1000	5	0.732	0.153966667
TSS	50	1000	10	0.8643	0.117088889
wrench	50	200	1	0.05	0.008333333
wrench	50	200	2	0.4285	0.008116162
wrench	50	200	5	0.916	0.008959596
wrench	50	200	10	0.9845	0.005893939
TMM	50	200	1	0.0505	0.011005051
TMM	50	200	2	0.333	0.007484848
TMM	50	200	5	0.837	0.004590909
TMM	50	200	10	0.9365	0.002449495
RLE	50	200	1	0.062	0.012020202
RLE	50	200	2	0.2805	0.008075758
RLE	50	200	5	0.7725	0.00559596
RLE	50	200	10	0.905	0.002934343
GMPR	50	200	1	0.048	0.009247475
GMPR	50	200	2	0.337	0.005186869
GMPR	50	200	5	0.8315	0.003792929
GMPR	50	200	10	0.9435	0.002010101
CLR	50	200	1	0.5685	0.048494949
CLR	50	200	2	0.6515	0.040393939
CLR	50	200	5	0.7445	0.028126263
CLR	50	200	10	0.817	0.018545455
ALR	50	200	1	0.1	0.010146465
ALR	50	200	2	0.1385	0.007994949
ALR	50	200	5	0.1965	0.004944444
ALR	50	200	10	0.2875	0.003712121
TSS	50	200	1	0.0405	0.108444444
TSS	50	200	2	0.332	0.076222222
TSS	50	200	5	0.8655	0.040555556
TSS	50	200	10	0.9635	0.027944444
wrench	50	500	1	0.0564	0.023512821
wrench	50	500	2	0.423	0.022092308
wrench	50	500	5	0.9198	0.023194872
wrench	50	500	10	0.9732	0.019446154
TMM	50	500	1	0.0682	0.030225641
TMM	50	500	2	0.3322	0.02074359
TMM	50	500	5	0.8042	0.012353846
TMM	50	500	10	0.9252	0.006984615
RLE	50	500	1	0.078	0.033871795
RLE	50	500	2	0.2982	0.022010256
RLE	50	500	5	0.7472	0.01325641
RLE	50	500	10	0.8862	0.008461538
GMPR	50	500	1	0.0704	0.03214359
GMPR	50	500	2	0.359	0.021235897
GMPR	50	500	5	0.8218	0.012625641
GMPR	50	500	10	0.9262	0.007328205
CLR	50	500	1	0.606	0.123117949
CLR	50	500	2	0.7296	0.108333333
CLR	50	500	5	0.8336	0.074194872
CLR	50	500	10	0.8936	0.055989744
ALR	50	500	1	0.0928	0.026948718
ALR	50	500	2	0.161	0.020958974
ALR	50	500	5	0.2734	0.012928205
ALR	50	500	10	0.4194	0.010533333
TSS	50	500	1	0.0532	0.138355556
TSS	50	500	2	0.3836	0.0974
TSS	50	500	5	0.841	0.055377778
TSS	50	500	10	0.939	0.033044444
ALR	500	1000	1	0.056	0.032710526
ALR	500	1000	2	0.1094	0.0218
ALR	500	1000	5	0.2565	0.013826316
ALR	500	1000	10	0.4463	0.009021053
wrench	500	1000	1	0.0144	0.020878947
wrench	500	1000	2	0.404	0.0236
wrench	500	1000	5	0.998	0.052342105
wrench	500	1000	10	1	0.070857895
TMM	500	1000	1	0.0157	0.028426316
TMM	500	1000	2	0.1635	0.013068421
TMM	500	1000	5	0.8463	0.004057895
TMM	500	1000	10	0.9785	0.001763158
RLE	500	1000	1	0.0173	0.015257895
RLE	500	1000	2	0.1836	0.008189474
RLE	500	1000	5	0.7867	0.005610526
RLE	500	1000	10	0.9472	0.002142105
GMPR	500	1000	1	0.0109	0.023321053
GMPR	500	1000	2	0.1599	0.011384211
GMPR	500	1000	5	0.8518	0.003910526
GMPR	500	1000	10	0.984	0.0017
CLR	500	1000	1	7.00E-04	0.005436842
CLR	500	1000	2	0.0038	0.001757895
CLR	500	1000	5	0.0236	4.00E-04
CLR	500	1000	10	0.2921	0.000105263
TSS	500	1000	1	0.0134	0.073388889
TSS	500	1000	2	0.1638	0.0265
TSS	500	1000	5	0.8705	0.008255556
TSS	500	1000	10	0.9881	0.003288889
wrench	500	200	1	0.004	0.000792929
wrench	500	200	2	0.4135	0.001368687
wrench	500	200	5	0.9975	0.004954545
wrench	500	200	10	1	0.005585859
TMM	500	200	1	0.0015	0.001070707
TMM	500	200	2	0.23	0.000929293
TMM	500	200	5	0.9545	0.001666667
TMM	500	200	10	0.996	0.000893939
RLE	500	200	1	0.001	0.000883838
RLE	500	200	2	0.2215	0.001055556
RLE	500	200	5	0.941	0.00219697
RLE	500	200	10	0.986	0.001575758
GMPR	500	200	1	0.002	0.000792929
GMPR	500	200	2	0.305	0.000454545
GMPR	500	200	5	0.94	0.001030303
GMPR	500	200	10	0.993	0.000626263
CLR	500	200	1	0	0
CLR	500	200	2	0	0
CLR	500	200	5	5.00E-04	0
CLR	500	200	10	0.038	0
ALR	500	200	1	0.0645	0.005262626
ALR	500	200	2	0.082	0.003939394
ALR	500	200	5	0.1675	0.002747475
ALR	500	200	10	0.2285	0.001227273
TSS	500	200	1	0.001	0.011611111
TSS	500	200	2	0.2735	0.006388889
TSS	500	200	5	0.955	0.020555556
TSS	500	200	10	0.998	0.005666667
wrench	500	500	1	0.0046	0.001728205
wrench	500	500	2	0.5038	0.002420513
wrench	500	500	5	0.9982	0.006779487
wrench	500	500	10	1	0.005446154
TMM	500	500	1	0.0038	0.00234359
TMM	500	500	2	0.2372	0.001251282
TMM	500	500	5	0.9382	0.001041026
TMM	500	500	10	0.9936	0.000538462
RLE	500	500	1	0.0038	0.002748718
RLE	500	500	2	0.2716	0.003748718
RLE	500	500	5	0.9232	0.001723077
RLE	500	500	10	0.986326531	0.001831502
GMPR	500	500	1	0.0024	0.001841026
GMPR	500	500	2	0.237	0.001241026
GMPR	500	500	5	0.9442	0.001287179
GMPR	500	500	10	0.995	0.000523077
CLR	500	500	1	0	5.13E-06
CLR	500	500	2	0	1.03E-05
CLR	500	500	5	0.012	0
CLR	500	500	10	0.1896	0
ALR	500	500	1	0.0516	0.012574359
ALR	500	500	2	0.0982	0.009148718
ALR	500	500	5	0.2016	0.005523077
ALR	500	500	10	0.3514	0.003025641
TSS	500	500	1	0.003	0.012866667
TSS	500	500	2	0.237	0.006044444
TSS	500	500	5	0.948	0.003577778
TSS	500	500	10	0.9956	0.0022
