name	Sample	OTU	type	effect	mean_Accuracy	sd_Accuracy	mean_Precision	sd_Precision	mean_TPR	sd_TPR	mean_F1_score	sd_F1_score	mean_FPR	sd_FPR	mean_Specificity	sd_Specificity	mean_FDR	sd_FDR
AAnew_TSS	500	100	abundant	1	0.8948	0.007847022	0	0	0	0	0	0	0.005777778	0.008718914	0.994222222	0.008718914	0.38	0.487831731
AAnew_TSS	500	100	abundant	2	0.9258	0.021657574	0.795607143	0.252679443	0.339	0.187968942	0.454202583	0.201535377	0.009	0.011132975	0.991	0.011132975	0.184392857	0.226934214
AAnew_TSS	500	100	abundant	5	0.9743	0.034648451	0.850362326	0.184765732	0.986	0.037658755	0.901988496	0.122679523	0.027	0.037414074	0.973	0.037414074	0.149637674	0.184765732
AAnew_TSS	500	100	abundant	10	0.9882	0.024345161	0.924445303	0.14043008	1	0	0.954345162	0.088664208	0.013111111	0.027050179	0.986888889	0.027050179	0.075554697	0.14043008
AAnew_TSS	500	200	abundant	1	0.88965	0.010807195	0.005	0.035176324	0.001	0.007035265	0.001666667	0.011725441	0.011611111	0.012029783	0.988388889	0.012029783	0.715	0.449494666
AAnew_TSS	500	200	abundant	2	0.9216	0.014175666	0.814155372	0.207163009	0.2735	0.126422212	0.397565745	0.155220052	0.006388889	0.00662421	0.993611111	0.00662421	0.175844628	0.190968398
AAnew_TSS	500	200	abundant	5	0.977	0.021742292	0.862791285	0.139635916	0.955	0.05198096	0.899825618	0.086760914	0.020555556	0.023457528	0.979444444	0.023457528	0.137208715	0.139635916
AAnew_TSS	500	200	abundant	10	0.9947	0.012964988	0.961871184	0.086474635	0.998	0.009847319	0.977320432	0.051555268	0.005666667	0.014409004	0.994333333	0.014409004	0.038128816	0.086474635
AAnew_TSS	500	300	abundant	1	0.885033333	0.010715115	0.041428571	0.093862216	0.009333333	0.017777778	0.01476946	0.028461399	0.017666667	0.012411218	0.982333333	0.012411218	0.848571429	0.313835395
AAnew_TSS	500	300	abundant	2	0.9171	0.010190718	0.82403194	0.161621996	0.213333333	0.095698742	0.330289591	0.128662315	0.004703704	0.003969337	0.995296296	0.003969337	0.16596806	0.139551279
AAnew_TSS	500	300	abundant	5	0.984266667	0.01577109	0.924521462	0.106271913	0.933666667	0.055554545	0.925450747	0.068294856	0.010111111	0.015516983	0.989888889	0.015516983	0.075478538	0.106271913
AAnew_TSS	500	300	abundant	10	0.996	0.012633129	0.975506357	0.079967877	0.995	0.013710982	0.983195643	0.049145847	0.003888889	0.013921585	0.996111111	0.013921585	0.024493643	0.079967877
AAnew_TSS	500	400	abundant	1	0.88745	0.010498797	0.034076479	0.123019747	0.00475	0.013621414	0.008041292	0.023039355	0.014472222	0.011633986	0.985527778	0.011633986	0.885923521	0.289775746
AAnew_TSS	500	400	abundant	2	0.91705	0.010002399	0.798348657	0.145851663	0.22925	0.087476909	0.349153365	0.110487931	0.006527778	0.005198621	0.993472222	0.005198621	0.201651343	0.145851663
AAnew_TSS	500	400	abundant	5	0.98915	0.010596002	0.952847438	0.075513761	0.94675	0.04531804	0.947346249	0.046055717	0.006138889	0.011314738	0.993861111	0.011314738	0.047152562	0.075513761
AAnew_TSS	500	400	abundant	10	0.997525	0.005822447	0.982251598	0.046294679	0.996	0.011078234	0.988429426	0.025832797	0.002305556	0.006464082	0.997694444	0.006464082	0.017748402	0.046294679
AAnew_TSS	500	500	abundant	1	0.88872	0.010124558	0.015098596	0.042624786	0.003	0.008226589	0.00487491	0.01325657	0.012866667	0.011528826	0.987133333	0.011528826	0.904901404	0.271514511
AAnew_TSS	500	500	abundant	2	0.91826	0.009112784	0.812881589	0.134659397	0.237	0.077139517	0.36182064	0.100008791	0.006044444	0.004567106	0.993955556	0.004567106	0.187118411	0.134659397
AAnew_TSS	500	500	abundant	5	0.99158	0.006752747	0.969257369	0.044217205	0.948	0.037605072	0.957710863	0.032057692	0.003577778	0.005797385	0.996422222	0.005797385	0.030742631	0.044217205
AAnew_TSS	500	500	abundant	10	0.99758	0.006970617	0.983393474	0.046485271	0.9956	0.011574964	0.988846233	0.028691097	0.0022	0.007397266	0.9978	0.007397266	0.016606526	0.046485271
AAnew_TSS	500	800	abundant	1	0.826475	0.028144637	0.022886903	0.021181118	0.018875	0.01699441	0.02009285	0.01769969	0.083791667	0.03209266	0.916208333	0.03209266	0.977113097	0.021181118
AAnew_TSS	500	800	abundant	2	0.8912875	0.01346579	0.428977031	0.151522305	0.172625	0.071679329	0.236199398	0.08043117	0.028861111	0.016273395	0.971138889	0.016273395	0.571022969	0.151522305
AAnew_TSS	500	800	abundant	5	0.9799625	0.00963254	0.92653883	0.054826162	0.871875	0.076487253	0.89600006	0.05179394	0.008027778	0.006794337	0.991972222	0.006794337	0.07346117	0.054826162
AAnew_TSS	500	800	abundant	10	0.99565	0.003501803	0.973288474	0.02757631	0.984375	0.018064052	0.978514799	0.016865781	0.003097222	0.003384009	0.996902778	0.003384009	0.026711526	0.02757631
AAnew_TSS	500	1000	abundant	1	0.83529	0.03467258	0.016441621	0.019412246	0.0134	0.01658891	0.014137043	0.016615924	0.073388889	0.039537914	0.926611111	0.039537914	0.983558379	0.019412246
AAnew_TSS	500	1000	abundant	2	0.89253	0.014822488	0.447445193	0.162875704	0.1638	0.054841922	0.232538895	0.069622654	0.0265	0.015921912	0.9735	0.015921912	0.552554807	0.162875704
AAnew_TSS	500	1000	abundant	5	0.97962	0.007214996	0.923991468	0.04603554	0.8705	0.062237327	0.894596793	0.038888723	0.008255556	0.005534765	0.991744444	0.005534765	0.076008532	0.04603554
AAnew_TSS	500	1000	abundant	10	0.99585	0.005197853	0.972675818	0.038176948	0.9881	0.01375801	0.979895645	0.022846713	0.003288889	0.005461425	0.996711111	0.005461425	0.027324182	0.038176948
AAnew_TSS	500	2000	abundant	1	0.78561	0.040900136	0.022685945	0.013376886	0.0299	0.022529218	0.025029461	0.016514345	0.130422222	0.047164593	0.869577778	0.047164593	0.977314055	0.013376886
AAnew_TSS	500	2000	abundant	2	0.866075	0.020906523	0.273655399	0.086373775	0.16925	0.047452129	0.200141779	0.041067661	0.0565	0.026119587	0.9435	0.026119587	0.726344601	0.086373775
AAnew_TSS	500	2000	abundant	5	0.96587	0.011927944	0.828992409	0.077179697	0.84215	0.073667472	0.831998402	0.055050115	0.020383333	0.012023871	0.979616667	0.012023871	0.171007591	0.077179697
AAnew_TSS	500	2000	abundant	10	0.98797	0.006206798	0.911665542	0.048421078	0.97755	0.02008184	0.942683935	0.027943497	0.010872222	0.006617974	0.989127778	0.006617974	0.088334458	0.048421078
ALDEx2_wi	500	100	abundant	1	0.989	0.000109614	0	0	0	0	0	0	1.11E-05	0.000110832	0.999988889	0.000110832	0.01	0.099748427
ALDEx2_wi	500	100	abundant	10	0.954131868	0.004789669	0.190505325	0.018632709	0.9665	0.054244468	0.317979601	0.027686878	0.046005556	0.004761314	0.953994444	0.004761314	0.809494675	0.018632709
ALDEx2_wi	500	100	abundant	2	0.98393956	0.003741875	0.352864088	0.102792271	0.514	0.152710848	0.412762402	0.110695559	0.010838889	0.003561862	0.989161111	0.003561862	0.647135912	0.102792271
ALDEx2_wi	500	100	abundant	5	0.966868132	0.004023317	0.238459066	0.028451244	0.9055	0.080324405	0.376880838	0.039590883	0.03245	0.004001206	0.96755	0.004001206	0.761540934	0.028451244
ALDEx2_wi	500	1000	abundant	1	0.9	0	0	0	0	0	0	0	0	0	1	0	0	0
ALDEx2_wi	500	1000	abundant	10	0.86761	0.007629479	0.394417666	0.024395018	0.6044	0.041777588	0.477177187	0.029643197	0.103144444	0.005874285	0.896855556	0.005874285	0.605582334	0.024395018
ALDEx2_wi	500	1000	abundant	2	0.89026	0.006746851	0.39906749	0.069174064	0.1917	0.042828512	0.257653581	0.050832001	0.032122222	0.00626482	0.967877778	0.00626482	0.60093251	0.069174064
ALDEx2_wi	500	1000	abundant	5	0.87482	0.007054533	0.397607881	0.028430923	0.4894	0.044717314	0.438433675	0.033715133	0.082355556	0.005822786	0.917644444	0.005822786	0.602392119	0.028430923
ALDEx2_wi	500	200	abundant	1	0.978255435	7.69E-05	0.00125	0.01767767	5.00E-04	0.007071068	0.000714286	0.010101525	5.56E+06	7.86E-05	0.999994444	7.86E-05	0.00875	0.088174892
ALDEx2_wi	500	200	abundant	10	0.903994565	0.00441549	0.275404469	0.020889972	0.91	0.059731392	0.422618813	0.029587241	0.075916667	0.004513612	0.924083333	0.004513612	0.724595531	0.020889972
ALDEx2_wi	500	200	abundant	2	0.950565217	0.004905951	0.377303536	0.073628574	0.48	0.121857483	0.418873814	0.084532057	0.028311111	0.005014972	0.971688889	0.005014972	0.622696464	0.073628574
ALDEx2_wi	500	200	abundant	5	0.918195652	0.005048237	0.314048243	0.028398863	0.83525	0.078586364	0.45578684	0.037874898	0.0614	0.005160421	0.9386	0.005160421	0.685951757	0.028398863
ALDEx2_wi	500	2000	abundant	1	0.818181818	0	0	0	0	0	0	0	0	0	1	0	0	0
ALDEx2_wi	500	2000	abundant	10	0.778640909	0.010164149	0.40025261	0.025111015	0.435875	0.029601361	0.417193136	0.026340963	0.145188889	0.008086411	0.854811111	0.008086411	0.59974739	0.025111015
ALDEx2_wi	500	2000	abundant	2	0.807268182	0.006651455	0.406531216	0.05680627	0.13005	0.025652245	0.196264903	0.034364863	0.042238889	0.007409296	0.957761111	0.007409296	0.593468784	0.05680627
ALDEx2_wi	500	2000	abundant	5	0.786681818	0.010058077	0.396854086	0.03260215	0.333075	0.030542324	0.362001606	0.030627501	0.112516667	0.007968451	0.887483333	0.007968451	0.603145914	0.03260215
ALDEx2_wi	500	300	abundant	1	0.967736559	7.60E-05	0	0	0	0	0	0	5.56E+06	7.86E-05	0.999994444	7.86E-05	0.005	0.070710678
ALDEx2_wi	500	300	abundant	10	0.93772043	0.004088268	0.323446242	0.021040116	0.850833333	0.058640612	0.468527531	0.029605704	0.059383333	0.003558725	0.940616667	0.003558725	0.676553758	0.021040116
ALDEx2_wi	500	300	abundant	2	0.960483871	0.005028171	0.389479799	0.075343728	0.392166667	0.100915823	0.387179956	0.080599094	0.020572222	0.004794916	0.979427778	0.004794916	0.610520201	0.075343728
ALDEx2_wi	500	300	abundant	5	0.94633871	0.004648523	0.347314917	0.028498543	0.750333333	0.068402037	0.474296085	0.037122895	0.047127778	0.004471272	0.952872222	0.004471272	0.652685083	0.028498543
ALDEx2_wi	500	400	abundant	1	0.957446809	0	0	0	0	0	0	0	0	0	1	0	0	0
ALDEx2_wi	500	400	abundant	10	0.916159574	0.005136266	0.319378428	0.019522813	0.856125	0.052362376	0.465072572	0.027303315	0.081172222	0.0044125	0.918827778	0.0044125	0.680621572	0.019522813
ALDEx2_wi	500	400	abundant	2	0.947819149	0.005608763	0.388213831	0.063352135	0.393125	0.088359472	0.388120624	0.070467119	0.027527778	0.005321639	0.972472222	0.005321639	0.611786169	0.063352135
ALDEx2_wi	500	400	abundant	5	0.928180851	0.005729385	0.34585233	0.026329105	0.768375	0.06504142	0.47659283	0.034984741	0.064716667	0.005353092	0.935283333	0.005353092	0.65414767	0.026329105
ALDEx2_wi	500	500	abundant	1	0.947368421	0	0.0025	0.035355339	1.00E-04	0.001414214	0.000192308	0.002719641	5.56E+06	7.86E-05	0.999994444	7.86E-05	0.0025	0.035355339
ALDEx2_wi	500	500	abundant	10	0.8974	0.005884896	0.320907916	0.017926215	0.8489	0.046880475	0.465621167	0.024745355	0.099905556	0.005245718	0.900094444	0.005245718	0.679092084	0.017926215
ALDEx2_wi	500	500	abundant	2	0.934794737	0.005764726	0.382481181	0.053751123	0.3879	0.072483511	0.383401682	0.057961499	0.034822222	0.00557889	0.965177778	0.00557889	0.617518819	0.053751123
ALDEx2_wi	500	500	abundant	5	0.912147368	0.006703966	0.349308673	0.024383556	0.7717	0.054478893	0.480593592	0.031256949	0.08005	0.006343652	0.91995	0.006343652	0.650691327	0.024383556
ALDEx2_wi	500	800	abundant	1	0.918372449	7.22E-05	0.005	0.070710678	6.25E-05	0.000883883	0.000123457	0.001745943	0	0	1	0	0	0
ALDEx2_wi	500	800	abundant	10	0.891122449	0.007001921	0.392682122	0.026619471	0.6094375	0.046051668	0.477394599	0.032272876	0.083838889	0.005550302	0.916161111	0.005550302	0.607317878	0.026619471
ALDEx2_wi	500	800	abundant	2	0.909841837	0.005691879	0.39350208	0.071501734	0.1959375	0.047782772	0.260274186	0.056173146	0.0267	0.004955175	0.9733	0.004955175	0.60649792	0.071501734
ALDEx2_wi	500	800	abundant	5	0.897040816	0.007569969	0.394357467	0.036944062	0.4873125	0.0519633	0.435632398	0.041824883	0.066538889	0.005424104	0.933461111	0.005424104	0.605642533	0.036944062
Corncob	500	100	abundant	1	0.988967033	0.000242365	0	0	0	0	0	0	4.44E-05	0.000245058	0.999955556	0.000245058	0.035	0.184240939
Corncob	500	100	abundant	10	0.920032967	0.007088136	0.120929052	0.010530494	0.993	0.030915674	0.215457358	0.016811346	0.080777778	0.007179252	0.919222222	0.007179252	0.879070948	0.010530494
Corncob	500	100	abundant	2	0.976725275	0.007002911	0.283463078	0.082928775	0.6475	0.159439187	0.38612225	0.090758447	0.019616667	0.007574186	0.980383333	0.007574186	0.716536922	0.082928775
Corncob	500	100	abundant	5	0.93906044	0.010955162	0.153177779	0.025717793	0.969	0.057929085	0.263559657	0.037408436	0.061272222	0.011245639	0.938727778	0.011245639	0.846822221	0.025717793
Corncob	500	1000	abundant	1	0.9	0.000100251	0.005	0.070710678	5.00E-05	0.000707107	9.90E-05	0.001400211	5.56E+06	7.86E-05	0.999994444	7.86E-05	0.005	0.070710678
Corncob	500	1000	abundant	10	0.658805	0.055214037	0.205441064	0.025992261	0.8168	0.04410768	0.327105199	0.031794961	0.35875	0.06379337	0.64125	0.06379337	0.794558936	0.025992261
Corncob	500	1000	abundant	2	0.88712	0.007260799	0.378170853	0.06562523	0.19765	0.046516626	0.257689234	0.051027743	0.036272222	0.007920363	0.963727778	0.007920363	0.621829147	0.06562523
Corncob	500	1000	abundant	5	0.80249	0.028624056	0.287096647	0.032180288	0.63545	0.057114867	0.393398964	0.030324038	0.17895	0.035273905	0.82105	0.035273905	0.712903353	0.032180288
Corncob	500	200	abundant	1	0.978141304	0.000520203	0.005	0.070710678	5.00E-04	0.007071068	0.000909091	0.012856487	0.000122222	0.000531763	0.999877778	0.000531763	0.035	0.184240939
Corncob	500	200	abundant	10	0.822217391	0.01859936	0.141070861	0.0164007	0.96625	0.03748953	0.245810134	0.024847939	0.159511111	0.019012679	0.840488889	0.019012679	0.858929139	0.0164007
Corncob	500	200	abundant	2	0.94301087	0.009470546	0.319257257	0.078962595	0.4865	0.11612569	0.379432462	0.080509507	0.036033333	0.009681003	0.963966667	0.009681003	0.680742743	0.078962595
Corncob	500	200	abundant	5	0.866163043	0.021415637	0.192059267	0.035915901	0.8915	0.082685759	0.313806746	0.046608423	0.114588889	0.02189154	0.885411111	0.02189154	0.807940733	0.035915901
Corncob	500	2000	abundant	1	0.818177273	6.43E-05	0	0	0	0	0	0	5.56E+06	7.86E-05	0.999994444	7.86E-05	0.005	0.070710678
Corncob	500	2000	abundant	10	0.560168182	0.053611548	0.252220026	0.025144235	0.707425	0.037590686	0.370832989	0.026573366	0.472555556	0.06918418	0.527444444	0.06918418	0.747779974	0.025144235
Corncob	500	2000	abundant	2	0.804127273	0.008005999	0.397468045	0.054881162	0.146575	0.028600425	0.212948542	0.035222862	0.04975	0.010295249	0.95025	0.010295249	0.602531955	0.054881162
Corncob	500	2000	abundant	5	0.713209091	0.026472485	0.321201041	0.027289989	0.5089	0.045490515	0.392507464	0.025708127	0.241388889	0.036634886	0.758611111	0.036634886	0.678798959	0.027289989
Corncob	500	300	abundant	1	0.967688172	0.000369509	0.000833333	0.011785113	0.000166667	0.002357023	0.000277778	0.003928371	6.11E-05	0.000448301	0.999938889	0.000448301	0.029166667	0.166614313
Corncob	500	300	abundant	10	0.824198925	0.027912688	0.151391103	0.020884762	0.941	0.044672641	0.260097813	0.030235825	0.179694444	0.029397435	0.820305556	0.029397435	0.848608897	0.020884762
Corncob	500	300	abundant	2	0.955069892	0.007564901	0.337052794	0.07574893	0.380166667	0.10064546	0.351314977	0.073188065	0.025766667	0.008579477	0.974233333	0.008579477	0.662947206	0.07574893
Corncob	500	300	abundant	5	0.891591398	0.024683272	0.213577154	0.037800522	0.83	0.073593266	0.337088223	0.045555295	0.106355556	0.026786711	0.893644444	0.026786711	0.786422846	0.037800522
Corncob	500	400	abundant	1	0.957398936	0.000307209	0	0	0	0	0	0	5.00E-05	0.000320863	0.99995	0.000320863	0.03	0.171015295
Corncob	500	400	abundant	10	0.757611702	0.0317208	0.145974942	0.016950707	0.951	0.034532048	0.25266061	0.025079352	0.250983333	0.033545237	0.749016667	0.033545237	0.854025058	0.016950707
Corncob	500	400	abundant	2	0.939303191	0.009466164	0.332367872	0.063773443	0.403	0.092717217	0.360058254	0.065847511	0.036861111	0.010559412	0.963138889	0.010559412	0.667632128	0.063773443
Corncob	500	400	abundant	5	0.849638298	0.027865945	0.206601427	0.030866722	0.8575	0.060463037	0.331213245	0.03773401	0.150711111	0.030382927	0.849288889	0.030382927	0.793398573	0.030866722
Corncob	500	500	abundant	1	0.947347368	0.000209997	0.006666667	0.074423149	2.00E-04	0.001994969	0.000384758	0.003838614	3.33E-05	0.000246824	0.999966667	0.000246824	0.018333333	0.13027266
Corncob	500	500	abundant	10	0.691131579	0.034406504	0.141641059	0.013869779	0.9499	0.031954585	0.246210018	0.020655129	0.323244444	0.036900572	0.676755556	0.036900572	0.858358941	0.013869779
Corncob	500	500	abundant	2	0.924894737	0.00981957	0.328777993	0.057810464	0.396	0.078426741	0.356353863	0.058271357	0.045722222	0.010736713	0.954277778	0.010736713	0.671222007	0.057810464
Corncob	500	500	abundant	5	0.802478947	0.034090694	0.198131792	0.02815545	0.8737	0.048019154	0.321755784	0.036293137	0.201477778	0.037054044	0.798522222	0.037054044	0.801868208	0.02815545
Corncob	500	800	abundant	1	0.918336735	0.000248689	0	0	0	0	0	0	3.33E-05	0.000270794	0.999966667	0.000270794	0.02	0.140351318
Corncob	500	800	abundant	10	0.729413265	0.046554346	0.208666413	0.028137639	0.801625	0.045997289	0.329742309	0.033848033	0.277005556	0.052871769	0.722994444	0.052871769	0.791333587	0.028137639
Corncob	500	800	abundant	2	0.907576531	0.006383061	0.376664073	0.068871566	0.1985	0.047907863	0.257930602	0.052800881	0.029394444	0.006773568	0.970605556	0.006773568	0.623335927	0.068871566
Corncob	500	800	abundant	5	0.842459184	0.025698676	0.290570113	0.039194319	0.6169375	0.061619393	0.392526359	0.037547769	0.137494444	0.03018215	0.862505556	0.03018215	0.709429887	0.039194319
DACOMP	500	100	abundant	1	0.988989011	0.000219227	0	0	0	0	0	0	2.22E-05	0.000221663	0.999977778	0.000221663	0.01	0.099748427
DACOMP	500	100	abundant	10	0.986285714	0.002868462	0.381080045	0.12298838	0.3955	0.128890706	0.387514901	0.124370561	0.00715	0.00170604	0.99285	0.00170604	0.618919955	0.12298838
DACOMP	500	100	abundant	2	0.967862637	0.021801572	0.272354161	0.150950497	0.564	0.193886461	0.3254191	0.123324354	0.02765	0.023219439	0.97235	0.023219439	0.727645839	0.150950497
DACOMP	500	100	abundant	5	0.98367033	0.010144859	0.364534287	0.134221315	0.4255	0.175653124	0.378115226	0.127075239	0.010127778	0.011261505	0.989872222	0.011261505	0.635465713	0.134221315
DACOMP	500	1000	abundant	1	0.899985	0.000212132	0.001923077	0.027196415	0.00025	0.003535534	0.000442478	0.006257582	4.44E-05	0.000628539	0.999955556	0.000628539	0.003076923	0.043514263
DACOMP	500	1000	abundant	10	0.87684	0.007873012	0.400950689	0.031660348	0.47	0.075295064	0.430602078	0.04581995	0.077955556	0.011242352	0.922044444	0.011242352	0.599049311	0.031660348
DACOMP	500	1000	abundant	2	0.88568	0.007147941	0.400074842	0.047783773	0.28725	0.056878054	0.332534508	0.049438461	0.047827778	0.008374492	0.952172222	0.008374492	0.599925158	0.047783773
DACOMP	500	1000	abundant	5	0.879595	0.007799045	0.400695242	0.036518794	0.41105	0.067833653	0.403816784	0.045186092	0.068344444	0.010335275	0.931655556	0.010335275	0.599304758	0.036518794
DACOMP	500	200	abundant	1	0.97826087	0	0	0	0	0	0	0	0	0	1	0	0	0
DACOMP	500	200	abundant	10	0.955619565	0.00219595	0.395419352	0.081780724	0.4185	0.104341679	0.40461635	0.084480912	0.023144444	0.002244749	0.976855556	0.002244749	0.604580648	0.081780724
DACOMP	500	200	abundant	2	0.936407609	0.028978428	0.309687025	0.117342258	0.46625	0.168643531	0.343065202	0.090730794	0.042783333	0.029622393	0.957216667	0.029622393	0.690312975	0.117342258
DACOMP	500	200	abundant	5	0.951570652	0.013779959	0.361144607	0.086875707	0.43525	0.167436893	0.38022725	0.07791811	0.027283333	0.01408618	0.972716667	0.01408618	0.638855393	0.086875707
DACOMP	500	2000	abundant	1	0.818181818	0	0	0	0	0	0	0	0	0	1	0	0	0
DACOMP	500	2000	abundant	10	0.781781818	0.010462076	0.401118808	0.027048247	0.408175	0.069647673	0.402135359	0.044118657	0.135194444	0.02053625	0.864805556	0.02053625	0.598881192	0.027048247
DACOMP	500	2000	abundant	2	0.799586364	0.008358728	0.401728224	0.043201957	0.2082	0.032516096	0.273356573	0.035025711	0.068994444	0.009934082	0.931005556	0.009934082	0.598271776	0.043201957
DACOMP	500	2000	abundant	5	0.782845455	0.010570468	0.397085252	0.029287167	0.374375	0.044791357	0.384406139	0.034178824	0.126383333	0.014094678	0.873616667	0.014094678	0.602914748	0.029287167
DACOMP	500	300	abundant	1	0.967709677	0.000339346	0.00125	0.01767767	0.000166667	0.002357023	0.000294118	0.004159452	3.89E-05	0.000391888	0.999961111	0.000391888	0.00875	0.088174892
DACOMP	500	300	abundant	10	0.959962366	0.004646498	0.384120533	0.068919329	0.4015	0.105847857	0.389845289	0.07561714	0.021422222	0.004493255	0.978577778	0.004493255	0.615879467	0.068919329
DACOMP	500	300	abundant	2	0.952946237	0.013912559	0.348554529	0.090354572	0.414166667	0.142461315	0.361104208	0.071762775	0.029094444	0.017581298	0.970905556	0.017581298	0.651445471	0.090354572
DACOMP	500	300	abundant	5	0.957865591	0.00732072	0.375202213	0.064823461	0.439333333	0.163154279	0.39501901	0.074793992	0.02485	0.01094866	0.97515	0.01094866	0.624797787	0.064823461
DACOMP	500	400	abundant	1	0.957446809	0	0	0	0	0	0	0	0	0	1	0	0	0
DACOMP	500	400	abundant	10	0.94812234	0.005150184	0.391207898	0.06016879	0.3955	0.072498484	0.392656338	0.063202665	0.027316667	0.003377297	0.972683333	0.003377297	0.608792102	0.06016879
DACOMP	500	400	abundant	2	0.940893617	0.012749749	0.355505697	0.066050931	0.4175	0.137776675	0.370672355	0.062412308	0.035844444	0.017682337	0.964155556	0.017682337	0.644494303	0.066050931
DACOMP	500	400	abundant	5	0.946462766	0.00601409	0.379783791	0.060279396	0.404	0.105723162	0.38810638	0.065388904	0.029427778	0.007411389	0.970572222	0.007411389	0.620216209	0.060279396
DACOMP	500	500	abundant	1	0.947368421	0	0	0	0	0	0	0	0	0	1	0	0	0
DACOMP	500	500	abundant	10	0.935073684	0.005735251	0.383997447	0.054379227	0.3879	0.063051307	0.385490217	0.056868596	0.034527778	0.00367745	0.965472222	0.00367745	0.616002553	0.054379227
DACOMP	500	500	abundant	2	0.932142105	0.010997585	0.370628697	0.062475033	0.3835	0.107103247	0.369557472	0.06103439	0.037377778	0.015087494	0.962622222	0.015087494	0.629371303	0.062475033
DACOMP	500	500	abundant	5	0.935263158	0.005742276	0.389047352	0.050448038	0.4026	0.078177996	0.394113079	0.054632011	0.035144444	0.006020531	0.964855556	0.006020531	0.610952648	0.050448038
DACOMP	500	800	abundant	1	0.918362245	7.22E-05	0.0045	0.045165803	0.00025	0.002493711	0.000473389	0.004722068	2.78E-05	0.000282621	0.999972222	0.000282621	0.0055	0.05509015
DACOMP	500	800	abundant	10	0.899647959	0.00672021	0.399999585	0.034950777	0.4601875	0.072801503	0.426202056	0.046683428	0.061288889	0.008259727	0.938711111	0.008259727	0.600000415	0.034950777
DACOMP	500	800	abundant	2	0.905744898	0.007415861	0.394657947	0.058516281	0.2855625	0.065895187	0.328633907	0.055473478	0.039127778	0.008574766	0.960872222	0.008574766	0.605342053	0.058516281
DACOMP	500	800	abundant	5	0.901785714	0.007628323	0.40050632	0.044442781	0.40975	0.078249938	0.402768928	0.053943084	0.054477778	0.009144096	0.945522222	0.009144096	0.59949368	0.044442781
DESeq2	500	100	abundant	1	0.986417582	0.002966389	0.079564755	0.174199971	0.032	0.057379982	0.04093676	0.072037684	0.002977778	0.003229847	0.997022222	0.003229847	0.650435245	0.430412837
DESeq2	500	100	abundant	10	0.922807692	0.006038555	0.124133017	0.009631303	0.9885	0.03198225	0.220456608	0.015444263	0.077922222	0.006087141	0.922077778	0.006087141	0.875866983	0.009631303
DESeq2	500	100	abundant	2	0.967456044	0.007619527	0.21344074	0.053686002	0.6915	0.160018058	0.32231946	0.070733643	0.029477778	0.008126054	0.970522222	0.008126054	0.78655926	0.053686002
DESeq2	500	100	abundant	5	0.93332967	0.008111313	0.138739322	0.016252299	0.959	0.061953135	0.242067142	0.02533261	0.066955556	0.008291812	0.933044444	0.008291812	0.861260678	0.016252299
DESeq2	500	1000	abundant	1	0.89969	0.001245656	0.160220238	0.305396169	0.0043	0.008939214	0.008252924	0.016960019	0.000822222	0.001503723	0.999177778	0.001503723	0.269779762	0.395005775
DESeq2	500	1000	abundant	10	0.78961	0.01383637	0.304876428	0.016091735	0.858	0.033021997	0.449654216	0.019679868	0.217988889	0.015424747	0.782011111	0.015424747	0.695123572	0.016091735
DESeq2	500	1000	abundant	2	0.87522	0.008678026	0.388000109	0.037560042	0.4289	0.056956212	0.406525891	0.043035096	0.075188889	0.008653435	0.924811111	0.008653435	0.611999891	0.037560042
DESeq2	500	1000	abundant	5	0.81903	0.011728893	0.32916169	0.018331903	0.77665	0.047819568	0.461999966	0.023342857	0.176261111	0.013620661	0.823738889	0.013620661	0.67083831	0.018331903
DESeq2	500	200	abundant	1	0.975516304	0.003468103	0.102688205	0.219636632	0.01825	0.03442912	0.028245486	0.050469384	0.002805556	0.003545172	0.997194444	0.003545172	0.557311795	0.451208394
DESeq2	500	200	abundant	10	0.821461957	0.012633758	0.137778915	0.009505243	0.9695	0.03607293	0.241146792	0.014871093	0.160283333	0.012914508	0.839716667	0.012914508	0.862221085	0.009505243
DESeq2	500	200	abundant	2	0.924940217	0.01124235	0.278559266	0.05225038	0.66775	0.11538634	0.390264507	0.063437076	0.054505556	0.01149218	0.945494444	0.01149218	0.721440734	0.05225038
DESeq2	500	200	abundant	5	0.849804348	0.01491067	0.165162305	0.021414728	0.9295	0.055181291	0.279812236	0.030556376	0.131311111	0.015242018	0.868688889	0.015242018	0.834837695	0.021414728
DESeq2	500	2000	abundant	1	0.8177	0.001314115	0.199819444	0.328563837	0.003025	0.005646574	0.005873915	0.01077373	0.001261111	0.002100749	0.998738889	0.002100749	0.365180556	0.42455594
DESeq2	500	2000	abundant	10	0.728054545	0.011995209	0.374581199	0.014741534	0.738825	0.028213016	0.497028577	0.018119202	0.274338889	0.012283536	0.725661111	0.012283536	0.625418801	0.014741534
DESeq2	500	2000	abundant	2	0.787054545	0.010226977	0.394395541	0.034194107	0.31945	0.036833832	0.352439833	0.033658785	0.109033333	0.010572841	0.890966667	0.010572841	0.605604459	0.034194107
DESeq2	500	2000	abundant	5	0.741104545	0.010853321	0.376435739	0.01572288	0.645025	0.035935095	0.475205289	0.020218084	0.237544444	0.01279753	0.762455556	0.01279753	0.623564261	0.01572288
DESeq2	500	300	abundant	1	0.966752688	0.002034932	0.157525794	0.290383492	0.013333333	0.023864497	0.023556567	0.041115156	0.001466667	0.002243782	0.998533333	0.002243782	0.442474206	0.445953695
DESeq2	500	300	abundant	10	0.841935484	0.015931318	0.164435354	0.014570887	0.945833333	0.037723834	0.279889803	0.021515746	0.161527778	0.016599133	0.838472222	0.016599133	0.835564646	0.014570887
DESeq2	500	300	abundant	2	0.944967742	0.008841144	0.315092486	0.04994917	0.580166667	0.101088299	0.405384775	0.057282312	0.042872222	0.009670595	0.957127778	0.009670595	0.684907514	0.04994917
DESeq2	500	300	abundant	5	0.876510753	0.015967418	0.195865796	0.021889143	0.894833333	0.054919615	0.320705251	0.029598442	0.1241	0.01701475	0.8759	0.01701475	0.804134204	0.021889143
DESeq2	500	400	abundant	1	0.956010638	0.002708048	0.163266713	0.273939133	0.01575	0.027830923	0.026806495	0.04381461	0.0022	0.003365672	0.9978	0.003365672	0.471733287	0.433818774
DESeq2	500	400	abundant	10	0.797218085	0.016095196	0.1684006	0.012064818	0.95	0.033625188	0.285906527	0.017772646	0.209572222	0.016972507	0.790427778	0.016972507	0.8315994	0.012064818
DESeq2	500	400	abundant	2	0.925781915	0.01151917	0.312582286	0.046298257	0.597375	0.081613653	0.408073309	0.050305059	0.059622222	0.012408079	0.940377778	0.012408079	0.687417714	0.046298257
DESeq2	500	400	abundant	5	0.839473404	0.018095763	0.199956975	0.018749524	0.911625	0.045243444	0.327481627	0.025482467	0.163733333	0.019400418	0.836266667	0.019400418	0.800043025	0.018749524
DESeq2	500	500	abundant	1	0.945821053	0.002755677	0.141111488	0.25116584	0.0108	0.018138496	0.019077823	0.030775875	0.002233333	0.003380441	0.997766667	0.003380441	0.478888512	0.438274514
DESeq2	500	500	abundant	10	0.760926316	0.015202731	0.174793815	0.010063377	0.9482	0.03055204	0.295056534	0.014891991	0.249477778	0.016173002	0.750522222	0.016173002	0.825206185	0.010063377
DESeq2	500	500	abundant	2	0.910778947	0.011647385	0.320958678	0.040791897	0.6072	0.077421771	0.418105454	0.045481495	0.072355556	0.012940212	0.927644444	0.012940212	0.679041322	0.040791897
DESeq2	500	500	abundant	5	0.805089474	0.020532256	0.203758452	0.017311496	0.9189	0.039656693	0.333107054	0.023127851	0.201233333	0.02241618	0.798766667	0.02241618	0.796241548	0.017311496
DESeq2	500	800	abundant	1	0.917994898	0.001294682	0.199478022	0.333074204	0.006875	0.012886609	0.012954847	0.023437611	0.001016667	0.001742736	0.998983333	0.001742736	0.325521978	0.413654642
DESeq2	500	800	abundant	10	0.817683673	0.012666696	0.29040865	0.01625067	0.8498125	0.036372875	0.432615975	0.020213627	0.185172222	0.014083053	0.814827778	0.014083053	0.70959135	0.01625067
DESeq2	500	800	abundant	2	0.896897959	0.007956725	0.381551566	0.040685717	0.4205	0.059110874	0.398885432	0.044215099	0.060755556	0.00828172	0.939244444	0.00828172	0.618448434	0.040685717
DESeq2	500	800	abundant	5	0.847163265	0.013540784	0.320670857	0.023375733	0.7719375	0.05010193	0.452518312	0.027507686	0.14615	0.015324874	0.85385	0.015324874	0.679329143	0.023375733
edgeR	500	100	abundant	1	0.994685	0.000672906	0.099857143	0.266704633	0.019	0.044255913	0.029696098	0.06911716	0.00041206	0.000715596	0.99958794	0.000715596	0.330142857	0.451353637
edgeR	500	100	abundant	2	0.98787	0.003407226	0.30248891	0.085757027	0.959	0.051433982	0.453967089	0.085489749	0.011984925	0.003423421	0.988015075	0.003423421	0.69751109	0.085757027
edgeR	500	100	abundant	5	0.98338	0.001537609	0.228218812	0.019697101	0.967	0.047258156	0.368974682	0.027434857	0.016537688	0.001511922	0.983462312	0.001511922	0.771781188	0.019697101
edgeR	500	100	abundant	10	0.9845	0.001145919	0.238649724	0.017422374	0.954	0.050090827	0.381623843	0.025199294	0.015346734	0.001074736	0.984653266	0.001074736	0.761350276	0.017422374
edgeR	500	200	abundant	1	0.989925	0.000499368	0.159547619	0.31759007	0.0185	0.037372679	0.031588318	0.06199367	0.000262626	0.000594038	0.999737374	0.000594038	0.180452381	0.338821429
edgeR	500	200	abundant	2	0.98585	0.002034426	0.402818373	0.044900907	0.83	0.078817011	0.540971877	0.049686342	0.012575758	0.001944161	0.987424242	0.001944161	0.597181627	0.044900907
edgeR	500	200	abundant	5	0.98493	0.001515942	0.382914322	0.033155905	0.8235	0.065695579	0.522506437	0.042559815	0.013439394	0.001121072	0.986560606	0.001121072	0.617085678	0.033155905
edgeR	500	200	abundant	10	0.98569	0.001569565	0.39056162	0.038742499	0.766	0.076501799	0.517129264	0.050278905	0.012090909	0.001014733	0.987909091	0.001014733	0.60943838	0.038742499
edgeR	500	300	abundant	1	0.984855	0.000632835	0.1329329	0.303306754	0.008666667	0.018724777	0.015656289	0.033395769	0.000279188	0.000722843	0.999720812	0.000722843	0.2070671	0.376055563
edgeR	500	300	abundant	2	0.981845	0.002089772	0.430111504	0.046569616	0.632	0.073842736	0.510666715	0.051639197	0.012827411	0.001708663	0.987172589	0.001708663	0.569888496	0.046569616
edgeR	500	300	abundant	5	0.980595	0.001958786	0.399088669	0.045289848	0.583666667	0.075877952	0.473814903	0.056204276	0.013360406	0.001069853	0.986639594	0.001069853	0.600911331	0.045289848
edgeR	500	300	abundant	10	0.98127	0.001895529	0.406286392	0.047586225	0.538666667	0.065771771	0.463027219	0.05448699	0.011989848	0.001081708	0.988010152	0.001081708	0.593713608	0.047586225
edgeR	500	400	abundant	1	0.97992	0.000367355	0.117616883	0.263017473	0.009	0.022618934	0.01598304	0.038630285	0.000265306	0.000577776	0.999734694	0.000577776	0.182383117	0.339075947
edgeR	500	400	abundant	2	0.97638	0.002257557	0.434290679	0.040144689	0.5875	0.06200562	0.498480353	0.044040324	0.015683673	0.001950728	0.984316327	0.001950728	0.565709321	0.040144689
edgeR	500	400	abundant	5	0.97465	0.002395809	0.400992242	0.044932987	0.5435	0.065580161	0.461401127	0.053028836	0.01655102	0.001235605	0.98344898	0.001235605	0.599007758	0.044932987
edgeR	500	400	abundant	10	0.97482	0.002572701	0.396389726	0.051294506	0.49525	0.065394587	0.440247785	0.057145536	0.015392857	0.001395001	0.984607143	0.001395001	0.603610274	0.051294506
edgeR	500	500	abundant	1	0.974795	0.000667026	0.109055556	0.240354073	0.0078	0.017499206	0.014140747	0.031391872	0.000410256	0.000846895	0.999589744	0.000846895	0.250944444	0.386647424
edgeR	500	500	abundant	2	0.969575	0.002575501	0.414906425	0.039808668	0.5272	0.059187768	0.463821487	0.045446437	0.019082051	0.001854445	0.980917949	0.001854445	0.585093575	0.039808668
edgeR	500	500	abundant	5	0.96876	0.002735365	0.401284815	0.043036898	0.5068	0.055284023	0.447826105	0.047970286	0.019394872	0.001526118	0.980605128	0.001526118	0.598715185	0.043036898
edgeR	500	500	abundant	10	0.969045	0.002799797	0.398513019	0.047521874	0.4672	0.056462735	0.430044348	0.051230401	0.018087179	0.001551109	0.981912821	0.001551109	0.601486981	0.047521874
edgeR	500	800	abundant	1	0.95992	0.000418752	0.137833333	0.30796438	0.003375	0.007507362	0.006501177	0.014348946	0.000223958	0.000503472	0.999776042	0.000503472	0.192166667	0.362785203
edgeR	500	800	abundant	2	0.956055	0.002477061	0.422341935	0.048400463	0.2655	0.037819347	0.325242468	0.039961278	0.015171875	0.002017389	0.984828125	0.002017389	0.577658065	0.048400463
edgeR	500	800	abundant	5	0.95511	0.002691719	0.401867178	0.054445003	0.25075	0.035746901	0.308694277	0.042779982	0.015541667	0.001511187	0.984458333	0.001511187	0.598132822	0.054445003
edgeR	500	800	abundant	10	0.95477	0.002716783	0.386938453	0.057934899	0.223125	0.033113622	0.283002898	0.042017033	0.014744792	0.001503872	0.985255208	0.001503872	0.613061547	0.057934899
edgeR	500	1000	abundant	1	0.949895	0.000578639	0.173910256	0.316173231	0.0045	0.008804843	0.008607539	0.016435888	0.000347368	0.000795986	0.999652632	0.000795986	0.186089744	0.328388672
edgeR	500	1000	abundant	2	0.945365	0.002936065	0.422606994	0.049762368	0.2512	0.033098567	0.314627436	0.038073176	0.0181	0.002114407	0.9819	0.002114407	0.577393006	0.049762368
edgeR	500	1000	abundant	5	0.943855	0.003138467	0.397890649	0.052067481	0.2389	0.030777632	0.298507035	0.038528506	0.019042105	0.001767701	0.980957895	0.001767701	0.602109351	0.052067481
edgeR	500	1000	abundant	10	0.944495	0.003058764	0.401278271	0.054773056	0.2235	0.030562901	0.28705673	0.039084362	0.017557895	0.001690247	0.982442105	0.001690247	0.598721729	0.054773056
edgeR	500	2000	abundant	1	0.899925	0.000478714	0.118225885	0.251409828	0.0026	0.006414945	0.005022819	0.0122814	0.000372222	0.000824608	0.999627778	0.000824608	0.161774115	0.30802328
edgeR	500	2000	abundant	2	0.89338	0.003303747	0.41089006	0.045655783	0.1547	0.022131608	0.224622512	0.029824882	0.024544444	0.001907219	0.975455556	0.001907219	0.58910994	0.045655783
edgeR	500	2000	abundant	5	0.89267	0.004244557	0.400524448	0.057565334	0.1475	0.02153808	0.215563682	0.031211745	0.024533333	0.002476627	0.975466667	0.002476627	0.599475552	0.057565334
edgeR	500	2000	abundant	10	0.894025	0.00392954	0.411132486	0.058808397	0.1385	0.020418599	0.207170766	0.030216121	0.022027778	0.002217131	0.977972222	0.002217131	0.588867514	0.058808397
fastANCOM	500	100	abundant	1	0.989010989	0	0	0	0	0	0	0	0	0	1	0	0	0
fastANCOM	500	100	abundant	10	0.95878022	0.008057178	0.189600263	0.036518913	0.8125	0.14456224	0.305323259	0.051425212	0.039594444	0.00868997	0.960405556	0.00868997	0.810399737	0.036518913
fastANCOM	500	100	abundant	2	0.98639011	0.002909876	0.388583111	0.12553226	0.3935	0.121579843	0.389219417	0.120002751	0.007022222	0.001982491	0.992977778	0.001982491	0.611416889	0.12553226
fastANCOM	500	100	abundant	5	0.974247253	0.008053101	0.246069062	0.084679496	0.5655	0.159331991	0.333184829	0.088846138	0.021211111	0.008684265	0.978788889	0.008684265	0.753930938	0.084679496
fastANCOM	500	1000	abundant	1	0.899975	0.000353553	0	0	0	0	0	0	2.78E-05	0.000392837	0.999972222	0.000392837	0.005	0.070710678
fastANCOM	500	1000	abundant	10	0.64418	0.028673305	0.198818309	0.016210107	0.8386	0.043154974	0.321220809	0.023214384	0.377422222	0.030794384	0.622577778	0.030794384	0.801181691	0.016210107
fastANCOM	500	1000	abundant	2	0.844015	0.053954613	0.295952656	0.092130611	0.29975	0.055559624	0.286723127	0.056146859	0.095511111	0.062815513	0.904488889	0.062815513	0.704047344	0.092130611
fastANCOM	500	1000	abundant	5	0.652645	0.046088717	0.185881292	0.026189837	0.7169	0.060437184	0.294548098	0.035794593	0.354494444	0.05014976	0.645505556	0.05014976	0.814118708	0.026189837
fastANCOM	500	200	abundant	1	0.978233696	0.000170127	0	0	0	0	0	0	2.78E-05	0.000173907	0.999972222	0.000173907	0.01	0.099748427
fastANCOM	500	200	abundant	10	0.876663043	0.01183545	0.198886925	0.021209404	0.9175	0.065499626	0.326352953	0.029977745	0.103855556	0.01209846	0.896144444	0.01209846	0.801113075	0.021209404
fastANCOM	500	200	abundant	2	0.954141304	0.005910861	0.348001583	0.089773874	0.3845	0.10326212	0.360200837	0.083532782	0.024655556	0.006042214	0.975344444	0.006042214	0.651998417	0.089773874
fastANCOM	500	200	abundant	5	0.904032609	0.013350561	0.235907946	0.033602904	0.78975	0.109165116	0.361085876	0.043150128	0.075877778	0.01364724	0.924122222	0.01364724	0.764092054	0.033602904
fastANCOM	500	2000	abundant	1	0.818177273	6.43E-05	0	0	0	0	0	0	5.56E+06	7.86E-05	0.999994444	7.86E-05	0.005	0.070710678
fastANCOM	500	2000	abundant	10	0.353059091	0.046038657	0.188250969	0.013992395	0.767975	0.033026172	0.302217131	0.019716129	0.739144444	0.054319323	0.260855556	0.054319323	0.811749031	0.013992395
fastANCOM	500	2000	abundant	2	0.747540909	0.077422009	0.313363807	0.087484605	0.2345	0.042278093	0.258445782	0.042543171	0.13845	0.09934358	0.86155	0.09934358	0.686636193	0.087484605
fastANCOM	500	2000	abundant	5	0.34925	0.076804912	0.167390195	0.020681754	0.638	0.04252401	0.264673127	0.027658259	0.714916667	0.092868978	0.285083333	0.092868978	0.832609805	0.020681754
fastANCOM	500	300	abundant	1	0.967715054	0.000251365	0	0	0	0	0	0	2.78E-05	0.000259744	0.999972222	0.000259744	0.015	0.121857483
fastANCOM	500	300	abundant	10	0.879354839	0.012814214	0.199891801	0.018289942	0.902333333	0.053936083	0.326838718	0.025521564	0.121411111	0.01360404	0.878588889	0.01360404	0.800108199	0.018289942
fastANCOM	500	300	abundant	2	0.95088172	0.012575197	0.309998996	0.086797554	0.365	0.098324887	0.326383966	0.074416439	0.029588889	0.013850616	0.970411111	0.013850616	0.690001004	0.086797554
fastANCOM	500	300	abundant	5	0.90411828	0.014904083	0.223095588	0.03263201	0.773833333	0.087197031	0.344940353	0.042041485	0.091538889	0.016013704	0.908461111	0.016013704	0.776904412	0.03263201
fastANCOM	500	400	abundant	1	0.957409574	0.000247315	0	0	0	0	0	0	3.89E-05	0.000258307	0.999961111	0.000258307	0.025	0.156516732
fastANCOM	500	400	abundant	10	0.834542553	0.01525389	0.194505215	0.015649085	0.91175	0.046207284	0.320305962	0.022179054	0.168888889	0.016257207	0.831111111	0.016257207	0.805494785	0.015649085
fastANCOM	500	400	abundant	2	0.932617021	0.01610818	0.299253722	0.077963195	0.37575	0.081247729	0.325435707	0.062108915	0.042633333	0.017950829	0.957366667	0.017950829	0.700746278	0.077963195
fastANCOM	500	400	abundant	5	0.861010638	0.016315262	0.209208071	0.02558335	0.804875	0.082391146	0.33148467	0.036471699	0.136494444	0.017160232	0.863505556	0.017160232	0.790791929	0.02558335
fastANCOM	500	500	abundant	1	0.947368421	0	0.0025	0.035355339	1.00E-04	0.001414214	0.000192308	0.002719641	5.56E+06	7.86E-05	0.999994444	7.86E-05	0.0025	0.035355339
fastANCOM	500	500	abundant	10	0.784773684	0.016922868	0.186740957	0.013060279	0.9152	0.040560892	0.309971829	0.01875845	0.222472222	0.018209593	0.777527778	0.018209593	0.813259043	0.013060279
fastANCOM	500	500	abundant	2	0.909826316	0.025287672	0.285634444	0.08067269	0.3958	0.078441861	0.32256335	0.061533754	0.061616667	0.028354985	0.938383333	0.028354985	0.714365556	0.08067269
fastANCOM	500	500	abundant	5	0.817621053	0.019341529	0.20106141	0.019939386	0.8198	0.061275882	0.322429332	0.027798649	0.1825	0.020900905	0.8175	0.020900905	0.79893859	0.019939386
fastANCOM	500	800	abundant	1	0.918372449	7.22E-05	0.003333333	0.047140452	0.000125	0.001767767	0.000240964	0.003407744	5.56E+06	7.86E-05	0.999994444	7.86E-05	0.001666667	0.023570226
fastANCOM	500	800	abundant	10	0.715647959	0.024494342	0.200994464	0.01678866	0.8283125	0.04766003	0.323208106	0.023664783	0.294366667	0.026592702	0.705633333	0.026592702	0.799005536	0.01678866
fastANCOM	500	800	abundant	2	0.881571429	0.03696028	0.31398134	0.089447436	0.2885	0.058688557	0.291164934	0.055740023	0.065711111	0.042264964	0.934288889	0.042264964	0.68601866	0.089447436
fastANCOM	500	800	abundant	5	0.727367347	0.037403852	0.189754389	0.02765572	0.6995625	0.062523582	0.297717693	0.036848323	0.270161111	0.040231725	0.729838889	0.040231725	0.810245611	0.02765572
LEfSe	500	100	abundant	1	0.988972527	0.000202463	0	0	0	0	0	0	3.89E-05	0.000204712	0.999961111	0.000204712	0.035	0.184240939
LEfSe	500	100	abundant	10	0.916395604	0.005587441	0.115997304	0.0076234	0.9935	0.026670331	0.207664265	0.012346557	0.084461111	0.005661719	0.915538889	0.005661719	0.884002696	0.0076234
LEfSe	500	100	abundant	2	0.970137363	0.008662175	0.247180883	0.064935085	0.76	0.148018741	0.366988075	0.075723214	0.027527778	0.009273797	0.972472222	0.009273797	0.752819117	0.064935085
LEfSe	500	100	abundant	5	0.931384615	0.00949962	0.138490503	0.018589228	0.9835	0.041063133	0.242323072	0.028256867	0.069194444	0.009650469	0.930805556	0.009650469	0.861509497	0.018589228
LEfSe	500	1000	abundant	1	0.89997861	0.000206278	0.007130125	0.076958454	0.000106952	0.001031392	0.00020973	0.002022629	3.57E-05	0.000255141	0.999964349	0.000255141	0.019607843	0.134655056
LEfSe	500	1000	abundant	10	0.613755	0.059632079	0.188002438	0.023265797	0.8403	0.040683976	0.306292463	0.029831742	0.411416667	0.068481436	0.588583333	0.068481436	0.811997562	0.023265797
LEfSe	500	1000	abundant	2	0.87961	0.009304341	0.36522075	0.055070126	0.2716	0.051582397	0.309751733	0.048806159	0.052833333	0.010129596	0.947166667	0.010129596	0.63477925	0.055070126
LEfSe	500	1000	abundant	5	0.775655	0.034580704	0.266036961	0.031740096	0.683	0.053104618	0.381004227	0.031679003	0.21405	0.041552462	0.78595	0.041552462	0.733963039	0.031740096
LEfSe	500	200	abundant	1	0.978123628	0.000546743	0.000714286	0.010101525	0.00025	0.003535534	0.00037037	0.005237828	0.000140292	0.000558893	0.999859708	0.000558893	0.049285714	0.21558472
LEfSe	500	200	abundant	10	0.814706522	0.016740723	0.135504538	0.014301263	0.97575	0.031693214	0.237683717	0.022044211	0.167188889	0.017112739	0.832811111	0.017112739	0.864495462	0.014301263
LEfSe	500	200	abundant	2	0.931076087	0.011011845	0.306534725	0.069241563	0.62475	0.115614754	0.405651404	0.072340504	0.048233333	0.011256552	0.951766667	0.011256552	0.693465275	0.069241563
LEfSe	500	200	abundant	5	0.854130435	0.020262559	0.17930256	0.03037897	0.92475	0.0615947	0.298877143	0.041084229	0.126888889	0.020712838	0.873111111	0.020712838	0.82069744	0.03037897
LEfSe	500	2000	abundant	1	0.818078063	0.001020503	0.000776398	0.010531568	8.15E-05	0.001105815	0.000147551	0.002001475	0.000144928	0.001489511	0.999855072	0.001489511	0.031832298	0.174121488
LEfSe	500	2000	abundant	10	0.452527273	0.074586901	0.214158494	0.024478996	0.735875	0.035406603	0.330745406	0.02820197	0.610438889	0.094708364	0.389561111	0.094708364	0.785841506	0.024478996
LEfSe	500	2000	abundant	2	0.794936364	0.011011213	0.378995139	0.047241292	0.195625	0.033112939	0.256679053	0.035353428	0.071883333	0.014307081	0.928116667	0.014307081	0.621004861	0.047241292
LEfSe	500	2000	abundant	5	0.667954545	0.040921601	0.289645352	0.029374967	0.553425	0.047119482	0.378582197	0.026711573	0.306594444	0.055345003	0.693405556	0.055345003	0.710354648	0.029374967
LEfSe	500	300	abundant	1	0.967682499	0.000309385	0.001675042	0.023629374	0.000502513	0.007088812	0.000773096	0.010905865	7.82E-05	0.000517887	0.999921831	0.000517887	0.043551089	0.201847548
LEfSe	500	300	abundant	10	0.814946237	0.027081229	0.145909667	0.018955476	0.954166667	0.036976383	0.252568678	0.028114471	0.189694444	0.028294126	0.810305556	0.028294126	0.854090333	0.018955476
LEfSe	500	300	abundant	2	0.949553763	0.009378176	0.329015072	0.061351302	0.507666667	0.094085863	0.39497599	0.061930845	0.035716667	0.010321104	0.964283333	0.010321104	0.670984928	0.061351302
LEfSe	500	300	abundant	5	0.880064516	0.025178054	0.201288479	0.032965762	0.873	0.062996991	0.325239021	0.041842179	0.1197	0.027049804	0.8803	0.027049804	0.798711521	0.032965762
LEfSe	500	400	abundant	1	0.957324468	0.000770375	0	0	0	0	0	0	0.000127778	0.000804614	0.999872222	0.000804614	0.05	0.218491861
LEfSe	500	400	abundant	10	0.746654255	0.031621194	0.141368023	0.015866439	0.9605	0.030320731	0.246084736	0.023734015	0.26285	0.033364508	0.73715	0.033364508	0.858631977	0.015866439
LEfSe	500	400	abundant	2	0.931340426	0.011990337	0.319820591	0.054752885	0.51525	0.088673573	0.390979197	0.056547895	0.050166667	0.013403755	0.949833333	0.013403755	0.680179409	0.054752885
LEfSe	500	400	abundant	5	0.836005319	0.028297647	0.196151419	0.027827451	0.890875	0.049759314	0.32019769	0.035498285	0.166433333	0.030583098	0.833566667	0.030583098	0.803848581	0.027827451
LEfSe	500	500	abundant	1	0.947336361	0.000258468	0.001692047	0.023749017	0.000101523	0.001424941	0.000191553	0.002688568	3.95E-05	0.00030482	0.999960519	0.00030482	0.018612521	0.131245963
LEfSe	500	500	abundant	10	0.678847368	0.033476881	0.137812878	0.012663212	0.9599	0.029433342	0.24076956	0.019161226	0.336766667	0.035784299	0.663233333	0.035784299	0.862187122	0.012663212
LEfSe	500	500	abundant	2	0.916810526	0.012452629	0.322911158	0.04969001	0.5077	0.07767158	0.391964691	0.050748605	0.060461111	0.014010922	0.939538889	0.014010922	0.677088842	0.04969001
LEfSe	500	500	abundant	5	0.785778947	0.034531623	0.188688019	0.024857536	0.9046	0.042186949	0.311276904	0.033139882	0.220822222	0.037395716	0.779177778	0.037395716	0.811311981	0.024857536
LEfSe	500	800	abundant	1	0.918323693	0.000378989	0.010249554	0.084262544	0.00026738	0.001813378	0.000514155	0.003487951	7.13E-05	0.000510282	0.999928699	0.000510282	0.021836007	0.135555027
LEfSe	500	800	abundant	10	0.696989796	0.050675147	0.193175644	0.026323913	0.8276875	0.044214201	0.312063163	0.033234289	0.314627778	0.057168195	0.685372222	0.057168195	0.806824356	0.026323913
LEfSe	500	800	abundant	2	0.901913265	0.008207333	0.366724775	0.058487862	0.27125	0.05373897	0.309795959	0.051136986	0.042027778	0.008962867	0.957972222	0.008962867	0.633275225	0.058487862
LEfSe	500	800	abundant	5	0.821954082	0.031367963	0.271024811	0.037355076	0.667875	0.058489546	0.383145717	0.037086471	0.16435	0.036572689	0.83565	0.036572689	0.728975189	0.037355076
limma_voom	500	100	abundant	1	0.988972527	0.000299228	0	0	0	0	0	0	3.89E-05	0.000302552	0.999961111	0.000302552	0.02	0.140351318
limma_voom	500	100	abundant	10	0.950258242	0.01209292	0.179897922	0.033852439	0.9395	0.082606715	0.300305681	0.047575355	0.049622222	0.0125047	0.950377778	0.0125047	0.820102078	0.033852439
limma_voom	500	100	abundant	2	0.978115385	0.007498386	0.288895548	0.090206174	0.5905	0.174677736	0.378004512	0.100389695	0.017577778	0.008171619	0.982422222	0.008171619	0.711104452	0.090206174
limma_voom	500	100	abundant	5	0.960241758	0.012943322	0.214044883	0.049454934	0.89	0.11208396	0.341382715	0.06497263	0.038977778	0.013577405	0.961022222	0.013577405	0.785955117	0.049454934
limma_voom	500	1000	abundant	1	0.86128	0.088532035	0.054672403	0.13816578	0.0159	0.027821939	0.016032397	0.022964937	0.044788889	0.100845571	0.955211111	0.100845571	0.660327597	0.438826741
limma_voom	500	1000	abundant	10	0.41332	0.204462127	0.138300028	0.050793302	0.79955	0.080969611	0.232192347	0.07220594	0.629594444	0.227470798	0.370405556	0.227470798	0.861699972	0.050793302
limma_voom	500	1000	abundant	2	0.742825	0.17025194	0.21302195	0.093463384	0.34585	0.092265062	0.24143915	0.070381529	0.213066667	0.196835636	0.786933333	0.196835636	0.78697805	0.093463384
limma_voom	500	1000	abundant	5	0.548815	0.218480869	0.172759734	0.068314623	0.71425	0.083704658	0.270001196	0.085625681	0.469566667	0.24711768	0.530433333	0.24711768	0.827240266	0.068314623
limma_voom	500	200	abundant	1	0.977755435	0.002272396	0.0095	0.082288424	0.001	0.007017566	0.001651233	0.011780272	0.000516667	0.002322894	0.999483333	0.002322894	0.1705	0.373436476
limma_voom	500	200	abundant	10	0.860782609	0.028374789	0.169212506	0.041068919	0.8845	0.083484118	0.282160457	0.058768336	0.120088889	0.02900534	0.879911111	0.02900534	0.830787494	0.041068919
limma_voom	500	200	abundant	2	0.93576087	0.016316542	0.287883646	0.094108864	0.532	0.127897572	0.361757755	0.09524224	0.043444444	0.016679132	0.956555556	0.016679132	0.712116354	0.094108864
limma_voom	500	200	abundant	5	0.883173913	0.034355645	0.213888176	0.059384518	0.8535	0.094776913	0.336339612	0.074987233	0.0972	0.035119104	0.9028	0.035119104	0.786111824	0.059384518
limma_voom	500	2000	abundant	1	0.724427273	0.219559025	0.074529135	0.145273806	0.028025	0.05273642	0.022217356	0.031018234	0.120816667	0.278976675	0.879183333	0.278976675	0.565470865	0.445793268
limma_voom	500	2000	abundant	10	0.144572727	0.415914064	0.134405346	0.063076531	0.790675	0.077723058	0.223672147	0.084489442	1.352405556	0.512189026	0.352405556	0.512189026	0.865594654	0.063076531
limma_voom	500	2000	abundant	2	0.539781818	0.358830569	0.233376396	0.105561336	0.312475	0.100717274	0.233689607	0.062845523	0.409705556	0.45861542	0.590294444	0.45861542	0.766623604	0.105561336
limma_voom	500	2000	abundant	5	0.111463636	0.451623425	0.166169256	0.081420401	0.682375	0.087821109	0.255387886	0.098487589	1.015405556	0.561407501	0.015405556	0.561407501	0.833830744	0.081420401
limma_voom	500	300	abundant	1	0.964956989	0.009137442	0.007960236	0.072605579	0.002333333	0.014377071	0.002287758	0.011540192	0.002955556	0.009848055	0.997044444	0.009848055	0.357039764	0.477546822
limma_voom	500	300	abundant	10	0.823607527	0.050231798	0.146611672	0.041479824	0.845166667	0.080817812	0.247771468	0.060599984	0.177111111	0.051723206	0.822888889	0.051723206	0.853388328	0.041479824
limma_voom	500	300	abundant	2	0.926666667	0.040481074	0.252878109	0.093380984	0.461666667	0.118229541	0.311225783	0.086190952	0.057833333	0.043756789	0.942166667	0.043756789	0.747121891	0.093380984
limma_voom	500	300	abundant	5	0.876666667	0.05070893	0.200195604	0.060061385	0.798666667	0.090339641	0.314784968	0.076722845	0.120733333	0.053320006	0.879266667	0.053320006	0.799804396	0.060061385
limma_voom	500	400	abundant	1	0.952648936	0.012833046	0.00597285	0.039686828	0.002125	0.011424182	0.002554969	0.012779298	0.005105556	0.013608777	0.994894444	0.013608777	0.46402715	0.49554391
limma_voom	500	400	abundant	10	0.763696809	0.062551888	0.1437053	0.038828922	0.846375	0.071479233	0.243839097	0.056655161	0.239977778	0.065024342	0.760022222	0.065024342	0.8562947	0.038828922
limma_voom	500	400	abundant	2	0.906202128	0.042654657	0.252037982	0.081246754	0.472	0.101822587	0.316508838	0.073437131	0.0745	0.046742215	0.9255	0.046742215	0.747962018	0.081246754
limma_voom	500	400	abundant	5	0.834207447	0.065926752	0.19755752	0.055640595	0.813875	0.086591569	0.313007423	0.071494625	0.164888889	0.070442223	0.835111111	0.070442223	0.80244248	0.055640595
limma_voom	500	500	abundant	1	0.939563158	0.018137586	0.005650482	0.022403595	0.0035	0.014097649	0.003474079	0.011861759	0.008433333	0.019748462	0.991566667	0.019748462	0.479349518	0.495664028
limma_voom	500	500	abundant	10	0.709131579	0.07653538	0.143409147	0.037968326	0.841	0.074718904	0.243324921	0.056008932	0.298194444	0.080042674	0.701805556	0.080042674	0.856590853	0.037968326
limma_voom	500	500	abundant	2	0.879731579	0.060582417	0.248239193	0.079047963	0.4747	0.096750781	0.312952656	0.069724889	0.097766667	0.067191032	0.902233333	0.067191032	0.751760807	0.079047963
limma_voom	500	500	abundant	5	0.778452632	0.079623336	0.182659874	0.048427798	0.818	0.082814802	0.294938272	0.06443706	0.223744444	0.085685458	0.776255556	0.085685458	0.817340126	0.048427798
limma_voom	500	800	abundant	1	0.893744898	0.051111836	0.037808575	0.083425021	0.014875	0.029265238	0.016045968	0.027471417	0.028133333	0.057450622	0.971866667	0.057450622	0.647191425	0.447079336
limma_voom	500	800	abundant	10	0.507137755	0.17287487	0.136023954	0.057012182	0.7893125	0.08844516	0.227232506	0.078436168	0.517944444	0.189387058	0.482055556	0.189387058	0.863976046	0.057012182
limma_voom	500	800	abundant	2	0.791397959	0.137492238	0.216642743	0.094921959	0.343375	0.095245896	0.241412117	0.068484847	0.168777778	0.156269043	0.831222222	0.156269043	0.783357257	0.094921959
limma_voom	500	800	abundant	5	0.63955102	0.176762798	0.175161103	0.071976006	0.697375	0.083233095	0.271304813	0.089914827	0.365588889	0.195478987	0.634411111	0.195478987	0.824838897	0.071976006
LinDA	500	100	abundant	1	0.988851648	0.001023995	0	0	0	0	0	0	0.000161111	0.001035372	0.999838889	0.001035372	0.045	0.207824336
LinDA	500	100	abundant	10	0.949032967	0.00700447	0.163892273	0.027884129	0.8725	0.124786249	0.275318969	0.043475899	0.050116667	0.007076898	0.949883333	0.007076898	0.836107727	0.027884129
LinDA	500	100	abundant	2	0.982587912	0.004711568	0.316573424	0.107081772	0.4455	0.138838506	0.363300943	0.106618725	0.011444444	0.004641099	0.988555556	0.004641099	0.683426576	0.107081772
LinDA	500	100	abundant	5	0.963131868	0.008293046	0.196368197	0.057691856	0.7235	0.181001541	0.305923538	0.079759895	0.034205556	0.008376403	0.965794444	0.008376403	0.803631803	0.057691856
LinDA	500	1000	abundant	1	0.899985	0.000121857	0.0025	0.035355339	5.00E-05	0.000707107	9.80E-05	0.001386484	2.22E-05	0.000155946	0.999977778	0.000155946	0.0175	0.126585423
LinDA	500	1000	abundant	10	0.60312	0.112626369	0.196791198	0.0409714	0.8868	0.036981049	0.319582578	0.054457037	0.4284	0.12727779	0.5716	0.12727779	0.803208802	0.0409714
LinDA	500	1000	abundant	2	0.8794	0.010371976	0.366289513	0.055768276	0.2737	0.054054783	0.310811268	0.048967891	0.0533	0.012234099	0.9467	0.012234099	0.633710487	0.055768276
LinDA	500	1000	abundant	5	0.766435	0.046596264	0.270971428	0.032870502	0.7571	0.056136857	0.397169176	0.035970813	0.232527778	0.05483055	0.767472222	0.05483055	0.729028572	0.032870502
LinDA	500	200	abundant	1	0.97788587	0.001683192	0.005916667	0.051981869	0.00125	0.009293511	0.002004181	0.015326996	0.000383333	0.001720596	0.999616667	0.001720596	0.049083333	0.209044498
LinDA	500	200	abundant	10	0.864070652	0.012038025	0.182701015	0.017099202	0.94875	0.046602537	0.306005267	0.024470709	0.116727778	0.012305537	0.883272222	0.012305537	0.817298985	0.017099202
LinDA	500	200	abundant	2	0.946266304	0.007754064	0.335013002	0.079644811	0.49075	0.133193996	0.392251179	0.085490877	0.032705556	0.007926376	0.967294444	0.007926376	0.664986998	0.079644811
LinDA	500	200	abundant	5	0.892880435	0.013659246	0.233761266	0.037257949	0.87975	0.084932356	0.367247761	0.04625242	0.087277778	0.013962785	0.912722222	0.013962785	0.766238734	0.037257949
LinDA	500	2000	abundant	1	0.818172727	0.000128565	0	0	0	0	0	0	1.11E-05	0.000157135	0.999988889	0.000157135	0.005	0.070710678
LinDA	500	2000	abundant	10	0.503363636	0.049071786	0.241029522	0.018753828	0.796025	0.032946956	0.3694407	0.021486339	0.561672222	0.063306537	0.438327778	0.063306537	0.758970478	0.018753828
LinDA	500	2000	abundant	2	0.794372727	0.010577961	0.377641478	0.046709956	0.19805	0.037556624	0.258032773	0.038091361	0.073111111	0.015069786	0.926888889	0.015069786	0.622358522	0.046709956
LinDA	500	2000	abundant	5	0.652372727	0.037417882	0.294206175	0.023383499	0.6395	0.049517775	0.401646627	0.021653545	0.344766667	0.052629309	0.655233333	0.052629309	0.705793825	0.023383499
LinDA	500	300	abundant	1	0.967623656	0.000713334	0.006071429	0.072241427	0.000666667	0.007442315	0.001004399	0.01064635	0.000144444	0.000940635	0.999855556	0.000940635	0.058928571	0.234283165
LinDA	500	300	abundant	10	0.870037634	0.016273975	0.192888788	0.020382718	0.9355	0.042674086	0.31927142	0.028014921	0.132144444	0.01716002	0.867855556	0.01716002	0.807111212	0.020382718
LinDA	500	300	abundant	2	0.95438172	0.00768269	0.344940927	0.072397242	0.435333333	0.108830646	0.379458401	0.074093728	0.028316667	0.008674822	0.971683333	0.008674822	0.655059073	0.072397242
LinDA	500	300	abundant	5	0.909290323	0.014457641	0.246305167	0.029686182	0.854333333	0.066776292	0.380874615	0.035440627	0.088877778	0.015897958	0.911122222	0.015897958	0.753694833	0.029686182
LinDA	500	400	abundant	1	0.957271277	0.000903555	0.005	0.070710678	0.000125	0.001767767	0.000243902	0.003449301	0.000188889	0.000939315	0.999811111	0.000939315	0.065	0.247144496
LinDA	500	400	abundant	10	0.823351064	0.019349764	0.188623165	0.017873803	0.94225	0.035567015	0.313902997	0.024690063	0.181933333	0.020543892	0.818066667	0.020543892	0.811376835	0.017873803
LinDA	500	400	abundant	2	0.938058511	0.00865866	0.334871099	0.053967352	0.4475	0.095205411	0.379282093	0.060594631	0.040138889	0.010005233	0.959861111	0.010005233	0.665128901	0.053967352
LinDA	500	400	abundant	5	0.875468085	0.016960573	0.241347553	0.025253293	0.8795	0.055916305	0.377638144	0.029867758	0.124711111	0.018901937	0.875288889	0.018901937	0.758652447	0.025253293
LinDA	500	500	abundant	1	0.947321053	0.000242885	0.0025	0.035355339	1.00E-04	0.001414214	0.000192308	0.002719641	5.56E-05	0.000267104	0.999944444	0.000267104	0.0425	0.199102887
LinDA	500	500	abundant	10	0.774868421	0.021295593	0.184071844	0.01426123	0.9461	0.032713005	0.307881918	0.019886867	0.234644444	0.023045541	0.765355556	0.023045541	0.815928156	0.01426123
LinDA	500	500	abundant	2	0.924194737	0.009777934	0.339554146	0.051152487	0.451	0.082419444	0.384355726	0.05366856	0.049516667	0.01136973	0.950483333	0.01136973	0.660445854	0.051152487
LinDA	500	500	abundant	5	0.838931579	0.022099211	0.234106314	0.02529496	0.888	0.047149927	0.369653962	0.031766815	0.163794444	0.024049208	0.836205556	0.024049208	0.765893686	0.02529496
LinDA	500	800	abundant	1	0.918295918	0.000496008	0.005079365	0.044634333	0.0006875	0.006413992	0.001202679	0.011121969	0.000138889	0.000931539	0.999861111	0.000931539	0.024920635	0.146064948
LinDA	500	800	abundant	10	0.662892857	0.076375372	0.187389754	0.038335304	0.8805	0.038433523	0.306834218	0.049843303	0.35645	0.084772768	0.64355	0.084772768	0.812610246	0.038335304
LinDA	500	800	abundant	2	0.901331633	0.008737374	0.362963156	0.057875355	0.2681875	0.05818385	0.305518525	0.051825758	0.042388889	0.010531357	0.957611111	0.010531357	0.637036844	0.057875355
LinDA	500	800	abundant	5	0.805510204	0.05179385	0.269486946	0.044450347	0.7465	0.06194046	0.39270436	0.048236395	0.189244444	0.058988071	0.810755556	0.058988071	0.730513054	0.044450347
MaAsLin2	500	100	abundant	1	0.988989011	0.000268949	0.005	0.070710678	5.00E-04	0.007071068	0.000909091	0.012856487	2.78E-05	0.000259744	0.999972222	0.000259744	0.015	0.121857483
MaAsLin2	500	100	abundant	10	0.911159341	0.004961254	0.109920993	0.006149271	0.995	0.024039331	0.19792143	0.010071592	0.089772222	0.00503391	0.910227778	0.00503391	0.890079007	0.006149271
MaAsLin2	500	100	abundant	2	0.973571429	0.008836477	0.260964232	0.080316938	0.661	0.155240128	0.364687609	0.085004304	0.022955556	0.009609563	0.977044444	0.009609563	0.739035768	0.080316938
MaAsLin2	500	100	abundant	5	0.927082418	0.010406971	0.131062065	0.017734214	0.9795	0.048388607	0.230700375	0.027157656	0.0735	0.010656676	0.9265	0.010656676	0.868937935	0.017734214
MaAsLin2	500	1000	abundant	1	0.899985	0.000157796	0.0025	0.035355339	5.00E-05	0.000707107	9.80E-05	0.001386484	2.22E-05	0.000191642	0.999977778	0.000191642	0.0125	0.105591181
MaAsLin2	500	1000	abundant	10	0.42175	0.068859682	0.139688732	0.014614087	0.91335	0.032720493	0.241922521	0.021218753	0.632872222	0.078214954	0.367127778	0.078214954	0.860311268	0.014614087
MaAsLin2	500	1000	abundant	2	0.87555	0.011891363	0.349592218	0.056438606	0.27335	0.054820653	0.303961936	0.048642702	0.057538889	0.014193752	0.942461111	0.014193752	0.650407782	0.056438606
MaAsLin2	500	1000	abundant	5	0.6561	0.063525803	0.20090524	0.028915364	0.7877	0.054686957	0.318379924	0.034071729	0.358522222	0.074382051	0.641477778	0.074382051	0.79909476	0.028915364
MaAsLin2	500	200	abundant	1	0.978108696	0.000815736	0.0025	0.035355339	0.00025	0.003535534	0.000454545	0.006428243	0.000155556	0.000833864	0.999844444	0.000833864	0.0175	0.126585423
MaAsLin2	500	200	abundant	10	0.789163043	0.013486535	0.114788087	0.008900152	0.982	0.027473148	0.205433311	0.014246373	0.1933	0.013786236	0.8067	0.013786236	0.885211913	0.008900152
MaAsLin2	500	200	abundant	2	0.933375	0.014138121	0.286230512	0.076079965	0.55175	0.131131288	0.369286595	0.079690071	0.045883333	0.014452301	0.954116667	0.014452301	0.713769488	0.076079965
MaAsLin2	500	200	abundant	5	0.828902174	0.023207763	0.147423305	0.024356255	0.93675	0.062098459	0.253611074	0.034779288	0.152677778	0.023723491	0.847322222	0.023723491	0.852576695	0.024356255
MaAsLin2	500	2000	abundant	1	0.818172727	0.000128565	0	0	0	0	0	0	1.11E-05	0.000157135	0.999988889	0.000157135	0.005	0.070710678
MaAsLin2	500	2000	abundant	10	0.201863636	0.094855973	0.167758993	0.016807195	0.84265	0.031598574	0.279285275	0.022436022	0.940533333	0.119534685	0.059466667	0.119534685	0.832241007	0.016807195
MaAsLin2	500	2000	abundant	2	0.790563636	0.013332089	0.367072314	0.050019907	0.20145	0.03704062	0.257949435	0.036226027	0.078522222	0.018911738	0.921477778	0.018911738	0.632927686	0.050019907
MaAsLin2	500	2000	abundant	5	0.532763636	0.072541439	0.236219973	0.027003363	0.68125	0.05256427	0.348999211	0.027085433	0.500233333	0.09661217	0.499766667	0.09661217	0.763780027	0.027003363
MaAsLin2	500	300	abundant	1	0.967666667	0.000533675	0.001	0.014142136	0.000333333	0.004714045	5.00E-04	0.007071068	8.89E-05	0.000689899	0.999911111	0.000689899	0.034	0.179457586
MaAsLin2	500	300	abundant	10	0.759	0.023707266	0.116546134	0.01076534	0.9735	0.027818005	0.207991553	0.017048568	0.24815	0.024675643	0.75185	0.024675643	0.883453866	0.01076534
MaAsLin2	500	300	abundant	2	0.946139785	0.012529572	0.300392688	0.068343937	0.456166667	0.106073387	0.355144635	0.066361658	0.037527778	0.014273757	0.962472222	0.014273757	0.699607312	0.068343937
MaAsLin2	500	300	abundant	5	0.831715054	0.033807117	0.154934005	0.026068123	0.907166667	0.055604641	0.263339866	0.036224279	0.1708	0.035955173	0.8292	0.035955173	0.845065995	0.026068123
MaAsLin2	500	400	abundant	1	0.957335106	0.000625495	0.005	0.070710678	0.000125	0.001767767	0.000243902	0.003449301	0.000122222	0.0006475	0.999877778	0.0006475	0.05	0.218491861
MaAsLin2	500	400	abundant	10	0.674457447	0.025082694	0.114222763	0.008221428	0.9785	0.02364945	0.204453557	0.012983215	0.339055556	0.026511214	0.660944444	0.026511214	0.885777237	0.008221428
MaAsLin2	500	400	abundant	2	0.92587766	0.015824471	0.290226744	0.057511533	0.47575	0.099808548	0.35489275	0.058560667	0.054116667	0.018233208	0.945883333	0.018233208	0.709773256	0.057511533
MaAsLin2	500	400	abundant	5	0.77156383	0.038351399	0.151756997	0.022902329	0.9225	0.046009066	0.259686813	0.032089314	0.235144444	0.041030571	0.764855556	0.041030571	0.848243003	0.022902329
MaAsLin2	500	500	abundant	1	0.947326104	0.000232726	0.002512563	0.03544406	0.000100503	0.001417762	0.000193274	0.002726466	5.03E-05	0.000257	0.999949749	0.000257	0.037688442	0.187586164
MaAsLin2	500	500	abundant	10	0.5953	0.026436197	0.113745811	0.006434231	0.9809	0.020476485	0.203778222	0.010224046	0.426122222	0.028350651	0.573877778	0.028350651	0.886254189	0.006434231
MaAsLin2	500	500	abundant	2	0.911263158	0.016136019	0.297859636	0.053452359	0.4749	0.08361187	0.36183224	0.051678574	0.064494444	0.018652176	0.935505556	0.018652176	0.702140364	0.053452359
MaAsLin2	500	500	abundant	5	0.703468421	0.044549749	0.146511534	0.018919961	0.938	0.039595949	0.252802771	0.027409593	0.309561111	0.048077101	0.690438889	0.048077101	0.853488466	0.018919961
MaAsLin2	500	800	abundant	1	0.918280612	0.000576663	0.003333333	0.027505646	0.0001875	0.001523219	0.000354374	0.002879056	0.000111111	0.000713244	0.999888889	0.000713244	0.026666667	0.153308934
MaAsLin2	500	800	abundant	10	0.535658163	0.060954108	0.14126505	0.015979107	0.906875	0.033782438	0.24399632	0.023271319	0.497338889	0.067822833	0.502661111	0.067822833	0.85873495	0.015979107
MaAsLin2	500	800	abundant	2	0.897755102	0.011185031	0.345495624	0.061938212	0.2674375	0.058588634	0.297783111	0.051240683	0.046216667	0.013564942	0.953783333	0.013564942	0.654504376	0.061938212
MaAsLin2	500	800	abundant	5	0.723284791	0.059554259	0.203545081	0.035268552	0.776758794	0.059499042	0.32013116	0.041081088	0.281468453	0.06784276	0.718531547	0.06784276	0.796454919	0.035268552
metagenomeSeq	500	200	abundant	1	0.99	0	0	0	0	0	0	0	0	0	1	0	0	0
metagenomeSeq	500	200	abundant	2	0.995811224	0.001722374	0.79930984	0.116748822	0.807653061	0.070474109	0.797409085	0.06989567	0.002288188	0.001680868	0.997711812	0.001680868	0.20069016	0.116748822
metagenomeSeq	500	200	abundant	5	0.982780612	0.003808608	0.366477502	0.052226605	0.919897959	0.0559546	0.521691494	0.054872323	0.016584209	0.00392599	0.983415791	0.00392599	0.633522498	0.052226605
metagenomeSeq	500	200	abundant	10	0.971542105	0.005411111	0.264816322	0.036932207	0.997894737	0.010094736	0.417231012	0.045953596	0.028724083	0.005469034	0.971275917	0.005469034	0.735183678	0.036932207
metagenomeSeq	500	300	abundant	1	0.984989796	7.11E-05	0	0	0	0	0	0	1.04E-05	7.21E-05	0.999989641	7.21E-05	0.020408163	0.142118858
metagenomeSeq	500	300	abundant	2	0.993919192	0.001848479	0.827200039	0.10108382	0.774074074	0.06607828	0.79416524	0.052168245	0.002732913	0.002005318	0.997267087	0.002005318	0.172799961	0.10108382
metagenomeSeq	500	300	abundant	5	0.975326531	0.005147365	0.378638252	0.053800018	0.933333333	0.041174064	0.5364008	0.053716676	0.024033979	0.005318962	0.975966021	0.005318962	0.621361748	0.053800018
metagenomeSeq	500	300	abundant	10	0.957353535	0.007189935	0.263858467	0.031912596	0.997979798	0.009304842	0.416344883	0.039802838	0.043265139	0.007320855	0.956734861	0.007320855	0.736141533	0.031912596
metagenomeSeq	500	400	abundant	1	0.979989899	7.07E-05	0	0	0	0	0	0	1.03E-05	7.21E-05	0.999989693	7.21E-05	0.02020202	0.141406779
metagenomeSeq	500	400	abundant	2	0.991974747	0.002641287	0.806843769	0.09690083	0.807323232	0.056947493	0.802998701	0.055665974	0.004256854	0.002621032	0.995743146	0.002621032	0.193156231	0.09690083
metagenomeSeq	500	400	abundant	5	0.964316327	0.006581914	0.359385627	0.044404864	0.951530612	0.028900899	0.520082984	0.046640072	0.035422741	0.00678011	0.964577259	0.00678011	0.640614373	0.044404864
metagenomeSeq	500	400	abundant	10	0.939109375	0.009422594	0.250492462	0.028954348	0.999479167	0.003589397	0.399734398	0.036857529	0.062122662	0.009625015	0.937877338	0.009625015	0.749507538	0.028954348
metagenomeSeq	500	500	abundant	1	0.974985	8.57E-05	0.005	0.05	2.00E-04	0.002	0.000384615	0.003846154	2.05E-05	0.000100998	0.999979487	0.000100998	0.035	0.177738316
metagenomeSeq	500	500	abundant	2	0.989262887	0.003144185	0.793582543	0.092390244	0.791958763	0.053825319	0.788661954	0.05060986	0.005678033	0.003288861	0.994321967	0.003288861	0.206417457	0.092390244
metagenomeSeq	500	500	abundant	5	0.953221649	0.008175793	0.347530676	0.040304391	0.950103093	0.026944961	0.507453474	0.042850238	0.046698388	0.008519555	0.953301612	0.008519555	0.652469324	0.040304391
metagenomeSeq	500	500	abundant	10	0.921237374	0.011974536	0.243823769	0.027603538	0.998181818	0.006446584	0.391126584	0.035569021	0.080735561	0.012293984	0.919264439	0.012293984	0.756176231	0.027603538
metagenomeSeq	500	800	abundant	1	0.96	0	0	0	0	0	0	0	0	0	1	0	0	0
metagenomeSeq	500	800	abundant	2	0.976878788	0.00370885	0.781133443	0.084032813	0.599747475	0.055615176	0.674925492	0.046044331	0.007407407	0.003776037	0.992592593	0.003776037	0.218866557	0.084032813
metagenomeSeq	500	800	abundant	5	0.939843434	0.010680338	0.397023745	0.04506039	0.916414141	0.025545482	0.552585379	0.044904189	0.059180345	0.01103716	0.940819655	0.01103716	0.602976255	0.04506039
metagenomeSeq	500	800	abundant	10	0.893163265	0.014926931	0.271001603	0.027626491	0.96619898	0.01943211	0.422455094	0.033291208	0.109879889	0.015754307	0.890120111	0.015754307	0.728998397	0.027626491
metagenomeSeq	500	1000	abundant	1	0.949979798	0.000158423	0.01010101	0.100503782	0.00010101	0.001005038	0.00020002	0.001990174	2.66E-05	0.000157244	0.999973418	0.000157244	0.03030303	0.172292197
metagenomeSeq	500	1000	abundant	2	0.971045918	0.004398973	0.771364124	0.076190778	0.609285714	0.048847543	0.678150326	0.042987999	0.009914071	0.004356985	0.990085929	0.004356985	0.228635876	0.076190778
metagenomeSeq	500	1000	abundant	5	0.923793814	0.011078262	0.392515806	0.039058723	0.919793814	0.025616538	0.549180338	0.039022589	0.075995659	0.011498313	0.924004341	0.011498313	0.607484194	0.039058723
metagenomeSeq	500	1000	abundant	10	0.863760204	0.019758755	0.267593591	0.030212357	0.96744898	0.014452997	0.418280855	0.036135685	0.1416971	0.021026779	0.8583029	0.021026779	0.732406409	0.030212357
metagenomeSeq	500	2000	abundant	1	0.899994949	8.73E-05	0.01010101	0.100503782	5.05E-05	0.000502519	0.000100508	0.001000038	1.12E-05	7.86E-05	0.999988777	7.86E-05	0.02020202	0.141406779
metagenomeSeq	500	2000	abundant	2	0.934308081	0.005967047	0.770276254	0.071616987	0.499393939	0.042655913	0.602904757	0.032121028	0.017368126	0.007589885	0.982631874	0.007589885	0.229723746	0.071616987
metagenomeSeq	500	2000	abundant	5	0.873010309	0.017762023	0.43651023	0.037765607	0.876752577	0.024759691	0.581818979	0.034523088	0.127405498	0.01996794	0.872594502	0.01996794	0.56348977	0.037765607
metagenomeSeq	500	2000	abundant	10	0.779363636	0.023962324	0.306327844	0.023326654	0.93969697	0.016127967	0.461499086	0.026372817	0.238451178	0.02704187	0.761548822	0.02704187	0.693672156	0.023326654
metagenomeSeq	500	100	abundant	1	0.994994949	5.03E-05	0	0	0	0	0	0	5.08E-06	5.05E-05	0.999994924	5.05E-05	0.01010101	0.100503782
metagenomeSeq	500	100	abundant	2	0.997785714	0.001235222	0.8242045	0.154517985	0.760204082	0.120770547	0.777784898	0.105686003	0.001020408	0.001141932	0.998979592	0.001141932	0.1757955	0.154517985
metagenomeSeq	500	100	abundant	5	0.990376289	0.002487501	0.34247749	0.062864661	0.913402062	0.073070836	0.494540323	0.066710275	0.009236906	0.002567903	0.990763094	0.002567903	0.65752251	0.062864661
metagenomeSeq	500	100	abundant	10	0.984636364	0.002881873	0.250414145	0.035430145	1	0	0.399269327	0.044977373	0.015440841	0.002896355	0.984559159	0.002896355	0.749585855	0.035430145
Wilcox	500	100	abundant	1	0.988934066	0.000588228	0	0	0	0	0	0	7.78E-05	0.000594764	0.999922222	0.000594764	0.035	0.184240939
Wilcox	500	100	abundant	10	0.916703297	0.005739208	0.11640134	0.007831191	0.9935	0.026670331	0.20830626	0.012650331	0.08415	0.005820566	0.91585	0.005820566	0.88359866	0.007831191
Wilcox	500	100	abundant	2	0.972741758	0.008957168	0.262020712	0.076673308	0.708	0.159886895	0.372965441	0.081347873	0.024316667	0.009818236	0.975683333	0.009818236	0.737979288	0.076673308
Wilcox	500	100	abundant	5	0.932664835	0.010429129	0.141200618	0.021455186	0.982	0.044563771	0.246243358	0.031999842	0.067883333	0.010633858	0.932116667	0.010633858	0.858799382	0.021455186
Wilcox	500	1000	abundant	1	0.899975	0.000211182	0.005	0.070710678	5.00E-05	0.000707107	9.90E-05	0.001400211	3.33E-05	0.000220259	0.999966667	0.000220259	0.025	0.156516732
Wilcox	500	1000	abundant	10	0.61566	0.060036625	0.188688434	0.023648157	0.839	0.041139547	0.307086399	0.03022429	0.409155556	0.068983135	0.590844444	0.068983135	0.811311566	0.023648157
Wilcox	500	1000	abundant	2	0.8815	0.009129994	0.366689107	0.058210559	0.24975	0.05298561	0.294914648	0.05094909	0.048305556	0.01048246	0.951694444	0.01048246	0.633310893	0.058210559
Wilcox	500	1000	abundant	5	0.77765	0.034871588	0.267203278	0.032434237	0.67725	0.055455514	0.381144947	0.031979644	0.211194444	0.042123358	0.788805556	0.042123358	0.732796722	0.032434237
Wilcox	500	200	abundant	1	0.978092391	0.00087919	0.003333333	0.037211575	0.00075	0.007889787	0.001079545	0.01090304	0.000172222	0.000898728	0.999827778	0.000898728	0.041666667	0.195389345
Wilcox	500	200	abundant	10	0.815619565	0.017103637	0.136260908	0.014932256	0.97525	0.032094983	0.238809156	0.022943084	0.166255556	0.017483717	0.833744444	0.017483717	0.863739092	0.014932256
Wilcox	500	200	abundant	2	0.934809783	0.011523603	0.30888353	0.072242323	0.579	0.127437047	0.396414404	0.077750721	0.044416667	0.011779683	0.955583333	0.011779683	0.69111647	0.072242323
Wilcox	500	200	abundant	5	0.856038043	0.020713373	0.182224232	0.032402785	0.92225	0.06214295	0.302659537	0.04334793	0.124938889	0.02117367	0.875061111	0.02117367	0.817775768	0.032402785
Wilcox	500	2000	abundant	1	0.818154545	0.000180212	0	0	0	0	0	0	3.33E-05	0.000220259	0.999966667	0.000220259	0.025	0.156516732
Wilcox	500	2000	abundant	10	0.457595455	0.075033661	0.215521247	0.024857559	0.73325	0.036590735	0.33205876	0.02842661	0.603661111	0.095508851	0.396338889	0.095508851	0.784478753	0.024857559
Wilcox	500	2000	abundant	2	0.797568182	0.010273044	0.381592489	0.050247766	0.178225	0.033796232	0.241371578	0.03708219	0.0648	0.01386738	0.9352	0.01386738	0.618407511	0.050247766
Wilcox	500	2000	abundant	5	0.672372727	0.040518135	0.29174063	0.029561425	0.546125	0.047738919	0.378560666	0.026589658	0.299572222	0.055092732	0.700427778	0.055092732	0.70825937	0.029561425
Wilcox	500	300	abundant	1	0.967688172	0.000300093	0.001666667	0.023570226	5.00E-04	0.007071068	0.000769231	0.010878566	7.22E-05	0.000511394	0.999927778	0.000511394	0.038333333	0.18955854
Wilcox	500	300	abundant	10	0.816075269	0.027262074	0.146560253	0.019243704	0.9525	0.038601675	0.253455503	0.028388213	0.188472222	0.028543318	0.811527778	0.028543318	0.853439747	0.019243704
Wilcox	500	300	abundant	2	0.951349462	0.009253892	0.331800765	0.067288502	0.466666667	0.102943827	0.382359123	0.068066905	0.032494444	0.010475687	0.967505556	0.010475687	0.668199235	0.067288502
Wilcox	500	300	abundant	5	0.882494624	0.025754428	0.204689325	0.035034553	0.869	0.067541166	0.329181623	0.044065889	0.117055556	0.027702466	0.882944444	0.027702466	0.795310675	0.035034553
Wilcox	500	400	abundant	1	0.957382979	0.000313486	0	0	0	0	0	0	6.67E-05	0.000327418	0.999933333	0.000327418	0.045	0.207824336
Wilcox	500	400	abundant	10	0.748537234	0.032265517	0.142287816	0.016393178	0.959625	0.03157084	0.247418912	0.024405168	0.260844444	0.034085182	0.739155556	0.034085182	0.857712184	0.016393178
Wilcox	500	400	abundant	2	0.933819149	0.011888761	0.324907373	0.059882489	0.48475	0.100087587	0.384255126	0.061883017	0.046222222	0.013682838	0.953777778	0.013682838	0.675092627	0.059882489
Wilcox	500	400	abundant	5	0.838297872	0.028679713	0.19821751	0.028627315	0.887625	0.053165943	0.322623731	0.036127534	0.163894444	0.031079588	0.836105556	0.031079588	0.80178249	0.028627315
Wilcox	500	500	abundant	1	0.947321053	0.000338634	0.001666667	0.023570226	1.00E-04	0.001414214	0.000188679	0.002668327	5.56E-05	0.000381825	0.999944444	0.000381825	0.023333333	0.147603223
Wilcox	500	500	abundant	10	0.680721053	0.034164712	0.138449614	0.013039749	0.9587	0.029811974	0.241686947	0.019664123	0.334722222	0.036549608	0.665277778	0.036549608	0.861550386	0.013039749
Wilcox	500	500	abundant	2	0.919294737	0.012551146	0.325164102	0.053941206	0.4728	0.082133364	0.381924762	0.054101087	0.0559	0.014299791	0.9441	0.014299791	0.674835898	0.053941206
Wilcox	500	500	abundant	5	0.788821053	0.035140682	0.190857313	0.0262048	0.9019	0.041509096	0.313982899	0.034624171	0.217461111	0.038017171	0.782538889	0.038017171	0.809142687	0.0262048
Wilcox	500	800	abundant	1	0.918331633	0.000277854	0.010138889	0.082382322	0.0004375	0.003837444	0.000812425	0.00698346	7.78E-05	0.000528486	0.999922222	0.000528486	0.019861111	0.127533495
Wilcox	500	800	abundant	10	0.698392857	0.050991935	0.193729876	0.026524626	0.82575	0.044014188	0.312625354	0.033389205	0.312927778	0.057548419	0.687072222	0.057548419	0.806270124	0.026524626
Wilcox	500	800	abundant	2	0.903321429	0.007983744	0.366820734	0.061069844	0.2481875	0.054311553	0.293723248	0.052735307	0.038444444	0.008977089	0.961555556	0.008977089	0.633179266	0.061069844
Wilcox	500	800	abundant	5	0.823678571	0.031039863	0.272416858	0.0371697	0.663	0.060070101	0.383613353	0.036286054	0.162038889	0.036476382	0.837961111	0.036476382	0.727583142	0.0371697
ZicoSeq	500	100	abundant	1	0.989010989	0	0	0	0	0	0	0	0	0	1	0	0	0
ZicoSeq	500	100	abundant	10	0.987967033	0.003603199	0.020850175	0.071506441	0.0455	0.156852682	0.028419691	0.097240517	0.001561111	0.005242547	0.998438889	0.005242547	0.064149825	0.211970382
ZicoSeq	500	100	abundant	2	0.989010989	0	0	0	0	0	0	0	0	0	1	0	0	0
ZicoSeq	500	100	abundant	5	0.988703297	0.001814094	0.008154534	0.047361905	0.0165	0.095516317	0.010910294	0.063290448	0.000494444	0.002834863	0.999505556	0.002834863	0.021845466	0.124860277
ZicoSeq	500	1000	abundant	1	0.9	0	0	0	0	0	0	0	0	0	1	0	0	0
ZicoSeq	500	1000	abundant	10	0.84887	0.00724885	0.372220841	0.016811976	0.7438	0.038010313	0.496016179	0.021966802	0.139455556	0.006664796	0.860544444	0.006664796	0.627779159	0.016811976
ZicoSeq	500	1000	abundant	2	0.875105	0.01086389	0.387304093	0.039819621	0.4192	0.085750368	0.398211609	0.052089137	0.074238889	0.01680884	0.925761111	0.01680884	0.612695907	0.039819621
ZicoSeq	500	1000	abundant	5	0.84889	0.008635436	0.368127264	0.018842641	0.71085	0.049477445	0.484586537	0.024033335	0.135772222	0.010415821	0.864227778	0.010415821	0.631872736	0.018842641
ZicoSeq	500	200	abundant	1	0.97826087	0	0	0	0	0	0	0	0	0	1	0	0	0
ZicoSeq	500	200	abundant	10	0.967157609	0.016516131	0.133961445	0.163049107	0.20425	0.249611633	0.161256654	0.195954465	0.01135	0.016883157	0.98865	0.016883157	0.286038555	0.339459829
ZicoSeq	500	200	abundant	2	0.977565217	0.005970475	0.008953599	0.05203076	0.01325	0.077407345	0.010682273	0.062196451	0.000711111	0.006103152	0.999288889	0.006103152	0.021046401	0.12040001
ZicoSeq	500	200	abundant	5	0.975184783	0.009828389	0.032958501	0.098561662	0.05325	0.161110897	0.040279247	0.120106484	0.003144444	0.010046798	0.996855556	0.010046798	0.072041499	0.211824126
ZicoSeq	500	2000	abundant	1	0.818181818	0	0	0	0	0	0	0	0	0	1	0	0	0
ZicoSeq	500	2000	abundant	10	0.769690909	0.010027762	0.400249441	0.020792584	0.535525	0.032015219	0.458049064	0.02486795	0.178272222	0.006971175	0.821727778	0.006971175	0.599750559	0.020792584
ZicoSeq	500	2000	abundant	2	0.787236364	0.011148895	0.401767441	0.032914406	0.3441	0.053252881	0.368492701	0.039754382	0.114288889	0.018065456	0.885711111	0.018065456	0.598232559	0.032914406
ZicoSeq	500	2000	abundant	5	0.766977273	0.009320953	0.395655591	0.018871609	0.5341	0.032826482	0.454412362	0.023084925	0.181272222	0.008565732	0.818727778	0.008565732	0.604344409	0.018871609
ZicoSeq	500	300	abundant	1	0.967741935	0	0	0	0	0	0	0	0	0	1	0	0	0
ZicoSeq	500	300	abundant	10	0.955596774	0.005750525	0.327955344	0.086576944	0.4005	0.11755358	0.358585163	0.095041418	0.0259	0.007506549	0.9741	0.007506549	0.632044656	0.140428854
ZicoSeq	500	300	abundant	2	0.966139785	0.004273959	0.054600349	0.131196972	0.059333333	0.142841859	0.056815134	0.13657334	0.003633333	0.008587658	0.996366667	0.008587658	0.100399651	0.236870282
ZicoSeq	500	300	abundant	5	0.959263441	0.006755318	0.279011941	0.158780978	0.317333333	0.181929604	0.295986888	0.167890714	0.019338889	0.010968429	0.980661111	0.010968429	0.505988059	0.27250044
ZicoSeq	500	400	abundant	1	0.957446809	0	0	0	0	0	0	0	0	0	1	0	0	0
ZicoSeq	500	400	abundant	10	0.941132979	0.006690342	0.344342689	0.055877366	0.418	0.084997783	0.37552776	0.060375286	0.035616667	0.007018624	0.964383333	0.007018624	0.655657311	0.055877366
ZicoSeq	500	400	abundant	2	0.953962766	0.006468772	0.09745806	0.163295582	0.105	0.17613594	0.100907165	0.168951522	0.008305556	0.013884449	0.991694444	0.013884449	0.17254194	0.285923264
ZicoSeq	500	400	abundant	5	0.944787234	0.006593347	0.334482185	0.106929173	0.37875	0.127173318	0.354091282	0.113689021	0.030055556	0.009564465	0.969944444	0.009564465	0.595517815	0.172621446
ZicoSeq	500	500	abundant	1	0.947368421	0	0	0	0	0	0	0	0	0	1	0	0	0
ZicoSeq	500	500	abundant	10	0.926236842	0.007781118	0.340438653	0.050887091	0.4236	0.077388532	0.375890191	0.056285216	0.045838889	0.007846468	0.954161111	0.007846468	0.659561347	0.050887091
ZicoSeq	500	500	abundant	2	0.940657895	0.008275277	0.172293256	0.187105582	0.1742	0.189975825	0.172937782	0.187846626	0.016761111	0.018146914	0.983238889	0.018146914	0.297706744	0.319079399
ZicoSeq	500	500	abundant	5	0.931184211	0.007001033	0.363071213	0.056204099	0.4085	0.072968294	0.383024796	0.057838916	0.039777778	0.007531805	0.960222222	0.007531805	0.631928787	0.067156115
ZicoSeq	500	800	abundant	1	0.918367347	0	0	0	0	0	0	0	0	0	1	0	0	0
ZicoSeq	500	800	abundant	10	0.872581633	0.006549645	0.364099457	0.017682572	0.75025	0.042972908	0.490078222	0.023421106	0.116544444	0.006278273	0.883455556	0.006278273	0.635900543	0.017682572
ZicoSeq	500	800	abundant	2	0.898571429	0.008452347	0.384122105	0.04338398	0.401625	0.100612992	0.387404413	0.062448356	0.057255556	0.013650567	0.942744444	0.013650567	0.615877895	0.04338398
ZicoSeq	500	800	abundant	5	0.873673469	0.008568547	0.362934956	0.021645869	0.72075	0.056132135	0.482112068	0.027064081	0.112733333	0.010279813	0.887266667	0.010279813	0.637065044	0.021645869
