name	Sample	OTU	type	effect	mean_Accuracy	sd_Accuracy	mean_Precision	sd_Precision	mean_TPR	sd_TPR	mean_F1_score	sd_F1_score	mean_FPR	sd_FPR	mean_Specificity	sd_Specificity	mean_FDR	sd_FDR
AAnew_TSS	50	100	abundant	1	0.8336	0.033166857	0.034910714	0.116520818	0.019	0.04648232	0.022195715	0.054019381	0.075888889	0.036187392	0.924111111	0.036187392	0.965089286	0.116520818
AAnew_TSS	50	100	abundant	2	0.8937	0.029904055	0.484198819	0.164506303	0.425	0.15594288	0.440859352	0.142423916	0.054222222	0.028482858	0.945777778	0.028482858	0.515801181	0.164506303
AAnew_TSS	50	100	abundant	5	0.9531	0.036395554	0.72966052	0.165660418	0.956	0.076962538	0.817343422	0.119975876	0.047222222	0.03879257	0.952777778	0.03879257	0.27033948	0.165660418
AAnew_TSS	50	100	abundant	10	0.9802	0.017348478	0.855793275	0.112531873	0.99	0.030151134	0.91398494	0.069740555	0.020888889	0.018704787	0.979111111	0.018704787	0.144206725	0.112531873
AAnew_TSS	50	200	abundant	1	0.80645	0.02839383	0.039797969	0.047308986	0.0405	0.048562674	0.039084281	0.045673299	0.108444444	0.031816204	0.891555556	0.031816204	0.960202031	0.047308986
AAnew_TSS	50	200	abundant	2	0.8646	0.026464003	0.33681646	0.110886749	0.332	0.107195658	0.329059632	0.099210227	0.076222222	0.02647424	0.923777778	0.02647424	0.66318354	0.110886749
AAnew_TSS	50	200	abundant	5	0.95005	0.022230371	0.721511548	0.105765248	0.8655	0.076440708	0.780888546	0.074053997	0.040555556	0.024763503	0.959444444	0.024763503	0.278488452	0.105765248
AAnew_TSS	50	200	abundant	10	0.9712	0.026074098	0.817547175	0.119450813	0.9635	0.041350314	0.878567048	0.078677379	0.027944444	0.029380847	0.972055556	0.029380847	0.182452825	0.119450813
AAnew_TSS	50	300	abundant	1	0.783066667	0.031511422	0.045354346	0.034437272	0.059666667	0.044011783	0.050868679	0.037717482	0.136555556	0.036069114	0.863444444	0.036069114	0.954645654	0.034437272
AAnew_TSS	50	300	abundant	2	0.8499	0.029076527	0.305382802	0.084313743	0.359333333	0.102338537	0.323844354	0.079007267	0.095592593	0.03290743	0.904407407	0.03290743	0.694617198	0.084313743
AAnew_TSS	50	300	abundant	5	0.933333333	0.028485923	0.646900202	0.109579097	0.832666667	0.084084827	0.720827308	0.08149617	0.055481481	0.031214532	0.944518519	0.031214532	0.353099798	0.109579097
AAnew_TSS	50	300	abundant	10	0.9666	0.015366674	0.78518866	0.086544927	0.937	0.053159439	0.85141852	0.060084645	0.030111111	0.016119634	0.969888889	0.016119634	0.21481134	0.086544927
AAnew_TSS	50	400	abundant	1	0.78625	0.027962141	0.045130549	0.032499353	0.0585	0.046223546	0.0502353	0.03699133	0.132888889	0.03254952	0.867111111	0.03254952	0.954869451	0.032499353
AAnew_TSS	50	400	abundant	2	0.85185	0.021926242	0.308660646	0.069695618	0.37175	0.087664348	0.33396664	0.06859803	0.094805556	0.023965876	0.905194444	0.023965876	0.691339354	0.069695618
AAnew_TSS	50	400	abundant	5	0.935925	0.017708552	0.645879936	0.077898646	0.84325	0.071849221	0.727220187	0.056662289	0.053777778	0.020387657	0.946222222	0.020387657	0.354120064	0.077898646
AAnew_TSS	50	400	abundant	10	0.966225	0.012550378	0.778369464	0.074978591	0.9425	0.038517345	0.850214927	0.04786365	0.031138889	0.013825867	0.968861111	0.013825867	0.221630536	0.074978591
AAnew_TSS	50	500	abundant	1	0.7808	0.030724583	0.039603381	0.025212183	0.0532	0.037305184	0.04467939	0.028726147	0.138355556	0.035844254	0.861644444	0.035844254	0.960396619	0.025212183
AAnew_TSS	50	500	abundant	2	0.8507	0.022774033	0.309678158	0.066581972	0.3836	0.081470327	0.33957919	0.065860588	0.0974	0.025189255	0.9026	0.025189255	0.690321842	0.066581972
AAnew_TSS	50	500	abundant	5	0.93426	0.02058077	0.639543539	0.086987559	0.841	0.060661338	0.722834367	0.065186477	0.055377778	0.021877643	0.944622222	0.021877643	0.360456461	0.086987559
AAnew_TSS	50	500	abundant	10	0.96416	0.011251684	0.765503457	0.06645364	0.939	0.040539294	0.84137034	0.04344782	0.033044444	0.012585282	0.966955556	0.012585282	0.234496543	0.06645364
AAnew_TSS	50	800	abundant	1	0.676675	0.028318969	0.043227109	0.01434995	0.10625	0.03820879	0.061249791	0.02052727	0.259944444	0.032713037	0.740055556	0.032713037	0.956772891	0.01434995
AAnew_TSS	50	800	abundant	2	0.7488125	0.025174501	0.151927636	0.029462241	0.33	0.078536166	0.207187241	0.041126941	0.204652778	0.030126163	0.795347222	0.030126163	0.848072364	0.029462241
AAnew_TSS	50	800	abundant	5	0.835825	0.023083224	0.352655306	0.035321054	0.746125	0.07414698	0.477245014	0.038891599	0.154208333	0.028202045	0.845791667	0.028202045	0.647344694	0.035321054
AAnew_TSS	50	800	abundant	10	0.8813375	0.02102657	0.456433064	0.040865928	0.8705	0.053904377	0.596837985	0.035596553	0.117458333	0.025917849	0.882541667	0.025917849	0.543566936	0.040865928
AAnew_TSS	50	1000	abundant	1	0.68205	0.02670466	0.043051464	0.013253918	0.1045	0.040110328	0.060764912	0.019779623	0.253777778	0.032085122	0.746222222	0.032085122	0.956948536	0.013253918
AAnew_TSS	50	1000	abundant	2	0.74345	0.02322067	0.148175779	0.022690299	0.33	0.066938838	0.203808785	0.03236812	0.210611111	0.028812978	0.789388889	0.028812978	0.851824221	0.022690299
AAnew_TSS	50	1000	abundant	5	0.83463	0.019806975	0.34785804	0.0331095	0.732	0.072292895	0.470239267	0.037753714	0.153966667	0.023889348	0.846033333	0.023889348	0.65214196	0.0331095
AAnew_TSS	50	1000	abundant	10	0.88105	0.014354371	0.453248517	0.032905095	0.8643	0.05152728	0.593322033	0.029319443	0.117088889	0.018101555	0.882911111	0.018101555	0.546751483	0.032905095
AAnew_TSS	50	2000	abundant	1	0.6405	0.023761441	0.049533515	0.011271864	0.1433	0.037707138	0.07349798	0.017143381	0.304255556	0.027839126	0.695744444	0.027839126	0.950466485	0.011271864
AAnew_TSS	50	2000	abundant	2	0.70297	0.019124898	0.128786644	0.01540353	0.3424	0.053970999	0.186871736	0.023376607	0.256966667	0.023652673	0.743033333	0.023652673	0.871213356	0.01540353
AAnew_TSS	50	2000	abundant	5	0.78908	0.016139343	0.277462498	0.021439741	0.6872	0.050971967	0.394903541	0.027258844	0.1996	0.018003284	0.8004	0.018003284	0.722537502	0.021439741
AAnew_TSS	50	2000	abundant	10	0.84182	0.014651597	0.369914306	0.024342157	0.8157	0.048731484	0.508294082	0.02644625	0.155277778	0.017555872	0.844722222	0.017555872	0.630085694	0.024342157
ALDEx2_wi	50	100	abundant	1	0.988983516	0.000204253	0	0	0	0	0	0	2.78E-05	0.000206522	0.999972222	0.000206522	0.02	0.140351318
ALDEx2_wi	50	100	abundant	10	0.984082418	0.003377581	0.35521727	0.092536029	0.5135	0.145165821	0.414003229	0.098757987	0.010688889	0.003337165	0.989311111	0.003337165	0.64478273	0.092536029
ALDEx2_wi	50	100	abundant	2	0.988516484	0.0014011	0.230186508	0.33775481	0.061	0.092855321	0.090580335	0.130470443	0.001177778	0.001398554	0.998822222	0.001398554	0.429813492	0.426957325
ALDEx2_wi	50	100	abundant	5	0.985879121	0.002857419	0.366846788	0.117862129	0.372	0.129614814	0.365117038	0.114514281	0.0073	0.002356391	0.9927	0.002356391	0.633153212	0.117862129
ALDEx2_wi	50	1000	abundant	1	0.9	0	0	0	0	0	0	0	0	0	1	0	0	0
ALDEx2_wi	50	1000	abundant	10	0.89268	0.006225059	0.410760543	0.074344665	0.16565	0.037678586	0.234861447	0.04801863	0.026538889	0.005606331	0.973461111	0.005606331	0.589239457	0.074344665
ALDEx2_wi	50	1000	abundant	2	0.899885	0.000751397	0.101583333	0.265878218	0.0022	0.005772922	0.004273654	0.011171574	0.000372222	0.000886075	0.999627778	0.000886075	0.153416667	0.330909519
ALDEx2_wi	50	1000	abundant	5	0.89642	0.00367028	0.396837038	0.116123391	0.07125	0.02985623	0.119402396	0.04567551	0.011894444	0.00386797	0.988105556	0.00386797	0.603162962	0.116123391
ALDEx2_wi	50	200	abundant	1	0.97826087	0.000108968	0.005	0.070710678	0.00025	0.003535534	0.00047619	0.00673435	5.56E+06	7.86E-05	0.999994444	7.86E-05	0.005	0.070710678
ALDEx2_wi	50	200	abundant	10	0.971994565	0.004387217	0.381248355	0.080140191	0.453	0.116118117	0.410579801	0.087945943	0.016472222	0.003910465	0.983527778	0.003910465	0.618751645	0.080140191
ALDEx2_wi	50	200	abundant	2	0.97798913	0.001372959	0.240637446	0.371693253	0.02525	0.039148442	0.044030205	0.066586557	0.000838889	0.001419938	0.999161111	0.001419938	0.299362554	0.406577386
ALDEx2_wi	50	200	abundant	5	0.975331522	0.003602881	0.404098182	0.120771258	0.2875	0.108409006	0.331116291	0.1085177	0.009383333	0.002931688	0.990616667	0.002931688	0.595901818	0.120771258
ALDEx2_wi	50	2000	abundant	1	0.818181818	0	0	0	0	0	0	0	0	0	1	0	0	0
ALDEx2_wi	50	2000	abundant	10	0.80895	0.006250776	0.402449607	0.065075906	0.104	0.022612088	0.16463117	0.032634189	0.034394444	0.006546751	0.965605556	0.006546751	0.597550393	0.065075906
ALDEx2_wi	50	2000	abundant	2	0.818004545	0.000813613	0.091464286	0.251220233	0.000925	0.002459598	0.001820353	0.004818842	0.000422222	0.001160595	0.999577778	0.001160595	0.158535714	0.337146791
ALDEx2_wi	50	2000	abundant	5	0.813568182	0.004228745	0.376744733	0.115139019	0.04265	0.019387026	0.0760128	0.032796596	0.015116667	0.004903558	0.984883333	0.004903558	0.623255267	0.115139019
ALDEx2_wi	50	300	abundant	1	0.967741935	0	0	0	0	0	0	0	0	0	1	0	0	0
ALDEx2_wi	50	300	abundant	10	0.96122043	0.004730885	0.391309752	0.07767399	0.3635	0.093124767	0.374124318	0.080585014	0.018855556	0.00409865	0.981144444	0.00409865	0.608690248	0.07767399
ALDEx2_wi	50	300	abundant	2	0.967564516	0.000944545	0.1225	0.29208214	0.007333333	0.017091732	0.013504358	0.031014382	0.000427778	0.001048945	0.999572222	0.001048945	0.1625	0.337721328
ALDEx2_wi	50	300	abundant	5	0.964650538	0.003649102	0.393048799	0.129096802	0.181333333	0.076322511	0.244195768	0.091659256	0.009238889	0.003143837	0.990761111	0.003143837	0.606951201	0.129096802
ALDEx2_wi	50	400	abundant	1	0.957446809	0	0	0	0	0	0	0	0	0	1	0	0	0
ALDEx2_wi	50	400	abundant	10	0.948909574	0.0053638	0.391484551	0.065835738	0.3575	0.077044985	0.371401774	0.06666223	0.024805556	0.004893477	0.975194444	0.004893477	0.608515449	0.065835738
ALDEx2_wi	50	400	abundant	2	0.957207447	0.000968329	0.127301587	0.295322714	0.007125	0.01725101	0.013013428	0.030479132	0.000566667	0.001230292	0.999433333	0.001230292	0.202698413	0.371463628
ALDEx2_wi	50	400	abundant	5	0.953585106	0.004054536	0.399490946	0.106992987	0.188875	0.070786035	0.252936452	0.082101607	0.012427778	0.003742897	0.987572222	0.003742897	0.600509054	0.106992987
ALDEx2_wi	50	500	abundant	1	0.947363158	7.44E-05	0	0	0	0	0	0	5.56E+06	7.86E-05	0.999994444	7.86E-05	0.005	0.070710678
ALDEx2_wi	50	500	abundant	10	0.9372	0.005869292	0.396806861	0.057299954	0.3658	0.069848076	0.378526911	0.057757759	0.031055556	0.005760863	0.968944444	0.005760863	0.603193139	0.057299954
ALDEx2_wi	50	500	abundant	2	0.947094737	0.001107986	0.164847222	0.291648466	0.0092	0.018027338	0.016925881	0.032060399	8.00E-04	0.001465783	0.9992	0.001465783	0.250152778	0.36771368
ALDEx2_wi	50	500	abundant	5	0.941736842	0.004328871	0.388717722	0.088121073	0.1888	0.061624246	0.251085948	0.069115593	0.016433333	0.00425852	0.983566667	0.00425852	0.611282278	0.088121073
ALDEx2_wi	50	800	abundant	1	0.918367347	0	0	0	0	0	0	0	0	0	1	0	0	0
ALDEx2_wi	50	800	abundant	10	0.911617347	0.004931174	0.3976208	0.073594775	0.163	0.042511453	0.229836996	0.05312169	0.021838889	0.004365004	0.978161111	0.004365004	0.6023792	0.073594775
ALDEx2_wi	50	800	abundant	2	0.918290816	0.000559719	0.074333333	0.237958702	0.0015625	0.004843256	0.003040465	0.009401996	0.000222222	0.000639886	0.999777778	0.000639886	0.110666667	0.293912934
ALDEx2_wi	50	800	abundant	5	0.91522449	0.003690295	0.391371093	0.135105778	0.070875	0.032390858	0.118324563	0.050606973	0.009722222	0.003768784	0.990277778	0.003768784	0.608628907	0.135105778
Corncob	50	100	abundant	1	0.988961538	0.000386327	0.010833333	0.091634302	0.002	0.017247824	0.003280886	0.027760402	7.22E-05	0.00038711	0.999927778	0.00038711	0.044166667	0.200137795
Corncob	50	100	abundant	10	0.975049451	0.006242428	0.262487426	0.066721165	0.6565	0.156782184	0.369855887	0.081738016	0.021411111	0.006694257	0.978588889	0.006694257	0.737512574	0.066721165
Corncob	50	100	abundant	2	0.988395604	0.00146002	0.224428571	0.337140282	0.0545	0.081934831	0.082216001	0.117994594	0.001227778	0.001487786	0.998772222	0.001487786	0.450571429	0.433046564
Corncob	50	100	abundant	5	0.98271978	0.004690709	0.310002656	0.122316953	0.409	0.156978378	0.341832347	0.117627665	0.010905556	0.004851639	0.989094444	0.004851639	0.689997344	0.122316953
Corncob	50	1000	abundant	1	0.9	0.000200502	0.0075	0.078897873	2.00E-04	0.001994969	0.000388386	0.003874275	2.22E-05	0.000221663	0.999977778	0.000221663	0.0075	0.078897873
Corncob	50	1000	abundant	10	0.89179	0.00632264	0.405424835	0.070987079	0.1744	0.041074023	0.242365954	0.050029843	0.0285	0.006232613	0.9715	0.006232613	0.594575165	0.070987079
Corncob	50	1000	abundant	2	0.89975	0.000991167	0.146365079	0.303464928	0.003	0.006497004	0.005825821	0.012479549	0.000611111	0.001129112	0.999388889	0.001129112	0.263634921	0.402029667
Corncob	50	1000	abundant	5	0.896385	0.003692553	0.399463268	0.104556431	0.07315	0.029732095	0.122152115	0.045257765	0.012144444	0.004058493	0.987855556	0.004058493	0.600536732	0.104556431
Corncob	50	200	abundant	1	0.97823913	0.000187476	0.006666667	0.074423149	5.00E-04	0.004987421	0.000910973	0.00909629	3.33E-05	0.000220259	0.999966667	0.000220259	0.023333333	0.147603223
Corncob	50	200	abundant	10	0.968967391	0.005589081	0.346727172	0.08306787	0.4525	0.116884816	0.387258204	0.082757778	0.019555556	0.005639236	0.980444444	0.005639236	0.653272828	0.08306787
Corncob	50	200	abundant	2	0.977940217	0.00136449	0.271190476	0.38595461	0.02725	0.040659605	0.047637423	0.068495353	0.000933333	0.001305878	0.999066667	0.001305878	0.373809524	0.430782761
Corncob	50	200	abundant	5	0.974869565	0.003950853	0.392518023	0.130398185	0.268	0.10406801	0.311899589	0.105594957	0.009422222	0.003641889	0.990577778	0.003641889	0.607481977	0.130398185
Corncob	50	2000	abundant	1	0.818163636	0.000156798	0	0	0	0	0	0	2.22E-05	0.000191642	0.999977778	0.000191642	0.015	0.121857483
Corncob	50	2000	abundant	10	0.806713636	0.006849662	0.401395642	0.057187912	0.128675	0.027046756	0.194056782	0.036003604	0.042611111	0.007531599	0.957388889	0.007531599	0.598604358	0.057187912
Corncob	50	2000	abundant	2	0.817895455	0.001151282	0.176992063	0.312861995	0.00245	0.004675124	0.004793008	0.009081893	0.000894444	0.001624528	0.999105556	0.001624528	0.268007937	0.38555191
Corncob	50	2000	abundant	5	0.812936364	0.004464524	0.389067533	0.093999963	0.05175	0.01965628	0.090592322	0.03211753	0.017911111	0.005560087	0.982088889	0.005560087	0.610932467	0.093999963
Corncob	50	300	abundant	1	0.967741935	0	0	0	0	0	0	0	0	0	1	0	0	0
Corncob	50	300	abundant	10	0.959860215	0.005139439	0.371636065	0.078849328	0.346	0.090569265	0.354807667	0.078545091	0.019677778	0.004976014	0.980322222	0.004976014	0.628363935	0.078849328
Corncob	50	300	abundant	2	0.967526882	0.000976141	0.167666667	0.331176607	0.01	0.020050188	0.018385232	0.036032981	0.000555556	0.001056738	0.999444444	0.001056738	0.257333333	0.40186486
Corncob	50	300	abundant	5	0.964639785	0.00345316	0.377734255	0.132047781	0.160333333	0.077897411	0.220362252	0.094650956	0.00855	0.003282126	0.99145	0.003282126	0.622265745	0.132047781
Corncob	50	400	abundant	1	0.957414894	0.000451345	0.001	0.014142136	0.00025	0.003535534	4.00E-04	0.005656854	4.44E-05	0.000628539	0.999955556	0.000628539	0.004	0.056568542
Corncob	50	400	abundant	10	0.946739362	0.005940964	0.369053809	0.069247012	0.349	0.083494651	0.355899172	0.069154445	0.026694444	0.005831173	0.973305556	0.005831173	0.630946191	0.069247012
Corncob	50	400	abundant	2	0.957212766	0.001149447	0.181373016	0.33383633	0.010375	0.019936693	0.01914627	0.036110786	0.000705556	0.001246261	0.999294444	0.001246261	0.268626984	0.399596711
Corncob	50	400	abundant	5	0.953255319	0.004101019	0.38641732	0.107085724	0.1695	0.072298933	0.230227826	0.082473845	0.011911111	0.004507041	0.988088889	0.004507041	0.61358268	0.107085724
Corncob	50	500	abundant	1	0.947378947	0.000182474	0.01	0.099748427	3.00E-04	0.003155915	0.000580694	0.006092911	5.56E+06	7.86E-05	0.999994444	7.86E-05	0.005	0.070710678
Corncob	50	500	abundant	10	0.933789474	0.006880348	0.373815384	0.057392461	0.3729	0.073666299	0.37054883	0.057727154	0.03505	0.007578444	0.96495	0.007578444	0.626184616	0.057392461
Corncob	50	500	abundant	2	0.947005263	0.001312097	0.223056277	0.320464636	0.0132	0.02116601	0.024276909	0.037787054	0.001116667	0.001557459	0.998883333	0.001557459	0.346943723	0.395268113
Corncob	50	500	abundant	5	0.941573684	0.004861131	0.379460524	0.099139626	0.1729	0.061893002	0.234220069	0.07199121	0.015722222	0.004802379	0.984277778	0.004802379	0.620539476	0.099139626
Corncob	50	800	abundant	1	0.918367347	0	0	0	0	0	0	0	0	0	1	0	0	0
Corncob	50	800	abundant	10	0.911571429	0.005037994	0.401470852	0.073302747	0.1709375	0.045111836	0.237997538	0.054122708	0.022594444	0.004939334	0.977405556	0.004939334	0.598529148	0.073302747
Corncob	50	800	abundant	2	0.918229592	0.00095787	0.163452381	0.318165015	0.005	0.010559118	0.009569068	0.019982015	0.000594444	0.001067703	0.999405556	0.001067703	0.241547619	0.38461558
Corncob	50	800	abundant	5	0.915403061	0.003620497	0.398373234	0.123087809	0.0694375	0.030327398	0.11668227	0.047177538	0.0094	0.00363657	0.9906	0.00363657	0.601626766	0.123087809
DACOMP	50	100	abundant	1	0.988989011	0.000219227	0	0	0	0	0	0	2.22E-05	0.000221663	0.999977778	0.000221663	0.01	0.099748427
DACOMP	50	100	abundant	10	0.986478022	0.002614432	0.388714411	0.115404703	0.3915	0.113322371	0.389282833	0.11255709	0.006911111	0.00157198	0.993088889	0.00157198	0.611285589	0.115404703
DACOMP	50	100	abundant	2	0.988082418	0.001955553	0.19598428	0.260550101	0.082	0.110621815	0.109276505	0.14139356	0.00185	0.00230789	0.99815	0.00230789	0.37901572	0.382185313
DACOMP	50	100	abundant	5	0.985928571	0.003791847	0.374585179	0.12397409	0.373	0.13439236	0.367795529	0.11703572	0.007261111	0.003827792	0.992738889	0.003827792	0.625414821	0.12397409
DACOMP	50	1000	abundant	1	0.90001	0.000141421	0.003125	0.044194174	0.00025	0.003535534	0.000462963	0.006547285	1.67E-05	0.000235702	0.999983333	0.000235702	0.001875	0.026516504
DACOMP	50	1000	abundant	10	0.887475	0.007999961	0.398701898	0.063667377	0.2452	0.046721241	0.302707153	0.051486525	0.041161111	0.006675313	0.958838889	0.006675313	0.601298102	0.063667377
DACOMP	50	1000	abundant	2	0.899605	0.001671209	0.106027665	0.200266826	0.00995	0.020630696	0.017972252	0.036668543	0.001544444	0.002940336	0.998455556	0.002940336	0.153972335	0.275252874
DACOMP	50	1000	abundant	5	0.891405	0.005626657	0.395699481	0.068174055	0.1612	0.039348463	0.227364546	0.04751512	0.027461111	0.00600719	0.972538889	0.00600719	0.604300519	0.068174055
DACOMP	50	200	abundant	1	0.97826087	0	0	0	0	0	0	0	0	0	1	0	0	0
DACOMP	50	200	abundant	10	0.973554348	0.003913939	0.385590911	0.093581098	0.36	0.092154557	0.371195517	0.090027399	0.012811111	0.002659188	0.987188889	0.002659188	0.614409089	0.093581098
DACOMP	50	200	abundant	2	0.97751087	0.002114071	0.153866203	0.235659019	0.04675	0.076361594	0.069535657	0.10970191	0.001805556	0.002596694	0.998194444	0.002596694	0.276133797	0.354369744
DACOMP	50	200	abundant	5	0.974304348	0.004077283	0.387114831	0.10783823	0.303	0.099324351	0.33652881	0.097857025	0.010777778	0.003504802	0.989222222	0.003504802	0.612885169	0.10783823
DACOMP	50	2000	abundant	1	0.818181818	0	0	0	0	0	0	0	0	0	1	0	0	0
DACOMP	50	2000	abundant	10	0.802022727	0.007661187	0.398138648	0.047056786	0.1728	0.029040952	0.240156241	0.033989418	0.05815	0.00899661	0.94185	0.00899661	0.601861352	0.047056786
DACOMP	50	2000	abundant	2	0.817854545	0.001494873	0.055812791	0.147145455	0.003275	0.009113984	0.006146816	0.017007771	0.001127778	0.003129795	0.998872222	0.003129795	0.084187209	0.214886963
DACOMP	50	2000	abundant	5	0.808195455	0.005960595	0.396412269	0.06149636	0.1062	0.025203892	0.166635662	0.035450819	0.035805556	0.007327593	0.964194444	0.007327593	0.603587731	0.06149636
DACOMP	50	300	abundant	1	0.967741935	0	0	0	0	0	0	0	0	0	1	0	0	0
DACOMP	50	300	abundant	10	0.961123656	0.004261854	0.384425561	0.073781047	0.339833333	0.075812922	0.359426454	0.070891775	0.018166667	0.003305767	0.981833333	0.003305767	0.615574439	0.073781047
DACOMP	50	300	abundant	2	0.967069892	0.001766148	0.12717434	0.209276253	0.027	0.046471235	0.043437628	0.072876301	0.001594444	0.002608945	0.998405556	0.002608945	0.22282566	0.32600972
DACOMP	50	300	abundant	5	0.962634409	0.004403532	0.386656624	0.0976402	0.265666667	0.080333615	0.311950411	0.082278236	0.014133333	0.003850871	0.985866667	0.003850871	0.613343376	0.0976402
DACOMP	50	400	abundant	1	0.95743617	0.000150448	0.001875	0.026516504	0.000375	0.005303301	0.000625	0.008838835	2.78E-05	0.000392837	0.999972222	0.000392837	0.003125	0.044194174
DACOMP	50	400	abundant	10	0.949398936	0.00591458	0.393311483	0.077864348	0.347375	0.072914794	0.36828375	0.073781523	0.023844444	0.003801711	0.976155556	0.003801711	0.606688517	0.077864348
DACOMP	50	400	abundant	2	0.956712766	0.001863752	0.149235716	0.212518685	0.031125	0.051454809	0.049687721	0.077999953	0.00215	0.003304505	0.99785	0.003304505	0.235764284	0.314080678
DACOMP	50	400	abundant	5	0.950457447	0.004662823	0.383521251	0.07643976	0.26975	0.069798256	0.314480024	0.068585716	0.019288889	0.004204937	0.980711111	0.004204937	0.616478749	0.07643976
DACOMP	50	500	abundant	1	0.947373684	7.44E-05	0.002857143	0.040406102	4.00E-04	0.005656854	0.000701754	0.009924306	1.67E-05	0.000235702	0.999983333	0.000235702	0.002142857	0.030304576
DACOMP	50	500	abundant	10	0.937710526	0.005123715	0.39714572	0.054164349	0.3546	0.05705362	0.374074665	0.053398406	0.029894444	0.003612191	0.970105556	0.003612191	0.60285428	0.054164349
DACOMP	50	500	abundant	2	0.946405263	0.002344933	0.169894953	0.22271206	0.0319	0.045769688	0.052294289	0.072367525	0.002788889	0.003938213	0.997211111	0.003938213	0.260105047	0.318243312
DACOMP	50	500	abundant	5	0.938705263	0.005331699	0.386163832	0.065816297	0.276	0.05947847	0.320112417	0.058692497	0.024477778	0.005008721	0.975522222	0.005008721	0.613836168	0.065816297
DACOMP	50	800	abundant	1	0.918367347	0	0	0	0	0	0	0	0	0	1	0	0	0
DACOMP	50	800	abundant	10	0.908408163	0.006439213	0.401579127	0.065182078	0.249125	0.049929441	0.306348199	0.054045232	0.032988889	0.005414044	0.967011111	0.005414044	0.598420873	0.065182078
DACOMP	50	800	abundant	2	0.917903061	0.00149926	0.096560218	0.188545503	0.009875	0.019994896	0.01767887	0.035330445	0.001383333	0.002805827	0.998616667	0.002805827	0.148439782	0.273706609
DACOMP	50	800	abundant	5	0.910857143	0.004949562	0.394600767	0.069310001	0.1714375	0.041550083	0.237410403	0.049683504	0.023416667	0.004950199	0.976583333	0.004950199	0.605399233	0.069310001
DESeq2	50	100	abundant	1	0.98721978	0.003041675	0.064697913	0.200872837	0.021	0.053603795	0.026028679	0.062764541	0.002044444	0.003355482	0.997955556	0.003355482	0.520302087	0.479974747
DESeq2	50	100	abundant	10	0.97210989	0.006438401	0.237640805	0.061405438	0.656	0.135853897	0.346012646	0.07849052	0.024377778	0.00632636	0.975622222	0.00632636	0.762359195	0.061405438
DESeq2	50	100	abundant	2	0.98439011	0.003789606	0.266373111	0.163679792	0.22	0.138911779	0.226536636	0.126695806	0.007116667	0.004138099	0.992883333	0.004138099	0.733626889	0.163679792
DESeq2	50	100	abundant	5	0.976934066	0.005807518	0.250698053	0.075464349	0.5145	0.149839948	0.331760985	0.089785631	0.017927778	0.006004401	0.982072222	0.006004401	0.749301947	0.075464349
DESeq2	50	1000	abundant	1	0.88349	0.004583113	0.005985968	0.018815516	0.00115	0.003774751	0.001909537	0.00615069	0.018472222	0.005152236	0.981527778	0.005152236	0.994014032	0.018815516
DESeq2	50	1000	abundant	10	0.84601	0.012036373	0.296450118	0.034615803	0.38945	0.04750242	0.335916125	0.0368754	0.103261111	0.012619589	0.896738889	0.012619589	0.703549882	0.034615803
DESeq2	50	1000	abundant	2	0.881395	0.005375262	0.091132268	0.084632904	0.02325	0.022325538	0.036643883	0.034422245	0.023255556	0.006341904	0.976744444	0.006341904	0.908867732	0.084632904
DESeq2	50	1000	abundant	5	0.86347	0.008883902	0.282696166	0.044266832	0.23685	0.046121726	0.256647623	0.042406729	0.066905556	0.00984392	0.933094444	0.00984392	0.717303834	0.044266832
DESeq2	50	200	abundant	1	0.977429348	0.001767095	0.059231838	0.19533356	0.0075	0.024937107	0.012324319	0.038433834	0.001016667	0.001928615	0.998983333	0.001928615	0.380768162	0.468102945
DESeq2	50	200	abundant	10	0.960217391	0.006384656	0.303640661	0.05339939	0.626	0.121543672	0.406391592	0.066605695	0.032355556	0.00663454	0.967644444	0.00663454	0.696359339	0.05339939
DESeq2	50	200	abundant	2	0.975271739	0.003535601	0.346461973	0.209801938	0.13125	0.08615714	0.179594559	0.105190986	0.005972222	0.003703506	0.994027778	0.003703506	0.638538027	0.220045472
DESeq2	50	200	abundant	5	0.96661413	0.005278367	0.323455282	0.068109353	0.48	0.118618514	0.383436264	0.079679461	0.022572222	0.005078425	0.977427778	0.005078425	0.676544718	0.068109353
DESeq2	50	2000	abundant	1	0.698359091	0.01446635	0.00087513	0.003134913	0.000575	0.002077488	0.000691215	0.0024834	0.146577778	0.01767501	0.853422222	0.01767501	0.99912487	0.003134913
DESeq2	50	2000	abundant	10	0.598004545	0.02411724	0.152134735	0.017682855	0.263575	0.030639653	0.192627713	0.021141144	0.327677778	0.029592469	0.672322222	0.029592469	0.847865265	0.017682855
DESeq2	50	2000	abundant	2	0.689381818	0.018515836	0.015064137	0.015420738	0.011175	0.011744533	0.012769406	0.01321649	0.159905556	0.02280878	0.840094444	0.02280878	0.984935863	0.015420738
DESeq2	50	2000	abundant	5	0.648422727	0.019209961	0.124305263	0.020075077	0.154575	0.030207729	0.137439176	0.023300561	0.241833333	0.02503989	0.758166667	0.02503989	0.875694737	0.020075077
DESeq2	50	300	abundant	1	0.967354839	0.001028541	0.093714286	0.253386237	0.005666667	0.014608228	0.010438761	0.026576046	0.000588889	0.001113398	0.999411111	0.001113398	0.266285714	0.418575326
DESeq2	50	300	abundant	10	0.950102151	0.006022256	0.339600449	0.04726404	0.571	0.09177875	0.424206784	0.056987814	0.037261111	0.006114158	0.962738889	0.006114158	0.660399551	0.04726404
DESeq2	50	300	abundant	2	0.965715054	0.002900868	0.351570067	0.231610047	0.078333333	0.061322663	0.121656917	0.085172826	0.004705556	0.003362016	0.995294444	0.003362016	0.613429933	0.250707728
DESeq2	50	300	abundant	5	0.957311828	0.005576331	0.362892152	0.068156359	0.421833333	0.098429743	0.387449133	0.074897712	0.024838889	0.005150381	0.975161111	0.005150381	0.637107848	0.068156359
DESeq2	50	400	abundant	1	0.957095745	0.000918119	0.0785	0.244444641	0.003125	0.009356661	0.005936291	0.01768583	0.000505556	0.000943845	0.999494444	0.000943845	0.2865	0.438744688
DESeq2	50	400	abundant	10	0.934345745	0.007588184	0.343914637	0.044224027	0.590125	0.087859009	0.433096027	0.053336039	0.050355556	0.007584141	0.949644444	0.007584141	0.656085363	0.044224027
DESeq2	50	400	abundant	2	0.954861702	0.003182585	0.345112452	0.209536359	0.072875	0.053212	0.115181707	0.075385964	0.005938889	0.003875661	0.994061111	0.003875661	0.619887548	0.231453972
DESeq2	50	400	abundant	5	0.943223404	0.006188739	0.358120396	0.057950266	0.41825	0.084201466	0.383848791	0.063727312	0.033444444	0.006022272	0.966555556	0.006022272	0.641879604	0.057950266
DESeq2	50	500	abundant	1	0.946884211	0.000948807	0.047678571	0.183535522	0.0022	0.008215685	0.004151595	0.015448046	0.000633333	0.001011811	0.999366667	0.001011811	0.362321429	0.469315922
DESeq2	50	500	abundant	10	0.919452632	0.008735826	0.348582793	0.037867433	0.6005	0.07143715	0.439830465	0.043651946	0.062827778	0.009241202	0.937172222	0.009241202	0.651417207	0.037867433
DESeq2	50	500	abundant	2	0.944821053	0.003563574	0.378748917	0.181523642	0.0777	0.052788666	0.123602635	0.074562097	0.007005556	0.004472549	0.992994444	0.004472549	0.601251083	0.193450867
DESeq2	50	500	abundant	5	0.929331579	0.006463647	0.355027499	0.046848207	0.417	0.072396174	0.38192958	0.052829083	0.042205556	0.006627914	0.957794444	0.006627914	0.644972501	0.046848207
DESeq2	50	800	abundant	1	0.908867347	0.003377951	0.012129135	0.043155955	0.0014375	0.005040274	0.002559295	0.008971796	0.010472222	0.003610198	0.989527778	0.003610198	0.987870865	0.043155955
DESeq2	50	800	abundant	10	0.88072449	0.009400627	0.315503521	0.039427952	0.3918125	0.057557016	0.34855758	0.043466925	0.075816667	0.009735619	0.924183333	0.009735619	0.684496479	0.039427952
DESeq2	50	800	abundant	2	0.906969388	0.004132731	0.111366038	0.102857662	0.023	0.024281122	0.037636336	0.038478693	0.014455556	0.004571047	0.985544444	0.004571047	0.888633962	0.102857662
DESeq2	50	800	abundant	5	0.89294898	0.007506939	0.306370025	0.052401964	0.2464375	0.051780143	0.272053937	0.049988639	0.049583333	0.007392497	0.950416667	0.007392497	0.693629975	0.052401964
edgeR	50	100	abundant	1	0.994795	0.000541672	0.097	0.230324272	0.022	0.05041244	0.034521395	0.077666062	0.000316583	0.000574309	0.999683417	0.000574309	0.293	0.416913597
edgeR	50	100	abundant	2	0.99568	0.00144166	0.609170912	0.217224854	0.497	0.187732348	0.524744021	0.164608919	0.00181407	0.001353094	0.99818593	0.001353094	0.370829088	0.205843753
edgeR	50	100	abundant	5	0.99384	0.002472965	0.474401423	0.127795066	0.94	0.071066905	0.619316631	0.09898779	0.005889447	0.002582233	0.994110553	0.002582233	0.525598577	0.127795066
edgeR	50	100	abundant	10	0.9917	0.002421495	0.387421624	0.090485111	0.952	0.054085604	0.544788368	0.083569746	0.008100503	0.002453787	0.991899497	0.002453787	0.612578376	0.090485111
edgeR	50	200	abundant	1	0.99002	0.000502117	0.191	0.360379367	0.022	0.047842334	0.037554954	0.077251257	0.00020202	0.00043665	0.99979798	0.00043665	0.179	0.349623976
edgeR	50	200	abundant	2	0.990915	0.001876294	0.60348299	0.23003871	0.2995	0.135679174	0.386664159	0.151685448	0.00210101	0.00142438	0.99789899	0.00142438	0.38651701	0.225224849
edgeR	50	200	abundant	5	0.989615	0.001953829	0.495444583	0.080918938	0.696	0.090084136	0.574133181	0.064123856	0.007419192	0.00197205	0.992580808	0.00197205	0.504555417	0.080918938
edgeR	50	200	abundant	10	0.98826	0.001760223	0.447769527	0.058928055	0.673	0.082394714	0.534721815	0.054568293	0.008555556	0.001769782	0.991444444	0.001769782	0.552230473	0.058928055
edgeR	50	300	abundant	1	0.98486	0.000438547	0.110166667	0.254365863	0.009666667	0.021343747	0.017228945	0.037461908	0.00028934	0.000564679	0.99971066	0.000564679	0.229833333	0.380104946
edgeR	50	300	abundant	2	0.985645	0.001722247	0.573137338	0.199555489	0.193333333	0.083012852	0.281788641	0.108166959	0.00228934	0.00130567	0.99771066	0.00130567	0.426862662	0.199555489
edgeR	50	300	abundant	5	0.984515	0.002188647	0.494499696	0.087236152	0.475666667	0.078403686	0.478923358	0.058953254	0.007736041	0.002271404	0.992263959	0.002271404	0.505500304	0.087236152
edgeR	50	300	abundant	10	0.98286	0.001803588	0.434506334	0.06105829	0.456666667	0.07498597	0.443024385	0.059021016	0.009126904	0.001559123	0.990873096	0.001559123	0.565493666	0.06105829
edgeR	50	400	abundant	1	0.97991	0.000760051	0.168	0.3210308	0.01425	0.030412775	0.025214759	0.052354199	0.000382653	0.000811983	0.999617347	0.000811983	0.222	0.369233668
edgeR	50	400	abundant	2	0.981375	0.002397784	0.621419225	0.207402283	0.19825	0.096022869	0.289841438	0.119407329	0.002642857	0.001892936	0.997357143	0.001892936	0.368580775	0.201151145
edgeR	50	400	abundant	5	0.979235	0.002540038	0.486438153	0.071656616	0.4535	0.064941699	0.46601093	0.053321211	0.010035714	0.002487939	0.989964286	0.002487939	0.513561847	0.071656616
edgeR	50	400	abundant	10	0.977225	0.002187401	0.433366728	0.053848855	0.43875	0.057447275	0.434906282	0.050726628	0.011785714	0.001742679	0.988214286	0.001742679	0.566633272	0.053848855
edgeR	50	500	abundant	1	0.974845	0.000520756	0.097396825	0.227738713	0.006	0.013780384	0.011144977	0.025387776	0.000312821	0.000622317	0.999687179	0.000622317	0.222603175	0.37130209
edgeR	50	500	abundant	2	0.976325	0.002488737	0.598242231	0.17643961	0.189	0.071654333	0.280568155	0.093089966	0.003487179	0.002060327	0.996512821	0.002060327	0.401757769	0.17643961
edgeR	50	500	abundant	5	0.973825	0.002798245	0.481186896	0.068942926	0.4232	0.051774179	0.447015265	0.043170953	0.01205641	0.002964801	0.98794359	0.002964801	0.518813104	0.068942926
edgeR	50	500	abundant	10	0.97182	0.002418907	0.437077353	0.059298805	0.4204	0.056280682	0.426626306	0.04660481	0.014041026	0.002242783	0.985958974	0.002242783	0.562922647	0.059298805
edgeR	50	800	abundant	1	0.959935	0.000597364	0.120205128	0.261253067	0.005625	0.013918844	0.010429882	0.025254301	0.000302083	0.000847871	0.999697917	0.000847871	0.129794872	0.274805608
edgeR	50	800	abundant	2	0.960875	0.002360636	0.585221904	0.212744927	0.089875	0.043070847	0.152666208	0.06846455	0.002833333	0.001860034	0.997166667	0.001860034	0.414778096	0.212744927
edgeR	50	800	abundant	5	0.958535	0.00244356	0.466667089	0.075243599	0.205	0.030515355	0.28284814	0.035333463	0.010067708	0.002524622	0.989932292	0.002524622	0.533332911	0.075243599
edgeR	50	800	abundant	10	0.957445	0.002055904	0.435791962	0.057023041	0.20625	0.03210325	0.278583823	0.037942946	0.011255208	0.001950038	0.988744792	0.001950038	0.564208038	0.057023041
edgeR	50	1000	abundant	1	0.949875	0.000468045	0.073079365	0.198947673	0.0025	0.007299509	0.004744528	0.013637428	0.000263158	0.000679471	0.999736842	0.000679471	0.146920635	0.312662992
edgeR	50	1000	abundant	2	0.95094	0.00291745	0.574115521	0.205266701	0.0895	0.039373246	0.152301244	0.062396564	0.003721053	0.00235049	0.996278947	0.00235049	0.415884479	0.201335852
edgeR	50	1000	abundant	5	0.94866	0.002499374	0.473718162	0.066419263	0.2005	0.027464394	0.280321685	0.03234673	0.011963158	0.002570645	0.988036842	0.002570645	0.526281838	0.066419263
edgeR	50	1000	abundant	10	0.94668	0.002504057	0.427510889	0.054848006	0.1953	0.031445158	0.267521314	0.038720435	0.013773684	0.001859762	0.986226316	0.001859762	0.572489111	0.054848006
edgeR	50	2000	abundant	1	0.900005	0.000305629	0.080997835	0.204660845	0.002	0.006113406	0.003861906	0.0117129	0.000216667	0.000574291	0.999783333	0.000574291	0.109002165	0.254555877
edgeR	50	2000	abundant	2	0.90195	0.002995367	0.619766373	0.17376214	0.0605	0.020331843	0.109146373	0.034764409	0.004555556	0.002830587	0.995444444	0.002830587	0.380233627	0.17376214
edgeR	50	2000	abundant	5	0.89761	0.003129834	0.461240318	0.061461412	0.1277	0.016274477	0.199397615	0.022859433	0.016844444	0.003157423	0.983155556	0.003157423	0.538759682	0.061461412
edgeR	50	2000	abundant	10	0.895945	0.002281784	0.430729793	0.039214515	0.12475	0.01476029	0.193172585	0.020623033	0.018366667	0.002140501	0.981633333	0.002140501	0.569270207	0.039214515
fastANCOM	50	100	abundant	1	0.989010989	0	0	0	0	0	0	0	0	0	1	0	0	0
fastANCOM	50	100	abundant	10	0.985956044	0.002813352	0.3755686	0.111315113	0.3995	0.114522167	0.385288807	0.10913031	0.007527778	0.00205525	0.992472222	0.00205525	0.6244314	0.111315113
fastANCOM	50	100	abundant	2	0.988961538	0.000401728	0.033	0.160748876	0.0055	0.028703124	0.008969697	0.044113343	0.000111111	0.000416783	0.999888889	0.000416783	0.067	0.237894871
fastANCOM	50	100	abundant	5	0.987164835	0.002364746	0.391434343	0.160218559	0.294	0.124666389	0.329463536	0.128975194	0.005133333	0.001808363	0.994866667	0.001808363	0.608565657	0.160218559
fastANCOM	50	1000	abundant	1	0.89999	0.000141421	0	0	0	0	0	0	1.11E-05	0.000157135	0.999988889	0.000157135	0.005	0.070710678
fastANCOM	50	1000	abundant	10	0.75364	0.096061436	0.208785989	0.118822168	0.33335	0.071616493	0.229453213	0.059610891	0.199661111	0.11281789	0.800338889	0.11281789	0.791214011	0.118822168
fastANCOM	50	1000	abundant	2	0.89991	0.00062759	0.055	0.194207002	0.0013	0.004735199	0.002526558	0.009160731	0.000244444	0.000697055	0.999755556	0.000697055	0.115	0.296254301
fastANCOM	50	1000	abundant	5	0.88911	0.027406449	0.385506824	0.110089225	0.1005	0.03817113	0.152988551	0.048216104	0.023266667	0.032027975	0.976733333	0.032027975	0.614493176	0.110089225
fastANCOM	50	200	abundant	1	0.978244565	0.000132454	0	0	0	0	0	0	1.67E-05	0.000135397	0.999983333	0.000135397	0.015	0.121857483
fastANCOM	50	200	abundant	10	0.966978261	0.007163428	0.314034137	0.087324076	0.39675	0.112204665	0.343948923	0.082539172	0.02035	0.007628851	0.97965	0.007628851	0.685965863	0.087324076
fastANCOM	50	200	abundant	2	0.978184783	0.000516997	0.0575	0.215012692	0.0045	0.0167677	0.008116304	0.029730991	0.000177778	0.000561829	0.999822222	0.000561829	0.1025	0.290207525
fastANCOM	50	200	abundant	5	0.975456522	0.003735821	0.401501516	0.137101299	0.24125	0.096994729	0.295407676	0.10444183	0.008227778	0.003180173	0.991772222	0.003180173	0.598498484	0.137101299
fastANCOM	50	2000	abundant	1	0.815809091	0.033555431	3.77E-05	0.000533665	1.00E-04	0.001414214	5.48E-05	0.000774912	0.002922222	0.041326463	0.997077778	0.041326463	0.004962264	0.070177013
fastANCOM	50	2000	abundant	10	0.532077273	0.243196223	0.227182586	0.154549018	0.25615	0.073690767	0.190327225	0.057648683	0.406605556	0.311841553	0.593394444	0.311841553	0.772817414	0.154549018
fastANCOM	50	2000	abundant	2	0.815695455	0.032717307	0.066770245	0.21384124	0.0012	0.005043529	0.001952703	0.006627416	0.003305556	0.040844798	0.996694444	0.040844798	0.153229755	0.336905596
fastANCOM	50	2000	abundant	5	0.782977273	0.113547281	0.371029325	0.120135542	0.068925	0.040346731	0.10331527	0.03540606	0.058344444	0.146118716	0.941655556	0.146118716	0.628970675	0.120135542
fastANCOM	50	300	abundant	1	0.967741935	0	0	0	0	0	0	0	0	0	1	0	0	0
fastANCOM	50	300	abundant	10	0.941516129	0.015749313	0.265221341	0.07898915	0.394	0.096433323	0.307663804	0.067358248	0.040233333	0.01740237	0.959766667	0.01740237	0.734778659	0.07898915
fastANCOM	50	300	abundant	2	0.967704301	0.00047452	0.060416667	0.231811485	0.0025	0.009414756	0.004760454	0.017899142	0.000122222	0.000442626	0.999877778	0.000442626	0.079583333	0.265146618
fastANCOM	50	300	abundant	5	0.963247312	0.004612339	0.365026263	0.127919893	0.186833333	0.079283327	0.241979235	0.090856597	0.010872222	0.004781831	0.989127778	0.004781831	0.634973737	0.127919893
fastANCOM	50	400	abundant	1	0.957446809	0	0	0	0	0	0	0	0	0	1	0	0	0
fastANCOM	50	400	abundant	10	0.914824468	0.021812214	0.245756832	0.079393912	0.41775	0.082729428	0.301317794	0.066288198	0.063083333	0.023617145	0.936916667	0.023617145	0.754243168	0.079393912
fastANCOM	50	400	abundant	2	0.957382979	0.00061857	0.094722222	0.274932243	0.00425	0.013287978	0.007911891	0.024013522	0.000255556	0.000719393	0.999744444	0.000719393	0.130277778	0.321374803
fastANCOM	50	400	abundant	5	0.950728723	0.007049857	0.372160728	0.107971962	0.203875	0.069415068	0.257441528	0.074285589	0.016077778	0.007931331	0.983922222	0.007931331	0.627839272	0.107971962
fastANCOM	50	500	abundant	1	0.947363158	7.44E-05	0	0	0	0	0	0	5.56E+06	7.86E-05	0.999994444	7.86E-05	0.005	0.070710678
fastANCOM	50	500	abundant	10	0.880005263	0.032433384	0.224625364	0.075757414	0.4454	0.079665381	0.289088734	0.057690225	0.09585	0.035955228	0.90415	0.035955228	0.775374636	0.075757414
fastANCOM	50	500	abundant	2	0.947221053	0.000775751	0.072583333	0.229940015	0.0029	0.009903555	0.005450984	0.018210265	0.000316667	0.000886775	0.999683333	0.000886775	0.142416667	0.3285834
fastANCOM	50	500	abundant	5	0.937626316	0.007942637	0.355421152	0.085366682	0.2109	0.069738852	0.25903693	0.069247576	0.022	0.009280192	0.978	0.009280192	0.644578848	0.085366682
fastANCOM	50	800	abundant	1	0.918362245	0.000125183	0.005	0.070710678	6.25E-05	0.000883883	0.000123457	0.001745943	1.11E-05	0.000110832	0.999988889	0.000110832	0.01	0.099748427
fastANCOM	50	800	abundant	10	0.813734694	0.077905225	0.226930933	0.122012407	0.3200625	0.076172756	0.236295145	0.06333542	0.142383333	0.089524556	0.857616667	0.089524556	0.773069067	0.122012407
fastANCOM	50	800	abundant	2	0.918306122	0.000566248	0.05475	0.199842047	0.0015	0.005542209	0.002902205	0.010692847	2.00E-04	0.000607662	0.9998	0.000607662	0.10025	0.28031687
fastANCOM	50	800	abundant	5	0.908010204	0.026276512	0.377489326	0.124698652	0.097375	0.044703623	0.14568217	0.053083612	0.019933333	0.030749199	0.980066667	0.030749199	0.622510674	0.124698652
LEfSe	50	100	abundant	1	0.988944389	0.000325391	0.002525253	0.035533453	0.000505051	0.007106691	0.000841751	0.011844484	7.30E-05	0.000337225	0.999927048	0.000337225	0.047979798	0.211283147
LEfSe	50	100	abundant	10	0.969401099	0.006932662	0.23707161	0.052530025	0.764	0.144249923	0.358479337	0.067259296	0.028316667	0.007433121	0.971683333	0.007433121	0.76292839	0.052530025
LEfSe	50	100	abundant	2	0.988247253	0.001660538	0.228329365	0.328851662	0.059	0.08517791	0.088163917	0.121818278	0.001427778	0.001649841	0.998572222	0.001649841	0.486670635	0.426779409
LEfSe	50	100	abundant	5	0.979296703	0.005377223	0.282872926	0.080947654	0.5255	0.156916743	0.359297208	0.089949394	0.015661111	0.005918986	0.984338889	0.005918986	0.717127074	0.080947654
LEfSe	50	1000	abundant	1	0.9	0	0	0	0	0	0	0	0	0	1	0	0	0
LEfSe	50	1000	abundant	10	0.88836	0.00685605	0.395639258	0.059044029	0.2193	0.043841996	0.280789392	0.04842568	0.0373	0.006814397	0.9627	0.006814397	0.604360742	0.059044029
LEfSe	50	1000	abundant	2	0.899895	0.000816891	0.096666667	0.282249874	0.00155	0.004818046	0.00303849	0.009414445	0.000288889	0.000765598	0.999711111	0.000765598	0.153333333	0.349826471
LEfSe	50	1000	abundant	5	0.895005	0.004443388	0.39838849	0.093601753	0.0973	0.032340991	0.154840175	0.045987648	0.016361111	0.004767616	0.983638889	0.004767616	0.60161151	0.093601753
LEfSe	50	200	abundant	1	0.978133966	0.00079297	0.002538071	0.025125295	0.000507614	0.005025059	0.000846024	0.008375098	0.000141004	0.000846745	0.999858996	0.000846745	0.04822335	0.210282587
LEfSe	50	200	abundant	10	0.962461957	0.007403341	0.314617515	0.06508595	0.582	0.114308056	0.40452836	0.072372018	0.029083333	0.007694326	0.970916667	0.007694326	0.685382485	0.06508595
LEfSe	50	200	abundant	2	0.97788587	0.001468438	0.244607143	0.366253849	0.0275	0.042162047	0.047435123	0.070681637	0.000994444	0.00149195	0.999005556	0.00149195	0.345392857	0.419132048
LEfSe	50	200	abundant	5	0.972005435	0.004752944	0.362837142	0.095036195	0.361	0.114101251	0.355936774	0.094265896	0.014416667	0.004747404	0.985583333	0.004747404	0.637162858	0.095036195
LEfSe	50	2000	abundant	1	0.818177273	6.43E-05	0	0	0	0	0	0	5.56E+06	7.86E-05	0.999994444	7.86E-05	0.005	0.070710678
LEfSe	50	2000	abundant	10	0.804518182	0.007272676	0.400127732	0.052221144	0.15035	0.028560568	0.217691004	0.035818431	0.050111111	0.008337148	0.949888889	0.008337148	0.599872268	0.052221144
LEfSe	50	2000	abundant	2	0.817981818	0.00075242	0.081574176	0.233082202	0.00095	0.002896454	0.001860658	0.005618887	0.000455556	0.001158616	0.999544444	0.001158616	0.178425824	0.355468261
LEfSe	50	2000	abundant	5	0.812077273	0.005206303	0.388931111	0.090753318	0.058975	0.022227114	0.101439466	0.035027572	0.020566667	0.006588967	0.979433333	0.006588967	0.611068889	0.090753318
LEfSe	50	300	abundant	1	0.967662705	0.000590341	0.001052632	0.014509525	0.000175439	0.002418254	0.000300752	0.004145579	8.77E-05	0.00064564	0.999912281	0.00064564	0.02	0.137321312
LEfSe	50	300	abundant	10	0.953935484	0.0065857	0.344738355	0.060853394	0.460166667	0.090392623	0.391503209	0.066045628	0.029605556	0.006578514	0.970394444	0.006578514	0.655261645	0.060853394
LEfSe	50	300	abundant	2	0.967537634	0.00096651	0.141349206	0.299505098	0.009166667	0.019752093	0.016663332	0.034831669	0.000516667	0.001156941	0.999483333	0.001156941	0.203650794	0.361546548
LEfSe	50	300	abundant	5	0.96233871	0.004606891	0.373196421	0.103669957	0.241333333	0.088554368	0.287713251	0.088863715	0.013627778	0.004667062	0.986372222	0.004667062	0.626803579	0.103669957
LEfSe	50	400	abundant	1	0.957409007	0.000329048	0	0	0	0	0	0	3.95E-05	0.000343673	0.999960519	0.000343673	0.020304569	0.141399379
LEfSe	50	400	abundant	10	0.939021277	0.007240235	0.344844767	0.050065224	0.47025	0.083778168	0.395414732	0.054611103	0.040144444	0.007973769	0.959855556	0.007973769	0.655155233	0.050065224
LEfSe	50	400	abundant	2	0.957159574	0.001265095	0.124599206	0.281670426	0.008	0.018204588	0.014688377	0.033066974	0.000655556	0.001400991	0.999344444	0.001400991	0.215400794	0.37358858
LEfSe	50	400	abundant	5	0.95012234	0.005203137	0.36989252	0.086829098	0.244	0.081569097	0.289108045	0.078903726	0.018494444	0.00593291	0.981505556	0.00593291	0.63010748	0.086829098
LEfSe	50	500	abundant	1	0.947189365	0.001733441	0.007565571	0.075842822	0.000515464	0.003773684	0.000880559	0.006563787	0.00021764	0.001950183	0.99978236	0.001950183	0.023362265	0.14539459
LEfSe	50	500	abundant	10	0.924084211	0.009993698	0.34556802	0.050726127	0.4756	0.077216917	0.397274033	0.050392435	0.051	0.011416789	0.949	0.011416789	0.65443198	0.050726127
LEfSe	50	500	abundant	2	0.947	0.001183365	0.209149711	0.305096774	0.0132	0.021070831	0.024187836	0.037533882	0.001122222	0.001551442	0.998877778	0.001551442	0.340850289	0.390700802
LEfSe	50	500	abundant	5	0.936884211	0.006078446	0.359614134	0.071070358	0.2494	0.069568953	0.290871518	0.064417293	0.024922222	0.006798903	0.975077778	0.006798903	0.640385866	0.071070358
LEfSe	50	800	abundant	1	0.918367347	0	0	0	0	0	0	0	0	0	1	0	0	0
LEfSe	50	800	abundant	10	0.908714286	0.005889707	0.394855858	0.063173711	0.2209375	0.047585177	0.281768629	0.051648335	0.03015	0.005666319	0.96985	0.005666319	0.605144142	0.063173711
LEfSe	50	800	abundant	2	0.918260204	0.0007884	0.119642857	0.296199751	0.0025625	0.00666611	0.004964014	0.012769939	0.000344444	0.00087276	0.999655556	0.00087276	0.150357143	0.332066848
LEfSe	50	800	abundant	5	0.914244898	0.004397386	0.393031437	0.11714815	0.0951875	0.038678661	0.151254369	0.056295434	0.01295	0.004473103	0.98705	0.004473103	0.606968563	0.11714815
limma_voom	50	100	abundant	1	0.988983516	0.000204253	0.01	0.086239121	0.0015	0.012185748	0.002575758	0.020943391	4.44E-05	0.000218279	0.999955556	0.000218279	0.035	0.177291175
limma_voom	50	100	abundant	10	0.98239011	0.004478263	0.334480548	0.095092946	0.553	0.164701649	0.408701818	0.102573564	0.012838889	0.004794554	0.987161111	0.004794554	0.665519452	0.095092946
limma_voom	50	100	abundant	2	0.988340659	0.001599455	0.241039683	0.332820965	0.0635	0.086922538	0.094615536	0.123928328	0.001383333	0.00162758	0.998616667	0.00162758	0.433960317	0.416874169
limma_voom	50	100	abundant	5	0.984362637	0.003684731	0.338115101	0.107575168	0.41	0.147678858	0.363330489	0.110847165	0.009255556	0.003787438	0.990744444	0.003787438	0.661884899	0.107575168
limma_voom	50	1000	abundant	1	0.86192	0.098419079	0.042442228	0.1556634	0.01365	0.036905114	0.009266556	0.018705518	0.043827778	0.112937623	0.956172222	0.112937623	0.352557772	0.461295796
limma_voom	50	1000	abundant	10	0.733705	0.185363606	0.234669774	0.119995467	0.35465	0.101955146	0.246741139	0.073513185	0.224177778	0.215735425	0.775822222	0.215735425	0.765330226	0.119995467
limma_voom	50	1000	abundant	2	0.84842	0.119273402	0.083334252	0.192576952	0.02605	0.051693895	0.018418612	0.027150695	0.060205556	0.137831354	0.939794444	0.137831354	0.506665748	0.459917369
limma_voom	50	1000	abundant	5	0.81243	0.134811184	0.260809594	0.123471767	0.17345	0.095841145	0.166170745	0.046241346	0.116572222	0.159150288	0.883427778	0.159150288	0.739190406	0.123471767
limma_voom	50	200	abundant	1	0.977994565	0.000953069	0.006428571	0.053677211	0.001	0.008623912	0.001649832	0.013806344	0.000294444	0.001023803	0.999705556	0.001023803	0.118571429	0.3185896
limma_voom	50	200	abundant	10	0.961407609	0.013355188	0.299713884	0.092268876	0.49	0.131954766	0.363892932	0.09524469	0.028116667	0.013851909	0.971883333	0.013851909	0.700286116	0.092268876
limma_voom	50	200	abundant	2	0.977152174	0.003653222	0.125124098	0.27109979	0.01875	0.039923765	0.0298527	0.061407666	0.00155	0.0039207	0.99845	0.0039207	0.379875902	0.447471695
limma_voom	50	200	abundant	5	0.9705	0.007818467	0.343870113	0.106639465	0.33325	0.113119039	0.329478445	0.094268849	0.015338889	0.00838959	0.984661111	0.00838959	0.656129887	0.106639465
limma_voom	50	2000	abundant	1	0.775745455	0.15918943	0.046091953	0.160881098	0.0126	0.044839076	0.007369711	0.020199991	0.054666667	0.204019264	0.945333333	0.204019264	0.183908047	0.364052713
limma_voom	50	2000	abundant	10	0.390081818	0.469917699	0.234369367	0.141618514	0.346625	0.153961864	0.212616303	0.068285463	0.600261111	0.60672894	0.399738889	0.60672894	0.765630633	0.141618514
limma_voom	50	2000	abundant	2	0.717186364	0.243078403	0.142240152	0.259856985	0.033925	0.070268468	0.020766899	0.03229049	0.130977778	0.312015905	0.869022222	0.312015905	0.427759848	0.43693944
limma_voom	50	2000	abundant	5	0.613268182	0.330046493	0.283193434	0.145712421	0.164975	0.127226401	0.140078638	0.039204618	0.287111111	0.430190481	0.712888889	0.430190481	0.716806566	0.145712421
limma_voom	50	300	abundant	1	0.964822581	0.008184303	0.004069052	0.021329459	0.002166667	0.010608247	0.002488591	0.011764883	0.003088889	0.008654188	0.996911111	0.008654188	0.305930948	0.458024356
limma_voom	50	300	abundant	10	0.930177419	0.030933163	0.253820476	0.089512403	0.456	0.101510644	0.314527308	0.084427241	0.054016667	0.032765246	0.945983333	0.032765246	0.746179524	0.089512403
limma_voom	50	300	abundant	2	0.964532258	0.008244495	0.084646258	0.226058055	0.012166667	0.02759229	0.017422904	0.035954023	0.003722222	0.009033408	0.996277778	0.009033408	0.350353742	0.449423374
limma_voom	50	300	abundant	5	0.952462366	0.016486058	0.294197496	0.109934226	0.248666667	0.09211456	0.255238433	0.080589706	0.024077778	0.01808916	0.975922222	0.01808916	0.705802504	0.109934226
limma_voom	50	400	abundant	1	0.953489362	0.011896207	0.008842437	0.054135545	0.001375	0.00672387	0.002137538	0.010347429	0.004194444	0.012463452	0.995805556	0.012463452	0.341157563	0.469063898
limma_voom	50	400	abundant	10	0.907154255	0.043167666	0.256208047	0.087394876	0.467125	0.097312424	0.31934282	0.082122898	0.073288889	0.046226533	0.926711111	0.046226533	0.743791953	0.087394876
limma_voom	50	400	abundant	2	0.952276596	0.013141783	0.090362237	0.217163852	0.014	0.029189211	0.018939354	0.035188246	0.006022222	0.014593935	0.993977778	0.014593935	0.419637763	0.457510575
limma_voom	50	400	abundant	5	0.935925532	0.026648341	0.290797224	0.104417231	0.256	0.086429743	0.25885241	0.073840031	0.033855556	0.029349062	0.966144444	0.029349062	0.709202776	0.104417231
limma_voom	50	500	abundant	1	0.938121053	0.026297455	0.009592575	0.075814378	0.003	0.012481142	0.002652545	0.009998146	0.009927778	0.028287797	0.990072222	0.028287797	0.400407425	0.487326665
limma_voom	50	500	abundant	10	0.874152632	0.061061815	0.243548593	0.089700018	0.4798	0.084472707	0.309863681	0.080425672	0.103938889	0.06613259	0.896061111	0.06613259	0.756451407	0.089700018
limma_voom	50	500	abundant	2	0.934857895	0.028091317	0.092744893	0.199222558	0.0231	0.039853879	0.026410407	0.039224508	0.014488889	0.031390988	0.985511111	0.031390988	0.542255107	0.452311103
limma_voom	50	500	abundant	5	0.908789474	0.033265172	0.24917859	0.080798004	0.2791	0.085684885	0.248893453	0.055722875	0.056227778	0.037906127	0.943772222	0.037906127	0.75082141	0.080798004
limma_voom	50	800	abundant	1	0.897719388	0.063646992	0.038972661	0.164109083	0.0088125	0.02753474	0.006585378	0.015301299	0.023266667	0.071584189	0.976733333	0.071584189	0.386027339	0.476960194
limma_voom	50	800	abundant	10	0.781428571	0.148102636	0.233316568	0.121835332	0.34975	0.106479467	0.242420753	0.073477876	0.1802	0.169195656	0.8198	0.169195656	0.766683432	0.121835332
limma_voom	50	800	abundant	2	0.884765306	0.079974736	0.095296412	0.194311981	0.026	0.050784672	0.022221802	0.032118498	0.0389	0.091072563	0.9611	0.091072563	0.494703588	0.449818839
limma_voom	50	800	abundant	5	0.845658163	0.111137544	0.263551487	0.136581584	0.1775625	0.094029504	0.170612276	0.05367687	0.094955556	0.128042371	0.905044444	0.128042371	0.736448513	0.136581584
LinDA	50	100	abundant	1	0.988857143	0.000572863	0.001428571	0.020203051	0.001	0.014142136	0.001176471	0.016637807	0.000166667	0.000656634	0.999833333	0.000656634	0.083571429	0.275584052
LinDA	50	100	abundant	10	0.980510989	0.004619718	0.287552097	0.085977951	0.488	0.161201519	0.35492465	0.096791903	0.014016667	0.004904545	0.985983333	0.004904545	0.712447903	0.085977951
LinDA	50	100	abundant	2	0.988093407	0.001727103	0.248539683	0.307850698	0.0835	0.10407646	0.116328805	0.135431694	0.001855556	0.001913542	0.998144444	0.001913542	0.511460317	0.397731184
LinDA	50	100	abundant	5	0.983681319	0.003902345	0.318220911	0.111598745	0.3865	0.133630218	0.343255943	0.110980314	0.009683333	0.003693341	0.990316667	0.003693341	0.681779089	0.111598745
LinDA	50	1000	abundant	1	0.899985	0.000157796	0	0	0	0	0	0	1.67E-05	0.000175329	0.999983333	0.000175329	0.01	0.099748427
LinDA	50	1000	abundant	10	0.88622	0.007921829	0.394083808	0.0568937	0.2522	0.048236853	0.305871426	0.04865224	0.043333333	0.008377234	0.956666667	0.008377234	0.605916192	0.0568937
LinDA	50	1000	abundant	2	0.899865	0.00081245	0.072041667	0.227641909	0.00165	0.005377928	0.00320272	0.010397084	0.000333333	0.000898054	0.999666667	0.000898054	0.152958333	0.338889927
LinDA	50	1000	abundant	5	0.89525	0.004474102	0.401035685	0.099444925	0.0945	0.035269957	0.150816638	0.049182112	0.015777778	0.005316463	0.984222222	0.005316463	0.598964315	0.099444925
LinDA	50	200	abundant	1	0.978201087	0.000271274	0.0075	0.078897873	5.00E-04	0.004987421	0.000930736	0.00928648	7.22E-05	0.000274605	0.999927778	0.000274605	0.0625	0.240066469
LinDA	50	200	abundant	10	0.964467391	0.006659022	0.319717476	0.07068172	0.53475	0.126132807	0.395568184	0.078622355	0.025983333	0.006990708	0.974016667	0.006990708	0.680282524	0.07068172
LinDA	50	200	abundant	2	0.977891304	0.001340976	0.211800505	0.346282956	0.02475	0.041636589	0.041943982	0.067225078	0.000927778	0.001562549	0.999072222	0.001562549	0.308199495	0.407941075
LinDA	50	200	abundant	5	0.972304348	0.004555818	0.359187453	0.099716296	0.33225	0.115821026	0.338484431	0.096714121	0.013472222	0.004632988	0.986527778	0.004632988	0.640812547	0.099716296
LinDA	50	2000	abundant	1	0.818177273	6.43E-05	0	0	0	0	0	0	5.56E+06	7.86E-05	0.999994444	7.86E-05	0.005	0.070710678
LinDA	50	2000	abundant	10	0.802813636	0.007765189	0.401216222	0.048435091	0.170925	0.030976882	0.238694884	0.036503413	0.056766667	0.009374103	0.943233333	0.009374103	0.598783778	0.048435091
LinDA	50	2000	abundant	2	0.818013636	0.000768355	0.068873737	0.221174885	0.000825	0.00282565	0.001613531	0.005478737	0.000388889	0.001166939	0.999611111	0.001166939	0.136126263	0.320394693
LinDA	50	2000	abundant	5	0.812218182	0.004894875	0.387982683	0.09200901	0.058075	0.023262094	0.099916144	0.036540608	0.020194444	0.006719904	0.979805556	0.006719904	0.612017317	0.09200901
LinDA	50	300	abundant	1	0.967725806	0.00013103	0	0	0	0	0	0	1.67E-05	0.000135397	0.999983333	0.000135397	0.015	0.121857483
LinDA	50	300	abundant	10	0.952247312	0.007150579	0.33564592	0.059495726	0.475666667	0.099620161	0.390370735	0.067358657	0.031866667	0.007547241	0.968133333	0.007547241	0.66435408	0.059495726
LinDA	50	300	abundant	2	0.967612903	0.000872821	0.123416667	0.29736934	0.007833333	0.018896852	0.01432134	0.033960394	0.000394444	0.000989413	0.999605556	0.000989413	0.166583333	0.345298233
LinDA	50	300	abundant	5	0.96211828	0.004524522	0.36317932	0.104988863	0.226166667	0.084530926	0.273227866	0.086542604	0.01335	0.004777417	0.98665	0.004777417	0.63682068	0.104988863
LinDA	50	400	abundant	1	0.957420213	0.000197734	0	0	0	0	0	0	2.78E-05	0.000206522	0.999972222	0.000206522	0.02	0.140351318
LinDA	50	400	abundant	10	0.936861702	0.008688371	0.337847483	0.050805069	0.48775	0.09109158	0.395907839	0.055848316	0.043177778	0.009954322	0.956822222	0.009954322	0.662152517	0.050805069
LinDA	50	400	abundant	2	0.957234043	0.001077112	0.147559524	0.310636581	0.009	0.021565606	0.016224413	0.037094068	0.000622222	0.001353468	0.999377778	0.001353468	0.202440476	0.363795222
LinDA	50	400	abundant	5	0.950037234	0.005337163	0.36705684	0.091998543	0.239	0.080382253	0.28469126	0.079305938	0.018361111	0.00603764	0.981638889	0.00603764	0.63294316	0.091998543
LinDA	50	500	abundant	1	0.947347368	0.000181556	0.005	0.070710678	1.00E-04	0.001414214	0.000196078	0.002772968	2.78E-05	0.000173907	0.999972222	0.000173907	0.025	0.156516732
LinDA	50	500	abundant	10	0.921784211	0.011529648	0.343355161	0.052307766	0.5058	0.078493094	0.405619635	0.049801925	0.055105556	0.013249362	0.944894444	0.013249362	0.656644839	0.052307766
LinDA	50	500	abundant	2	0.947063158	0.001134554	0.14979465	0.278572897	0.0095	0.019638696	0.017215009	0.03434408	0.00085	0.001659589	0.99915	0.001659589	0.23020535	0.357362588
LinDA	50	500	abundant	5	0.937252632	0.006511804	0.360446161	0.078502797	0.242	0.073505204	0.28539155	0.069826749	0.024122222	0.007261385	0.975877778	0.007261385	0.639553839	0.078502797
LinDA	50	800	abundant	1	0.918362245	0.000125183	0.005	0.070710678	6.25E-05	0.000883883	0.000123457	0.001745943	1.11E-05	0.000110832	0.999988889	0.000110832	0.01	0.099748427
LinDA	50	800	abundant	10	0.907214286	0.006392949	0.395100617	0.05859339	0.255375	0.052415132	0.308429422	0.052294715	0.034844444	0.006484617	0.965155556	0.006484617	0.604899383	0.05859339
LinDA	50	800	abundant	2	0.918265306	0.000792388	0.080619048	0.24594792	0.0023125	0.008224769	0.004424757	0.015470869	0.000316667	0.000782727	0.999683333	0.000782727	0.144380952	0.331894824
LinDA	50	800	abundant	5	0.914066327	0.00439505	0.389303597	0.117236178	0.0943125	0.039722607	0.149433354	0.057004194	0.013066667	0.004869715	0.986933333	0.004869715	0.610696403	0.117236178
MaAsLin2	50	100	abundant	1	0.988950549	0.000334104	0.005	0.049874214	0.001	0.009974843	0.001666667	0.016624738	7.22E-05	0.000353608	0.999927778	0.000353608	0.045	0.201688849
MaAsLin2	50	100	abundant	10	0.967587912	0.008234482	0.222490907	0.054455552	0.733	0.150746884	0.337375821	0.070232607	0.029805556	0.00881209	0.970194444	0.00881209	0.777509093	0.054455552
MaAsLin2	50	100	abundant	2	0.98838699	0.001479357	0.180699131	0.314305912	0.044221106	0.074902437	0.067771775	0.112667211	0.001122278	0.001464507	0.998877722	0.001464507	0.442416447	0.444886001
MaAsLin2	50	100	abundant	5	0.979642857	0.005707334	0.27449386	0.094767848	0.464	0.161972763	0.334750015	0.100854281	0.014627778	0.006251524	0.985372222	0.006251524	0.72550614	0.094767848
MaAsLin2	50	1000	abundant	1	0.899984925	0.00015819	0	0	0	0	0	0	1.68E-05	0.000175767	0.99998325	0.000175767	0.010050251	0.099997462
MaAsLin2	50	1000	abundant	10	0.88618	0.007743864	0.394072533	0.055461855	0.25315	0.047230617	0.306643707	0.047631337	0.043483333	0.008178386	0.956516667	0.008178386	0.605927467	0.055461855
MaAsLin2	50	1000	abundant	2	0.89989	0.000849416	0.109583333	0.279033976	0.0021	0.005634602	0.004102715	0.010963738	0.000355556	0.000824286	0.999644444	0.000824286	0.175416667	0.353789951
MaAsLin2	50	1000	abundant	5	0.894994949	0.004532452	0.398111054	0.095419858	0.097070707	0.03478002	0.154167089	0.0487791	0.016346801	0.005122178	0.983653199	0.005122178	0.601888946	0.095419858
MaAsLin2	50	200	abundant	1	0.978217391	0.000239731	0.0025	0.035355339	0.00025	0.003535534	0.000454545	0.006428243	5.00E-05	0.000256378	0.99995	0.000256378	0.0375	0.187133226
MaAsLin2	50	200	abundant	10	0.958766304	0.009094834	0.293450659	0.063052591	0.59125	0.114461543	0.387149955	0.067573103	0.033066667	0.009911977	0.966933333	0.009911977	0.706549341	0.063052591
MaAsLin2	50	200	abundant	2	0.977929348	0.001174624	0.193821429	0.338956022	0.02025	0.034399917	0.035316762	0.058700292	0.000788889	0.001292267	0.999211111	0.001292267	0.311178571	0.416263005
MaAsLin2	50	200	abundant	5	0.971798913	0.005177086	0.354975909	0.110255551	0.33675	0.120663732	0.337581239	0.102825954	0.014088889	0.005235043	0.985911111	0.005235043	0.645024091	0.110255551
MaAsLin2	50	2000	abundant	1	0.81817725	6.44E-05	0	0	0	0	0	0	5.58E+06	7.88E-05	0.999994417	7.88E-05	0.005025126	0.070888121
MaAsLin2	50	2000	abundant	10	0.801790909	0.008052586	0.398214698	0.049116725	0.175875	0.029905368	0.243186562	0.035766157	0.059116667	0.008840809	0.940883333	0.008840809	0.601785302	0.049116725
MaAsLin2	50	2000	abundant	2	0.818045455	0.000771981	0.099178571	0.258783925	0.0012	0.003408532	0.002350764	0.006621771	0.000433333	0.001145693	0.999566667	0.001145693	0.155821429	0.330726629
MaAsLin2	50	2000	abundant	5	0.811722727	0.005252381	0.390901108	0.087918227	0.064	0.023887298	0.108854496	0.036794027	0.022116667	0.006970196	0.977883333	0.006970196	0.609098892	0.087918227
MaAsLin2	50	300	abundant	1	0.967731183	0.000107256	0	0	0	0	0	0	1.11E-05	0.000110832	0.999988889	0.000110832	0.01	0.099748427
MaAsLin2	50	300	abundant	10	0.951010753	0.007815551	0.331489083	0.058179309	0.489333333	0.095560879	0.391866634	0.063555762	0.0336	0.008361846	0.9664	0.008361846	0.668510917	0.058179309
MaAsLin2	50	300	abundant	2	0.967580645	0.000968672	0.134297619	0.317163625	0.0065	0.014831079	0.012165654	0.027482864	0.000383333	0.001018457	0.999616667	0.001018457	0.175702381	0.3595909
MaAsLin2	50	300	abundant	5	0.962014373	0.004208969	0.359397183	0.093451334	0.226130653	0.086771128	0.271914755	0.085511822	0.01345617	0.004546779	0.98654383	0.004546779	0.640602817	0.093451334
MaAsLin2	50	400	abundant	1	0.957430851	0.000167868	0	0	0	0	0	0	1.67E-05	0.000175329	0.999983333	0.000175329	0.01	0.099748427
MaAsLin2	50	400	abundant	10	0.934845745	0.009052373	0.330174665	0.049100677	0.498	0.090516386	0.393573424	0.052406076	0.045738889	0.010707799	0.954261111	0.010707799	0.669825335	0.049100677
MaAsLin2	50	400	abundant	2	0.957222282	0.001198102	0.155707107	0.317959818	0.008542714	0.018010573	0.01579235	0.032697032	0.000614182	0.001324126	0.999385818	0.001324126	0.221177315	0.376961524
MaAsLin2	50	400	abundant	5	0.949680851	0.005335695	0.362835428	0.086796243	0.238375	0.078813337	0.282647217	0.076541814	0.018705556	0.006239604	0.981294444	0.006239604	0.637164572	0.086796243
MaAsLin2	50	500	abundant	1	0.947363131	0.000129461	0.005025126	0.070888121	0.000100503	0.001417762	0.000197064	0.002779926	1.12E-05	0.000111108	0.999988833	0.000111108	0.010050251	0.099997462
MaAsLin2	50	500	abundant	10	0.918857445	0.011650148	0.333011513	0.050047014	0.514170854	0.079048578	0.400615618	0.046902802	0.058659966	0.013669206	0.941340034	0.013669206	0.666988487	0.050047014
MaAsLin2	50	500	abundant	2	0.947047368	0.001137531	0.183612554	0.312348287	0.0101	0.018376028	0.018564394	0.03278859	9.00E-04	0.00154101	0.9991	0.00154101	0.271387446	0.381626986
MaAsLin2	50	500	abundant	5	0.9367	0.006409146	0.354686538	0.075201218	0.2401	0.070390083	0.282344623	0.066234171	0.0246	0.00717237	0.9754	0.00717237	0.645313462	0.075201218
MaAsLin2	50	800	abundant	1	0.918362245	0.000125183	0.005	0.070710678	6.25E-05	0.000883883	0.000123457	0.001745943	1.11E-05	0.000110832	0.999988889	0.000110832	0.01	0.099748427
MaAsLin2	50	800	abundant	10	0.907363347	0.006254044	0.395745785	0.058200233	0.253768844	0.051384782	0.30749904	0.051190588	0.034539363	0.006317822	0.965460637	0.006317822	0.604254215	0.058200233
MaAsLin2	50	800	abundant	2	0.91828489	0.000758001	0.117039442	0.284437975	0.003030303	0.008180023	0.005835933	0.015493553	0.000359147	0.000796815	0.999640853	0.000796815	0.170839346	0.345559679
MaAsLin2	50	800	abundant	5	0.914142857	0.004418988	0.392957834	0.115293993	0.09625	0.038725779	0.152421693	0.05597494	0.013155556	0.004743485	0.986844444	0.004743485	0.607042166	0.115293993
metagenomeSeq	50	200	abundant	1	0.989995	5.00E-05	0	0	0	0	0	0	5.05E-06	5.05E-05	0.999994949	5.05E-05	0.01	0.1
metagenomeSeq	50	200	abundant	2	0.990195	0.000425779	0.2675	0.43701091	0.0235	0.044070077	0.042146296	0.076874014	4.04E-05	0.000185533	0.999959596	0.000185533	0.0425	0.184825197
metagenomeSeq	50	200	abundant	5	0.99419	0.001211852	0.945579726	0.085135298	0.4485	0.115350804	0.598792771	0.110704936	0.00029798	0.00048737	0.99970202	0.00048737	0.054420274	0.085135298
metagenomeSeq	50	200	abundant	10	0.99623	0.001168656	0.901715298	0.076706612	0.706	0.100824881	0.786577208	0.071552469	0.000838384	0.000757048	0.999161616	0.000757048	0.098284702	0.076706612
metagenomeSeq	50	300	abundant	1	0.98498	0.000121439	0	0	0	0	0	0	2.03E-05	0.000123289	0.999979695	0.000123289	0.03	0.171446608
metagenomeSeq	50	300	abundant	2	0.98515	0.00039248	0.199666667	0.387993052	0.012333333	0.02789068	0.022777096	0.05039932	3.55E-05	0.000148827	0.999964467	0.000148827	0.030333333	0.137240317
metagenomeSeq	50	300	abundant	5	0.990945	0.001699517	0.911750853	0.087975727	0.443333333	0.10922644	0.587463595	0.106489028	0.000715736	0.000753587	0.999284264	0.000753587	0.088249147	0.087975727
metagenomeSeq	50	300	abundant	10	0.993935	0.001644788	0.873786205	0.081906319	0.704333333	0.080075021	0.776108843	0.061476977	0.001654822	0.001275674	0.998345178	0.001275674	0.126213795	0.081906319
metagenomeSeq	50	400	abundant	1	0.979995	0.000132859	0.02	0.140705294	5.00E-04	0.003517632	0.00097561	0.006863673	1.53E-05	0.000113623	0.999984694	0.000113623	0.02	0.140705294
metagenomeSeq	50	400	abundant	2	0.980425	0.000782946	0.354916667	0.464018301	0.02475	0.04211801	0.044879013	0.073340721	7.14E-05	0.000229549	0.999928571	0.000229549	0.045083333	0.165937356
metagenomeSeq	50	400	abundant	5	0.988975	0.001813773	0.919034471	0.072640604	0.49625	0.085085741	0.639204081	0.074557627	0.000969388	0.000992983	0.999030612	0.000992983	0.080965529	0.072640604
metagenomeSeq	50	400	abundant	10	0.992035	0.002245371	0.847331606	0.078590501	0.74275	0.081672464	0.787719082	0.060839204	0.002877551	0.001735149	0.997122449	0.001735149	0.152668394	0.078590501
metagenomeSeq	50	500	abundant	1	0.974985	0.000111351	0.01	0.1	2.00E-04	0.002	0.000392157	0.003921569	2.05E-05	0.000100998	0.999979487	0.000100998	0.04	0.196946386
metagenomeSeq	50	500	abundant	2	0.97549	0.000828714	0.416984127	0.486019256	0.0216	0.037246653	0.039572244	0.064674769	5.13E-05	0.000277554	0.999948718	0.000277554	0.023015873	0.115602714
metagenomeSeq	50	500	abundant	5	0.986345	0.002129275	0.904152522	0.07676772	0.5128	0.077617034	0.649656382	0.067637523	0.001512821	0.001383694	0.998487179	0.001383694	0.095847478	0.07676772
metagenomeSeq	50	500	abundant	10	0.990145	0.002551782	0.833623392	0.077711787	0.7668	0.062939445	0.795813118	0.050135504	0.004128205	0.002281063	0.995871795	0.002281063	0.166376608	0.077711787
metagenomeSeq	50	800	abundant	1	0.959995	5.00E-05	0	0	0	0	0	0	5.21E-06	5.21E-05	0.999994792	5.21E-05	0.01	0.1
metagenomeSeq	50	800	abundant	2	0.96035	0.00067607	0.345	0.475112958	0.00925	0.016535468	0.017818999	0.031354582	2.08E-05	0.000102576	0.999979167	0.000102576	0.035	0.177738316
metagenomeSeq	50	800	abundant	5	0.96956	0.002180353	0.922951264	0.064022487	0.262375	0.056253367	0.40497904	0.068827486	0.000973958	0.00090258	0.999026042	0.00090258	0.077048736	0.064022487
metagenomeSeq	50	800	abundant	10	0.977005	0.002365039	0.858159722	0.061036414	0.513375	0.054508102	0.639809127	0.044599938	0.003677083	0.001901555	0.996322917	0.001901555	0.141840278	0.061036414
metagenomeSeq	50	1000	abundant	1	0.950005	5.00E-05	0.01	0.1	1.00E-04	0.001	0.00019802	0.001980198	0	0	1	0	0	0
metagenomeSeq	50	1000	abundant	2	0.950265	0.000566109	0.330738095	0.450695716	0.0071	0.011916799	0.013753063	0.022771826	9.47E-05	0.000361715	0.999905263	0.000361715	0.059261905	0.189349994
metagenomeSeq	50	1000	abundant	5	0.96247	0.002773267	0.92035668	0.063805667	0.2751	0.057988069	0.419704898	0.069034396	0.001352632	0.001250099	0.998647368	0.001250099	0.07964332	0.063805667
metagenomeSeq	50	1000	abundant	10	0.97091	0.002834118	0.844693392	0.05329168	0.5157	0.051937317	0.63818266	0.042590644	0.005131579	0.002175046	0.994868421	0.002175046	0.155306608	0.05329168
metagenomeSeq	50	2000	abundant	1	0.900005	0.000112254	0.015	0.111350752	0.00015	0.001113508	0.00029703	0.002204965	1.11E-05	7.82E-05	0.999988889	7.82E-05	0.015	0.111350752
metagenomeSeq	50	2000	abundant	2	0.90025	0.000552771	0.25875	0.438897479	0.00255	0.005795113	0.005018965	0.011308125	5.56E-06	5.56E-05	0.999994444	5.56E-05	0.00125	0.0125
metagenomeSeq	50	2000	abundant	5	0.91532	0.003073609	0.91337189	0.06343978	0.17055	0.031082287	0.285900016	0.044342517	0.001927778	0.001609485	0.998072222	0.001609485	0.08662811	0.06343978
metagenomeSeq	50	2000	abundant	10	0.928405	0.003598327	0.835750958	0.054828339	0.35635	0.034610787	0.498010746	0.033842113	0.008033333	0.003357024	0.991966667	0.003357024	0.164249042	0.054828339
metagenomeSeq	50	100	abundant	1	0.99498	9.85E-05	0	0	0	0	0	0	2.01E-05	9.90E-05	0.999979899	9.90E-05	0.04	0.196946386
metagenomeSeq	50	100	abundant	2	0.99507	0.000224958	0.145	0.350288481	0.017	0.042770234	0.030151515	0.074926417	1.51E-05	8.62E-05	0.999984925	8.62E-05	0.025	0.148647098
metagenomeSeq	50	100	abundant	5	0.996625	0.000832954	0.91881746	0.162892342	0.373	0.167485866	0.504962808	0.165090724	0.000241206	0.000512464	0.999758794	0.000512464	0.07118254	0.134059487
metagenomeSeq	50	100	abundant	10	0.997585	0.001091878	0.889327145	0.139626418	0.62	0.202509508	0.703852154	0.158547056	0.000517588	0.000793595	0.999482412	0.000793595	0.110672855	0.139626418
Wilcox	50	100	abundant	1	0.988972527	0.000255468	0.0025	0.035355339	5.00E-04	0.007071068	0.000833333	0.011785113	4.44E-05	0.000269186	0.999955556	0.000269186	0.0275	0.160068296
Wilcox	50	100	abundant	10	0.970521978	0.007399537	0.241847287	0.054731875	0.7385	0.150268604	0.35974331	0.068004589	0.0269	0.008111291	0.9731	0.008111291	0.758152713	0.054731875
Wilcox	50	100	abundant	2	0.98839011	0.001536715	0.167238095	0.293142888	0.044	0.074779408	0.065492042	0.107141009	0.001116667	0.001680097	0.998883333	0.001680097	0.342761905	0.415176605
Wilcox	50	100	abundant	5	0.980697802	0.005453575	0.291513138	0.103414787	0.468	0.174724478	0.34701118	0.106785623	0.013605556	0.006069982	0.986394444	0.006069982	0.708486862	0.103414787
Wilcox	50	1000	abundant	1	0.899995	7.07E-05	0	0	0	0	0	0	5.56E+06	7.86E-05	0.999994444	7.86E-05	0.005	0.070710678
Wilcox	50	1000	abundant	10	0.889615	0.00683376	0.400446282	0.063208189	0.20605	0.044618962	0.270345471	0.049804991	0.034433333	0.007087928	0.965566667	0.007087928	0.599553718	0.063208189
Wilcox	50	1000	abundant	2	0.89988	0.000698599	0.041583333	0.168565378	0.00115	0.004826383	0.002229458	0.009334495	0.000261111	0.000738688	0.999738889	0.000738688	0.123416667	0.311590262
Wilcox	50	1000	abundant	5	0.89616	0.00410471	0.403207498	0.106411618	0.0783	0.033386875	0.128988531	0.048940064	0.012966667	0.004946654	0.987033333	0.004946654	0.596792502	0.106411618
Wilcox	50	200	abundant	1	0.97823913	0.000152556	0	0	0	0	0	0	2.22E-05	0.000155946	0.999977778	0.000155946	0.02	0.140351318
Wilcox	50	200	abundant	10	0.963592391	0.007424258	0.319970563	0.068407327	0.55825	0.11710253	0.401668552	0.071929011	0.0274	0.008018095	0.9726	0.008018095	0.680029437	0.068407327
Wilcox	50	200	abundant	2	0.977902174	0.001111852	0.137595238	0.288066471	0.01625	0.033601829	0.027844155	0.056201896	0.000727778	0.001282666	0.999272222	0.001282666	0.277404762	0.406425714
Wilcox	50	200	abundant	5	0.97286413	0.004428165	0.36894098	0.106034616	0.325	0.107038715	0.338876306	0.094366703	0.012738889	0.004409237	0.987261111	0.004409237	0.63105902	0.106034616
Wilcox	50	2000	abundant	1	0.818177273	6.43E-05	0	0	0	0	0	0	5.56E+06	7.86E-05	0.999994444	7.86E-05	0.005	0.070710678
Wilcox	50	2000	abundant	10	0.805959091	0.007028031	0.400637583	0.05553545	0.1353	0.027562811	0.201383242	0.035911895	0.045005556	0.008122303	0.954994444	0.008122303	0.599362417	0.05553545
Wilcox	50	2000	abundant	2	0.818054545	0.000688312	0.043035714	0.177616404	0.00055	0.002545565	0.001072324	0.004894767	0.000277778	0.001043445	0.999722222	0.001043445	0.091964286	0.272182808
Wilcox	50	2000	abundant	5	0.813236364	0.004453282	0.379565183	0.1094746	0.046475	0.021217926	0.081977714	0.035092967	0.016372222	0.005707555	0.983627778	0.005707555	0.620434817	0.1094746
Wilcox	50	300	abundant	1	0.967741935	0	0	0	0	0	0	0	0	0	1	0	0	0
Wilcox	50	300	abundant	10	0.954827957	0.006286489	0.347060049	0.063011749	0.440833333	0.093831971	0.385269725	0.068217633	0.028038889	0.00638234	0.971961111	0.00638234	0.652939951	0.063011749
Wilcox	50	300	abundant	2	0.96761828	0.000748217	0.098630952	0.262313353	0.0055	0.013687711	0.010241394	0.025357811	0.000311111	0.00084949	0.999688889	0.00084949	0.136369048	0.312766705
Wilcox	50	300	abundant	5	0.963225806	0.004226126	0.375031914	0.113252507	0.2055	0.084590352	0.259135137	0.089802372	0.011516667	0.004567228	0.988483333	0.004567228	0.624968086	0.113252507
Wilcox	50	400	abundant	1	0.957425532	0.000183487	0	0	0	0	0	0	2.22E-05	0.000191642	0.999977778	0.000191642	0.015	0.121857483
Wilcox	50	400	abundant	10	0.940260638	0.007129688	0.347623346	0.050515298	0.448125	0.086600274	0.388261141	0.054699431	0.037866667	0.008303864	0.962133333	0.008303864	0.652376654	0.050515298
Wilcox	50	400	abundant	2	0.957271277	0.000952579	0.100819444	0.27616952	0.0055	0.015882736	0.010086656	0.028467759	0.000427778	0.001106509	0.999572222	0.001106509	0.159180556	0.345939081
Wilcox	50	400	abundant	5	0.951164894	0.004991624	0.370926802	0.095639966	0.214625	0.08110719	0.266445133	0.083218522	0.0161	0.005829632	0.9839	0.005829632	0.629073198	0.095639966
Wilcox	50	500	abundant	1	0.947368421	0.000105527	0.005	0.070710678	1.00E-04	0.001414214	0.000196078	0.002772968	5.56E+06	7.86E-05	0.999994444	7.86E-05	0.005	0.070710678
Wilcox	50	500	abundant	10	0.925763158	0.009520843	0.348690425	0.053033784	0.4537	0.080014509	0.390864573	0.052157524	0.048011111	0.011049292	0.951988889	0.011049292	0.651309575	0.053033784
Wilcox	50	500	abundant	2	0.947194737	0.000999882	0.135763889	0.298125381	0.0066	0.015928231	0.012136787	0.028409576	0.00055	0.001345918	0.99945	0.001345918	0.159236111	0.324822743
Wilcox	50	500	abundant	5	0.938310526	0.005817319	0.359826624	0.076523126	0.2177	0.071738708	0.266787986	0.070634742	0.021655556	0.006688026	0.978344444	0.006688026	0.640173376	0.076523126
Wilcox	50	800	abundant	1	0.918367347	0	0	0	0	0	0	0	0	0	1	0	0	0
Wilcox	50	800	abundant	10	0.909316327	0.005639621	0.393739065	0.065099085	0.206125	0.049526495	0.268699349	0.054486172	0.028177778	0.005766557	0.971822222	0.005766557	0.606260935	0.065099085
Wilcox	50	800	abundant	2	0.918280612	0.00048822	0.0435	0.19080474	0.00075	0.002976035	0.001465242	0.005814848	0.000161111	0.000572305	0.999838889	0.000572305	0.0865	0.272037569
Wilcox	50	800	abundant	5	0.91494898	0.003976113	0.390187975	0.136371778	0.078375	0.036635984	0.128370748	0.055328488	0.010688889	0.004427046	0.989311111	0.004427046	0.609812025	0.136371778
ZicoSeq	50	100	abundant	1	0.989010989	0	0	0	0	0	0	0	0	0	1	0	0	0
ZicoSeq	50	100	abundant	10	0.989010989	0	0	0	0	0	0	0	0	0	1	0	0	0
ZicoSeq	50	100	abundant	2	0.989010989	0	0	0	0	0	0	0	0	0	1	0	0	0
ZicoSeq	50	100	abundant	5	0.989010989	0	0	0	0	0	0	0	0	0	1	0	0	0
ZicoSeq	50	1000	abundant	1	0.9	0	0	0	0	0	0	0	0	0	1	0	0	0
ZicoSeq	50	1000	abundant	10	0.881165	0.00977011	0.392493867	0.051099399	0.3338	0.073952042	0.356378857	0.05477887	0.058016667	0.014157427	0.941983333	0.014157427	0.607506133	0.051099399
ZicoSeq	50	1000	abundant	2	0.9	0	0	0	0	0	0	0	0	0	1	0	0	0
ZicoSeq	50	1000	abundant	5	0.892925	0.006946991	0.264275058	0.191762873	0.13085	0.095674162	0.174653125	0.126954047	0.0224	0.016285589	0.9776	0.016285589	0.405724942	0.289285372
ZicoSeq	50	200	abundant	1	0.97826087	0	0	0	0	0	0	0	0	0	1	0	0	0
ZicoSeq	50	200	abundant	10	0.97826087	0	0	0	0	0	0	0	0	0	1	0	0	0
ZicoSeq	50	200	abundant	2	0.97826087	0	0	0	0	0	0	0	0	0	1	0	0	0
ZicoSeq	50	200	abundant	5	0.97826087	0	0	0	0	0	0	0	0	0	1	0	0	0
ZicoSeq	50	2000	abundant	1	0.818181818	0	0	0	0	0	0	0	0	0	1	0	0	0
ZicoSeq	50	2000	abundant	10	0.792790909	0.009885977	0.39870314	0.037715337	0.2743	0.052983927	0.322539775	0.045514982	0.091988889	0.016528026	0.908011111	0.016528026	0.60129686	0.037715337
ZicoSeq	50	2000	abundant	2	0.818181818	0	0	0	0	0	0	0	0	0	1	0	0	0
ZicoSeq	50	2000	abundant	5	0.806913636	0.008320932	0.359947646	0.135276457	0.126975	0.052428217	0.186810602	0.073520281	0.041988889	0.016765051	0.958011111	0.016765051	0.535052354	0.191776188
ZicoSeq	50	300	abundant	1	0.967741935	0	0	0	0	0	0	0	0	0	1	0	0	0
ZicoSeq	50	300	abundant	10	0.965666667	0.004391324	0.078245388	0.150891506	0.079333333	0.153265588	0.078717687	0.151836033	0.004788889	0.009113841	0.995211111	0.009113841	0.141754612	0.269359187
ZicoSeq	50	300	abundant	2	0.967741935	0	0	0	0	0	0	0	0	0	1	0	0	0
ZicoSeq	50	300	abundant	5	0.967645161	0.000965307	0.003592375	0.035836093	0.003833333	0.038273386	0.003708041	0.037001111	0.000227778	0.00227273	0.999772222	0.00227273	0.006407625	0.063916569
ZicoSeq	50	400	abundant	1	0.957446809	0	0	0	0	0	0	0	0	0	1	0	0	0
ZicoSeq	50	400	abundant	10	0.953138298	0.006425382	0.158717595	0.192743054	0.156	0.189455713	0.157235138	0.190839585	0.011433333	0.013673581	0.988566667	0.013673581	0.261282405	0.311346122
ZicoSeq	50	400	abundant	2	0.957446809	0	0	0	0	0	0	0	0	0	1	0	0	0
ZicoSeq	50	400	abundant	5	0.957345745	0.000963383	0.006290545	0.051462788	0.006375	0.052512113	0.006328197	0.051927915	0.000388889	0.003163847	0.999611111	0.003163847	0.008709455	0.071014213
ZicoSeq	50	500	abundant	1	0.947368421	0	0	0	0	0	0	0	0	0	1	0	0	0
ZicoSeq	50	500	abundant	10	0.939052632	0.007157988	0.27171748	0.180146871	0.2564	0.170364787	0.263608569	0.174726191	0.023022222	0.015091655	0.976977778	0.015091655	0.43828252	0.284604093
ZicoSeq	50	500	abundant	2	0.947368421	0	0	0	0	0	0	0	0	0	1	0	0	0
ZicoSeq	50	500	abundant	5	0.946915789	0.00246019	0.018039938	0.084254252	0.0173	0.08084174	0.017648466	0.082420288	0.001438889	0.006697118	0.998561111	0.006697118	0.026960062	0.125141142
ZicoSeq	50	800	abundant	1	0.918367347	0	0	0	0	0	0	0	0	0	1	0	0	0
ZicoSeq	50	800	abundant	10	0.904321429	0.007341166	0.394988006	0.052517199	0.3226875	0.087487234	0.349952316	0.064798916	0.043977778	0.011241756	0.956022222	0.011241756	0.605011994	0.052517199
ZicoSeq	50	800	abundant	2	0.918367347	0	0	0	0	0	0	0	0	0	1	0	0	0
ZicoSeq	50	800	abundant	5	0.913056122	0.005871429	0.232530421	0.199447266	0.120625	0.104340099	0.158509039	0.13634493	0.016505556	0.014122117	0.983494444	0.014122117	0.357469579	0.30209548
