name	Sample	OTU	type	effect	mean_Accuracy	sd_Accuracy	mean_Precision	sd_Precision	mean_TPR	sd_TPR	mean_F1_score	sd_F1_score	mean_FPR	sd_FPR	mean_Specificity	sd_Specificity	mean_FDR	sd_FDR
AAnew_TSS	200	100	abundant	1	0.8833	0.014568196	0.005	0.05	0.001	0.01	0.001666667	0.016666667	0.018666667	0.016096107	0.981333333	0.016096107	0.785	0.409822578
AAnew_TSS	200	100	abundant	2	0.9242	0.022164673	0.747573593	0.236613275	0.384	0.170986443	0.48698686	0.183479234	0.015777778	0.015727763	0.984222222	0.015727763	0.242426407	0.22557337
AAnew_TSS	200	100	abundant	5	0.9669	0.035181923	0.807973393	0.176591522	0.978	0.05041244	0.872429556	0.116979485	0.034333333	0.039453019	0.965666667	0.039453019	0.192026607	0.176591522
AAnew_TSS	200	100	abundant	10	0.9854	0.025243061	0.90454677	0.144843336	0.999	0.01	0.942489397	0.091255701	0.016111111	0.028090274	0.983888889	0.028090274	0.09545323	0.144843336
AAnew_TSS	200	200	abundant	1	0.87825	0.016397447	0.008686869	0.054201434	0.002	0.009847319	0.003013138	0.014972128	0.024388889	0.018296566	0.975611111	0.018296566	0.911313131	0.27545833
AAnew_TSS	200	200	abundant	2	0.91345	0.014952703	0.666510766	0.188911138	0.2895	0.131865979	0.387682218	0.142181505	0.017222222	0.01284215	0.982777778	0.01284215	0.333489234	0.188911138
AAnew_TSS	200	200	abundant	5	0.9764	0.019254804	0.870505331	0.125949081	0.93	0.066666667	0.89264875	0.076875599	0.018444444	0.021068242	0.981555556	0.021068242	0.129494669	0.125949081
AAnew_TSS	200	200	abundant	10	0.99365	0.011760553	0.953737853	0.082059391	0.9945	0.017254775	0.971654478	0.048759596	0.006444444	0.012895931	0.993555556	0.012895931	0.046262147	0.082059391
AAnew_TSS	200	300	abundant	1	0.8737	0.016909975	0.04898779	0.118628096	0.013666667	0.024202197	0.019407133	0.032307691	0.030740741	0.019580475	0.969259259	0.019580475	0.94101221	0.151930816
AAnew_TSS	200	300	abundant	2	0.911333333	0.015234788	0.644157928	0.172900618	0.279666667	0.094624902	0.382348418	0.114185797	0.018481481	0.01209046	0.981518519	0.01209046	0.355842072	0.172900618
AAnew_TSS	200	300	abundant	5	0.974066667	0.020447189	0.867962242	0.124806572	0.904	0.067383353	0.879806474	0.081235689	0.018148148	0.021256612	0.981851852	0.021256612	0.132037758	0.124806572
AAnew_TSS	200	300	abundant	10	0.9937	0.010237308	0.96032837	0.068278636	0.984333333	0.026990874	0.970680201	0.042398847	0.005259259	0.010905696	0.994740741	0.010905696	0.03967163	0.068278636
AAnew_TSS	200	400	abundant	1	0.870275	0.018377684	0.051291131	0.084444141	0.01525	0.020067751	0.021824756	0.028460686	0.034722222	0.020997761	0.965277778	0.020997761	0.948708869	0.084444141
AAnew_TSS	200	400	abundant	2	0.9145	0.013816986	0.669154148	0.155008933	0.3	0.100189215	0.406457368	0.113645286	0.017222222	0.010423445	0.982777778	0.010423445	0.330845852	0.155008933
AAnew_TSS	200	400	abundant	5	0.983775	0.010704331	0.925635477	0.072062444	0.9185	0.054311578	0.919822974	0.048587679	0.008972222	0.010369882	0.991027778	0.010369882	0.074364523	0.072062444
AAnew_TSS	200	400	abundant	10	0.995375	0.006300303	0.965246032	0.048891203	0.9925	0.013989534	0.977984019	0.028115762	0.004305556	0.006785499	0.995694444	0.006785499	0.034753968	0.048891203
AAnew_TSS	200	500	abundant	1	0.87314	0.015306313	0.035291852	0.065152578	0.0096	0.014901698	0.014465974	0.022538057	0.030911111	0.017152573	0.969088889	0.017152573	0.964708148	0.065152578
AAnew_TSS	200	500	abundant	2	0.9131	0.011920189	0.653402255	0.133494701	0.2986	0.082694766	0.403379878	0.092731	0.018622222	0.010296902	0.981377778	0.010296902	0.346597745	0.133494701
AAnew_TSS	200	500	abundant	5	0.98404	0.009123086	0.925839072	0.065410788	0.9198	0.046839075	0.920971201	0.041880084	0.008822222	0.009118554	0.991177778	0.009118554	0.074160928	0.065410788
AAnew_TSS	200	500	abundant	10	0.99554	0.005324652	0.97274987	0.039493955	0.985	0.021532217	0.978268649	0.024032889	0.003288889	0.005502372	0.996711111	0.005502372	0.02725013	0.039493955
AAnew_TSS	200	800	abundant	1	0.793975	0.033038172	0.037343193	0.02063825	0.04175	0.023584953	0.038442741	0.020148135	0.122444444	0.03760389	0.877555556	0.03760389	0.962656807	0.02063825
AAnew_TSS	200	800	abundant	2	0.86315	0.020469921	0.276017881	0.077851802	0.203375	0.059242243	0.227982987	0.054253438	0.063541667	0.024611471	0.936458333	0.024611471	0.723982119	0.077851802
AAnew_TSS	200	800	abundant	5	0.954725	0.011651207	0.763757164	0.073971374	0.808375	0.075022198	0.781641155	0.051996471	0.029013889	0.012759794	0.970986111	0.012759794	0.236242836	0.073971374
AAnew_TSS	200	800	abundant	10	0.9811625	0.00830726	0.874871529	0.060444895	0.953375	0.032169797	0.911068139	0.036520195	0.01575	0.008771274	0.98425	0.008771274	0.125128471	0.060444895
AAnew_TSS	200	1000	abundant	1	0.79982	0.039233149	0.039135894	0.021460943	0.0429	0.026677839	0.039554465	0.021712109	0.116077778	0.045181723	0.883922222	0.045181723	0.960864106	0.021460943
AAnew_TSS	200	1000	abundant	2	0.86032	0.023224804	0.279863654	0.095230987	0.2211	0.069119937	0.239791831	0.065600646	0.068655556	0.027001866	0.931344444	0.027001866	0.720136346	0.095230987
AAnew_TSS	200	1000	abundant	5	0.95415	0.015252339	0.755804688	0.084081526	0.8254	0.06837833	0.78472857	0.054654448	0.031544444	0.016898053	0.968455556	0.016898053	0.244195312	0.084081526
AAnew_TSS	200	1000	abundant	10	0.98106	0.007353718	0.872172429	0.054691101	0.9552	0.031924153	0.910563142	0.03236385	0.016066667	0.007950495	0.983933333	0.007950495	0.127827571	0.054691101
AAnew_TSS	200	2000	abundant	1	0.73683	0.04338518	0.036257103	0.014696602	0.06435	0.030306973	0.045694942	0.019067332	0.18845	0.049828756	0.81155	0.049828756	0.963742897	0.014696602
AAnew_TSS	200	2000	abundant	2	0.81384	0.029230699	0.181508749	0.044999407	0.2312	0.0499804	0.199507051	0.035931926	0.121422222	0.034757844	0.878577778	0.034757844	0.818491251	0.044999407
AAnew_TSS	200	2000	abundant	5	0.919485	0.015680113	0.579195313	0.067711001	0.77965	0.064099256	0.661254577	0.048962513	0.064977778	0.018400282	0.935022222	0.018400282	0.420804687	0.067711001
AAnew_TSS	200	2000	abundant	10	0.958295	0.011396902	0.730130511	0.062688214	0.94155	0.033186761	0.820474772	0.03991638	0.039844444	0.013243261	0.960155556	0.013243261	0.269869489	0.062688214
ALDEx2_wi	200	100	abundant	1	0.988983516	0.000320003	0.000833333	0.011785113	5.00E-04	0.007071068	0.000625	0.008838835	3.33E-05	0.000400229	0.999966667	0.000400229	0.009166667	0.091816917
ALDEx2_wi	200	100	abundant	10	0.969934066	0.003966033	0.252945244	0.033560116	0.877	0.10737152	0.39190497	0.048359596	0.029033333	0.003878402	0.970966667	0.003878402	0.747054756	0.033560116
ALDEx2_wi	200	100	abundant	2	0.986021978	0.002860412	0.361521746	0.127329023	0.346	0.137763908	0.349274948	0.125401314	0.006866667	0.002241015	0.993133333	0.002241015	0.638478254	0.127329023
ALDEx2_wi	200	100	abundant	5	0.978692308	0.003668358	0.303144623	0.054658375	0.705	0.141332496	0.421179762	0.071084481	0.018266667	0.00378339	0.981733333	0.00378339	0.696855377	0.054658375
ALDEx2_wi	200	1000	abundant	1	0.900005	7.07E-05	0.005	0.070710678	5.00E-05	0.000707107	9.90E-05	0.001400211	0	0	1	0	0	0
ALDEx2_wi	200	1000	abundant	10	0.878675	0.008357549	0.402214472	0.038254056	0.4385	0.048044682	0.419244433	0.041198564	0.072416667	0.006115741	0.927583333	0.006115741	0.597785528	0.038254056
ALDEx2_wi	200	1000	abundant	2	0.896375	0.004101032	0.392257745	0.123540212	0.06635	0.028780533	0.112086463	0.044834828	0.0114	0.004378687	0.9886	0.004378687	0.607742255	0.123540212
ALDEx2_wi	200	1000	abundant	5	0.88334	0.007492334	0.392791754	0.047394064	0.30535	0.044731219	0.343026914	0.044521768	0.052438889	0.005920139	0.947561111	0.005920139	0.607208246	0.047394064
ALDEx2_wi	200	200	abundant	1	0.97825	0.000108422	0	0	0	0	0	0	1.11E-05	0.000110832	0.999988889	0.000110832	0.01	0.099748427
ALDEx2_wi	200	200	abundant	10	0.95913587	0.004549477	0.324336964	0.034231183	0.80275	0.079602893	0.461296083	0.044048783	0.037388889	0.004336704	0.962611111	0.004336704	0.675663036	0.034231183
ALDEx2_wi	200	200	abundant	2	0.975157609	0.003397994	0.388465143	0.12762224	0.251	0.101119363	0.300233786	0.105722504	0.00875	0.002786836	0.99125	0.002786836	0.611534857	0.12762224
ALDEx2_wi	200	200	abundant	5	0.966641304	0.004596595	0.359638771	0.047734151	0.6675	0.093608562	0.46557693	0.055512902	0.026711111	0.004596559	0.973288889	0.004596559	0.640361229	0.047734151
ALDEx2_wi	200	2000	abundant	1	0.818181818	0	0	0	0	0	0	0	0	0	1	0	0	0
ALDEx2_wi	200	2000	abundant	10	0.791722727	0.008804722	0.399485198	0.033584542	0.289725	0.029485528	0.335652087	0.03065878	0.096722222	0.00699166	0.903277778	0.00699166	0.600514802	0.033584542
ALDEx2_wi	200	2000	abundant	2	0.814909091	0.003984062	0.413506601	0.114466213	0.0422	0.016247458	0.076010803	0.027795338	0.013377778	0.004626157	0.986622222	0.004626157	0.586493399	0.114466213
ALDEx2_wi	200	2000	abundant	5	0.798713636	0.008423307	0.396731654	0.043818238	0.2051	0.026400282	0.270062341	0.031717448	0.069372222	0.007505051	0.930627778	0.007505051	0.603268346	0.043818238
ALDEx2_wi	200	300	abundant	1	0.967741935	0	0	0	0	0	0	0	0	0	1	0	0	0
ALDEx2_wi	200	300	abundant	10	0.948983871	0.004934803	0.356259713	0.034996286	0.717166667	0.077580491	0.47551115	0.045628759	0.043288889	0.004170568	0.956711111	0.004170568	0.643740287	0.034996286
ALDEx2_wi	200	300	abundant	2	0.964897849	0.003583163	0.399186277	0.132550149	0.1765	0.070635427	0.241772389	0.087867811	0.008822222	0.002736749	0.991177778	0.002736749	0.600813723	0.132550149
ALDEx2_wi	200	300	abundant	5	0.955790323	0.004597726	0.376961395	0.046053478	0.567833333	0.093530391	0.451665525	0.058826387	0.031277778	0.004302233	0.968722222	0.004302233	0.623038605	0.046053478
ALDEx2_wi	200	400	abundant	1	0.957452128	7.52E-05	0.005	0.070710678	0.000125	0.001767767	0.000243902	0.003449301	0	0	1	0	0	0
ALDEx2_wi	200	400	abundant	10	0.932893617	0.005752536	0.359537363	0.030257843	0.735375	0.068236835	0.4825229	0.039421234	0.058327778	0.005044621	0.941672222	0.005044621	0.640462637	0.030257843
ALDEx2_wi	200	400	abundant	2	0.953643617	0.004053312	0.399822816	0.108461901	0.182625	0.067166143	0.24738912	0.079359198	0.012088889	0.0036785	0.987911111	0.0036785	0.600177184	0.108461901
ALDEx2_wi	200	400	abundant	5	0.940962766	0.006381194	0.374795566	0.045086494	0.573875	0.083549458	0.452059308	0.053917455	0.042722222	0.006168579	0.957277778	0.006168579	0.625204434	0.045086494
ALDEx2_wi	200	500	abundant	1	0.947368421	0	0	0	0	0	0	0	0	0	1	0	0	0
ALDEx2_wi	200	500	abundant	10	0.917384211	0.006902952	0.358920604	0.028689555	0.7206	0.060281084	0.478764506	0.036307217	0.071683333	0.006289318	0.928316667	0.006289318	0.641079396	0.028689555
ALDEx2_wi	200	500	abundant	2	0.942268421	0.004344724	0.395967658	0.088332865	0.1846	0.060970707	0.248430369	0.068232994	0.015638889	0.004538286	0.984361111	0.004538286	0.604032342	0.088332865
ALDEx2_wi	200	500	abundant	5	0.926994737	0.006766018	0.374252872	0.03957926	0.5735	0.071394931	0.452184845	0.048108238	0.053366667	0.005894107	0.946633333	0.005894107	0.625747128	0.03957926
ALDEx2_wi	200	800	abundant	1	0.918367347	0	0	0	0	0	0	0	0	0	1	0	0	0
ALDEx2_wi	200	800	abundant	10	0.900867347	0.00643475	0.402325323	0.035326242	0.4415	0.047631727	0.42058608	0.03912595	0.0583	0.005011198	0.9417	0.005011198	0.597674677	0.035326242
ALDEx2_wi	200	800	abundant	2	0.915806122	0.003775282	0.406545994	0.147349188	0.0686875	0.031924197	0.116012119	0.050296806	0.008894444	0.003523335	0.991105556	0.003523335	0.593454006	0.147349188
ALDEx2_wi	200	800	abundant	5	0.90544898	0.006365004	0.401314405	0.048683303	0.3214375	0.046066669	0.356383879	0.045439838	0.042638889	0.004831599	0.957361111	0.004831599	0.598685595	0.048683303
Corncob	200	100	abundant	1	0.988978022	0.000244111	0.005	0.070710678	5.00E-04	0.007071068	0.000909091	0.012856487	3.89E-05	0.000233055	0.999961111	0.000233055	0.03	0.171015295
Corncob	200	100	abundant	10	0.94117033	0.010447116	0.156755203	0.025417856	0.9615	0.065491954	0.26859866	0.037025886	0.059055556	0.010754033	0.940944444	0.010754033	0.843244797	0.025417856
Corncob	200	100	abundant	2	0.984351648	0.004013486	0.323713567	0.131512327	0.3455	0.152631029	0.323323528	0.123240114	0.00855	0.0041157	0.99145	0.0041157	0.676286433	0.131512327
Corncob	200	100	abundant	5	0.963258242	0.009527009	0.218612118	0.045631624	0.8485	0.124399058	0.343981277	0.057342325	0.035466667	0.010226276	0.964533333	0.010226276	0.781387882	0.045631624
Corncob	200	1000	abundant	1	0.900005	0.000122679	0.01	0.099748427	1.00E-04	0.000997484	0.00019802	0.001975216	5.56E+06	7.86E-05	0.999994444	7.86E-05	0.005	0.070710678
Corncob	200	1000	abundant	10	0.844685	0.016327545	0.339414492	0.033699861	0.5717	0.056800011	0.424505971	0.034096641	0.124983333	0.019594176	0.875016667	0.019594176	0.660585508	0.033699861
Corncob	200	1000	abundant	2	0.89657	0.003888535	0.389430893	0.130629549	0.061	0.030291714	0.103618811	0.046983588	0.010588889	0.004690178	0.989411111	0.004690178	0.610569107	0.130629549
Corncob	200	1000	abundant	5	0.875105	0.009514019	0.373324875	0.042002289	0.3619	0.050339451	0.366281289	0.041537812	0.067872222	0.010314117	0.932127778	0.010314117	0.626675125	0.042002289
Corncob	200	200	abundant	1	0.978244565	0.000277335	0.01	0.099748427	5.00E-04	0.004987421	0.000952381	0.00949985	2.78E-05	0.000259744	0.999972222	0.000259744	0.015	0.121857483
Corncob	200	200	abundant	10	0.919190217	0.017727924	0.202639623	0.038963465	0.87525	0.074516448	0.326826692	0.049783521	0.079833333	0.01865665	0.920166667	0.01865665	0.797360377	0.038963465
Corncob	200	200	abundant	2	0.974266304	0.003931839	0.365919527	0.144858756	0.23125	0.099425169	0.27570365	0.104440479	0.009222222	0.003911357	0.990777778	0.003911357	0.634080473	0.144858756
Corncob	200	200	abundant	5	0.950777174	0.011297759	0.275122696	0.050863542	0.721	0.100795828	0.394138898	0.055384778	0.044116667	0.01242874	0.955883333	0.01242874	0.724877304	0.050863542
Corncob	200	2000	abundant	1	0.818172727	0.00027326	0.014166667	0.10799619	0.00025	0.002051473	0.000480489	0.003918212	6.67E-05	0.000701314	0.999933333	0.000701314	0.005833333	0.058783261
Corncob	200	2000	abundant	10	0.760222727	0.013266805	0.36944531	0.024714665	0.448425	0.039054715	0.404513186	0.026973815	0.170488889	0.016841863	0.829511111	0.016841863	0.63055469	0.024714665
Corncob	200	2000	abundant	2	0.814672727	0.004295107	0.40740127	0.116281845	0.04175	0.016279206	0.075160155	0.027916074	0.013566667	0.005073552	0.986433333	0.005073552	0.59259873	0.116281845
Corncob	200	2000	abundant	5	0.789004545	0.009799094	0.385459103	0.035972078	0.268575	0.033216881	0.315869011	0.032161894	0.095344444	0.011272084	0.904655556	0.011272084	0.614540897	0.035972078
Corncob	200	300	abundant	1	0.967725806	0.00013103	0	0	0	0	0	0	1.67E-05	0.000135397	0.999983333	0.000135397	0.015	0.121857483
Corncob	200	300	abundant	10	0.904043011	0.020052576	0.230524129	0.039562171	0.803	0.078525638	0.355861795	0.047495035	0.092588889	0.021651267	0.907411111	0.021651267	0.769475871	0.039562171
Corncob	200	300	abundant	2	0.964688172	0.004036897	0.386086556	0.148870605	0.1485	0.066900553	0.210468531	0.086664856	0.008105556	0.003546676	0.991894444	0.003546676	0.613913444	0.148870605
Corncob	200	300	abundant	5	0.941155914	0.011224292	0.301572799	0.051468319	0.594666667	0.103885433	0.396261837	0.057009216	0.047294444	0.012568111	0.952705556	0.012568111	0.698427201	0.051468319
Corncob	200	400	abundant	1	0.957441489	7.52E-05	0.0025	0.035355339	0.000125	0.001767767	0.000238095	0.003367175	1.11E-05	0.000110832	0.999988889	0.000110832	0.0075	0.078897873
Corncob	200	400	abundant	10	0.866031915	0.024266203	0.220973632	0.031463062	0.82025	0.064259896	0.346558625	0.038779976	0.131933333	0.026500796	0.868066667	0.026500796	0.779026368	0.031463062
Corncob	200	400	abundant	2	0.953255319	0.00466542	0.394440515	0.136960903	0.159375	0.068931066	0.220162878	0.079416635	0.011461111	0.005069867	0.988538889	0.005069867	0.605559485	0.136960903
Corncob	200	400	abundant	5	0.919670213	0.015300825	0.297969553	0.047627221	0.617625	0.089974784	0.398098872	0.047717593	0.066905556	0.01764709	0.933094444	0.01764709	0.702030447	0.047627221
Corncob	200	500	abundant	1	0.947342105	0.000222297	0.006666667	0.074423149	2.00E-04	0.001994969	0.000384758	0.003838614	3.89E-05	0.000258307	0.999961111	0.000258307	0.023333333	0.147603223
Corncob	200	500	abundant	10	0.831447368	0.025630742	0.218293007	0.027526671	0.8311	0.054862001	0.344617979	0.034124227	0.168533333	0.028213063	0.831466667	0.028213063	0.781706993	0.027526671
Corncob	200	500	abundant	2	0.941336842	0.00498633	0.374925367	0.092300368	0.1703	0.066134551	0.229208904	0.072659879	0.015827778	0.006078153	0.984172222	0.006078153	0.625074633	0.092300368
Corncob	200	500	abundant	5	0.895194737	0.017199196	0.285103825	0.041988143	0.6312	0.074094602	0.390382629	0.0446113	0.090138889	0.019274623	0.909861111	0.019274623	0.714896175	0.041988143
Corncob	200	800	abundant	1	0.918372449	7.22E-05	0.005	0.070710678	6.25E-05	0.000883883	0.000123457	0.001745943	0	0	1	0	0	0
Corncob	200	800	abundant	10	0.875658163	0.013002331	0.343247152	0.032775623	0.559375	0.055376027	0.423884053	0.032379313	0.096227778	0.015647371	0.903772222	0.015647371	0.656752848	0.032775623
Corncob	200	800	abundant	2	0.916183673	0.003491667	0.403654998	0.156879559	0.0608125	0.032861765	0.104007309	0.052369331	0.007783333	0.003464742	0.992216667	0.003464742	0.596345002	0.156879559
Corncob	200	800	abundant	5	0.898846939	0.008349776	0.377903109	0.045906034	0.36375	0.053636596	0.369280876	0.044420545	0.053588889	0.008834781	0.946411111	0.008834781	0.622096891	0.045906034
DACOMP	200	100	abundant	1	0.988983516	0.000232069	0.002	0.028284271	0.001	0.014142136	0.001333333	0.018856181	3.89E-05	0.000322406	0.999961111	0.000322406	0.013	0.108117747
DACOMP	200	100	abundant	10	0.986351648	0.003047754	0.38728713	0.129151523	0.403	0.129129284	0.394521466	0.128548465	0.007166667	0.001763869	0.992833333	0.001763869	0.61271287	0.129151523
DACOMP	200	100	abundant	2	0.978989011	0.012234643	0.288633805	0.14439725	0.376	0.158586723	0.302243192	0.122784576	0.014311111	0.012989022	0.985688889	0.012989022	0.711366195	0.14439725
DACOMP	200	100	abundant	5	0.98467033	0.007087314	0.377458105	0.128398216	0.4415	0.172267613	0.393534821	0.12159565	0.009294444	0.007955751	0.990705556	0.007955751	0.622541895	0.128398216
DACOMP	200	1000	abundant	1	0.9	0	0	0	0	0	0	0	0	0	1	0	0	0
DACOMP	200	1000	abundant	10	0.879335	0.008298015	0.401321091	0.038480239	0.42	0.058421446	0.409322723	0.04434512	0.069627778	0.008576502	0.930372222	0.008576502	0.598678909	0.038480239
DACOMP	200	1000	abundant	2	0.890535	0.006408127	0.390040028	0.071662969	0.1669	0.040640475	0.232386722	0.049856133	0.029061111	0.006079786	0.970938889	0.006079786	0.609959972	0.071662969
DACOMP	200	1000	abundant	5	0.88315	0.008259455	0.397349332	0.047630119	0.3237	0.049847103	0.355677418	0.045631811	0.054688889	0.007996184	0.945311111	0.007996184	0.602650668	0.047630119
DACOMP	200	200	abundant	1	0.97826087	0	0	0	0	0	0	0	0	0	1	0	0	0
DACOMP	200	200	abundant	10	0.972309783	0.004210381	0.372611883	0.084699903	0.3935	0.104221209	0.380658799	0.086317573	0.014827778	0.003685303	0.985172222	0.003685303	0.627388117	0.084699903
DACOMP	200	200	abundant	2	0.970163043	0.008935244	0.345341465	0.123642767	0.30875	0.115009012	0.310812615	0.090811739	0.015138889	0.010078443	0.984861111	0.010078443	0.654658535	0.123642767
DACOMP	200	200	abundant	5	0.971869565	0.007020273	0.378160678	0.089493233	0.4055	0.12296484	0.384888524	0.085593405	0.015544444	0.008212687	0.984455556	0.008212687	0.621839322	0.089493233
DACOMP	200	2000	abundant	1	0.818136364	0.000642824	0.001458333	0.020623948	0.000175	0.002474874	0.0003125	0.004419417	9.44E-05	0.001335646	0.999905556	0.001335646	0.003541667	0.05008673
DACOMP	200	2000	abundant	10	0.78515	0.010935432	0.40021079	0.030818051	0.362075	0.048679233	0.378628808	0.037040833	0.120833333	0.01621202	0.879166667	0.01621202	0.59978921	0.030818051
DACOMP	200	2000	abundant	2	0.807	0.006594079	0.393037707	0.061826742	0.1137	0.028625287	0.175247914	0.038492177	0.038933333	0.008275785	0.961066667	0.008275785	0.606962293	0.061826742
DACOMP	200	2000	abundant	5	0.790904545	0.009834165	0.394853147	0.037415883	0.282225	0.038993936	0.32836952	0.037048275	0.096055556	0.01109309	0.903944444	0.01109309	0.605146853	0.037415883
DACOMP	200	300	abundant	1	0.967736559	7.60E-05	0.001666667	0.023570226	0.000166667	0.002357023	0.00030303	0.004285496	1.11E-05	0.000157135	0.999988889	0.000157135	0.003333333	0.047140452
DACOMP	200	300	abundant	10	0.96116129	0.004567783	0.399584036	0.069205083	0.405166667	0.088102872	0.40084671	0.072084086	0.020305556	0.00364185	0.979694444	0.00364185	0.600415964	0.069205083
DACOMP	200	300	abundant	2	0.961016129	0.005751737	0.36427976	0.105105556	0.256833333	0.082520153	0.296113824	0.08231759	0.015511111	0.005824149	0.984488889	0.005824149	0.63572024	0.105105556
DACOMP	200	300	abundant	5	0.95905914	0.006593192	0.377075874	0.07475464	0.395	0.124621146	0.379854483	0.076593849	0.022138889	0.008445045	0.977861111	0.008445045	0.622924126	0.07475464
DACOMP	200	400	abundant	1	0.957446809	0	0	0	0	0	0	0	0	0	1	0	0	0
DACOMP	200	400	abundant	10	0.948223404	0.005013806	0.390135742	0.058765277	0.38325	0.061804421	0.386154368	0.058598485	0.026666667	0.003385961	0.973333333	0.003385961	0.609864258	0.058765277
DACOMP	200	400	abundant	2	0.950425532	0.00572443	0.386132364	0.082413057	0.267875	0.074869128	0.312584454	0.070341281	0.019238889	0.005949284	0.980761111	0.005949284	0.613867636	0.082413057
DACOMP	200	400	abundant	5	0.947308511	0.005140162	0.38009164	0.058177634	0.376	0.069629313	0.376989901	0.059163561	0.0273	0.004440967	0.9727	0.004440967	0.61990836	0.058177634
DACOMP	200	500	abundant	1	0.947352632	0.000223297	0.001	0.014142136	1.00E-04	0.001414214	0.000181818	0.002571297	2.22E-05	0.00031427	0.999977778	0.00031427	0.004	0.056568542
DACOMP	200	500	abundant	10	0.9359	0.006103637	0.391247384	0.056864018	0.3896	0.059307901	0.389947999	0.056242579	0.03375	0.004329097	0.96625	0.004329097	0.608752616	0.056864018
DACOMP	200	500	abundant	2	0.938447368	0.005628611	0.379485461	0.071371998	0.2627	0.065176297	0.307949081	0.063369298	0.024011111	0.005541344	0.975988889	0.005541344	0.620514539	0.071371998
DACOMP	200	500	abundant	5	0.935205263	0.00642998	0.383291849	0.060421543	0.3778	0.06542601	0.379953706	0.060102581	0.033827778	0.004640694	0.966172222	0.004640694	0.616708151	0.060421543
DACOMP	200	800	abundant	1	0.918367347	0	0	0	0	0	0	0	0	0	1	0	0	0
DACOMP	200	800	abundant	10	0.902418367	0.006846489	0.403860851	0.040496511	0.4105	0.06563662	0.405511654	0.047902348	0.053855556	0.007642121	0.946144444	0.007642121	0.596139149	0.040496511
DACOMP	200	800	abundant	2	0.911372449	0.0058626	0.400979647	0.084617626	0.1705625	0.046398182	0.237393596	0.056444309	0.022777778	0.005471729	0.977222222	0.005471729	0.599020353	0.084617626
DACOMP	200	800	abundant	5	0.904780612	0.006794529	0.399236831	0.050118942	0.3298125	0.057992991	0.359904588	0.050377191	0.044111111	0.006549311	0.955888889	0.006549311	0.600763169	0.050118942
DESeq2	200	100	abundant	1	0.986593407	0.003326936	0.065042138	0.19056271	0.024	0.053274675	0.029204083	0.062401526	0.002711111	0.003646451	0.997288889	0.003646451	0.604957862	0.46409231
DESeq2	200	100	abundant	10	0.941752747	0.008209019	0.154980411	0.021205799	0.9465	0.070087885	0.265776743	0.031752726	0.0583	0.008400094	0.9417	0.008400094	0.845019589	0.021205799
DESeq2	200	100	abundant	2	0.978362637	0.005535098	0.261868301	0.085774782	0.4905	0.157747174	0.334833849	0.097654908	0.016216667	0.005684268	0.983783333	0.005684268	0.738131699	0.085774782
DESeq2	200	100	abundant	5	0.957016484	0.008502192	0.189366888	0.03461656	0.854	0.121894592	0.308018544	0.047707783	0.041838889	0.009015429	0.958161111	0.009015429	0.810633112	0.03461656
DESeq2	200	1000	abundant	1	0.89946	0.001317985	0.125450397	0.283756739	0.00295	0.007215108	0.005662348	0.013595286	0.000927778	0.001605629	0.999072222	0.001605629	0.424549603	0.464530822
DESeq2	200	1000	abundant	10	0.84544	0.009721054	0.363388108	0.020737248	0.7229	0.046295859	0.483337256	0.026047743	0.140944444	0.010256799	0.859055556	0.010256799	0.636611892	0.020737248
DESeq2	200	1000	abundant	2	0.88764	0.006595293	0.385060796	0.059418923	0.2065	0.046729737	0.267045172	0.049829178	0.036677778	0.007217165	0.963322222	0.007217165	0.614939204	0.059418923
DESeq2	200	1000	abundant	5	0.86156	0.009420196	0.376959613	0.027083146	0.58595	0.052092858	0.458207864	0.032332718	0.107816667	0.009923948	0.892183333	0.009923948	0.623040387	0.027083146
DESeq2	200	200	abundant	1	0.976826087	0.002644051	0.085946429	0.218779119	0.013	0.029330897	0.021257115	0.047186722	0.001755556	0.002812149	0.998244444	0.002812149	0.479053571	0.468748562
DESeq2	200	200	abundant	10	0.913826087	0.012710669	0.192264153	0.025992365	0.904	0.064846165	0.316182889	0.03547948	0.085955556	0.013290476	0.914044444	0.013290476	0.807735847	0.025992365
DESeq2	200	200	abundant	2	0.966418478	0.005618373	0.313189918	0.070583105	0.44125	0.117708171	0.361927628	0.079163945	0.021911111	0.005975901	0.978088889	0.005975901	0.686810082	0.070583105
DESeq2	200	200	abundant	5	0.938266304	0.011306122	0.24033824	0.034137249	0.82075	0.076722678	0.370075887	0.042378499	0.059122222	0.012058746	0.940877778	0.012058746	0.75966176	0.034137249
DESeq2	200	2000	abundant	1	0.804377273	0.007406309	0.02413175	0.064738361	0.001875	0.00540885	0.003409729	0.009608221	0.017288889	0.009037452	0.982711111	0.009037452	0.97086825	0.094596645
DESeq2	200	2000	abundant	10	0.736113636	0.014901406	0.358018885	0.022249539	0.566875	0.036579361	0.438599597	0.025562452	0.226277778	0.016240313	0.773722222	0.016240313	0.641981115	0.022249539
DESeq2	200	2000	abundant	2	0.789386364	0.011284811	0.318467317	0.05765807	0.13625	0.030505581	0.189562268	0.037119739	0.065472222	0.014050567	0.934527778	0.014050567	0.681532683	0.05765807
DESeq2	200	2000	abundant	5	0.754486364	0.014186432	0.359769931	0.027753179	0.44745	0.038898108	0.398457571	0.030058263	0.177283333	0.015062661	0.822716667	0.015062661	0.640230069	0.027753179
DESeq2	200	300	abundant	1	0.967107527	0.001447008	0.144940934	0.30678592	0.009833333	0.021604407	0.017509013	0.036198812	0.000983333	0.001660336	0.999016667	0.001660336	0.355059066	0.446883208
DESeq2	200	300	abundant	10	0.903774194	0.012134669	0.236617015	0.024604282	0.875166667	0.06070473	0.37164035	0.030807436	0.095272222	0.013243227	0.904727778	0.013243227	0.763382985	0.024604282
DESeq2	200	300	abundant	2	0.957284946	0.005605364	0.347391787	0.072618852	0.360666667	0.088397862	0.351118512	0.07363076	0.022827778	0.005337191	0.977172222	0.005337191	0.652608213	0.072618852
DESeq2	200	300	abundant	5	0.929543011	0.011488792	0.284623525	0.039766147	0.757333333	0.087789403	0.41184093	0.047143756	0.064716667	0.012512168	0.935283333	0.012512168	0.715376475	0.039766147
DESeq2	200	400	abundant	1	0.956691489	0.001502932	0.118929293	0.250313849	0.0085	0.016707655	0.015502735	0.030143802	0.001166667	0.001731925	0.998833333	0.001731925	0.386070707	0.44221773
DESeq2	200	400	abundant	10	0.873952128	0.012457962	0.238267826	0.019506817	0.883875	0.052206195	0.374833028	0.025300486	0.126488889	0.013625789	0.873511111	0.013625789	0.761732174	0.019506817
DESeq2	200	400	abundant	2	0.944367021	0.006808742	0.358917609	0.06233021	0.379625	0.082595974	0.365998957	0.063184372	0.030533333	0.007133271	0.969466667	0.007133271	0.641082391	0.06233021
DESeq2	200	400	abundant	5	0.907595745	0.012125793	0.286120059	0.030368894	0.766875	0.074808697	0.415283689	0.035200362	0.08615	0.013924133	0.91385	0.013924133	0.713879941	0.030368894
DESeq2	200	500	abundant	1	0.946794737	0.001532137	0.089217914	0.23104758	0.007	0.019924481	0.012146565	0.032680313	0.000994444	0.002214945	0.999005556	0.002214945	0.245782086	0.397518993
DESeq2	200	500	abundant	10	0.849978947	0.014259844	0.245811144	0.019094559	0.886	0.047616559	0.384384278	0.024584389	0.152022222	0.015617552	0.847977778	0.015617552	0.754188856	0.019094559
DESeq2	200	500	abundant	2	0.931752632	0.007487069	0.360079304	0.057580188	0.3736	0.07610519	0.364094395	0.059242261	0.037238889	0.008060182	0.962761111	0.008060182	0.639920696	0.057580188
DESeq2	200	500	abundant	5	0.886231579	0.014217767	0.28666134	0.030435439	0.7651	0.065309391	0.41594866	0.035770624	0.107038889	0.015715173	0.892961111	0.015715173	0.71333866	0.030435439
DESeq2	200	800	abundant	1	0.917908163	0.001105327	0.132386905	0.288994572	0.0036875	0.008753813	0.007028327	0.016366209	0.000827778	0.001355106	0.999172222	0.001355106	0.362613095	0.447622979
DESeq2	200	800	abundant	10	0.87155102	0.008587797	0.357950034	0.021522375	0.7191875	0.049777733	0.477582973	0.026912233	0.114905556	0.009266329	0.885094444	0.009266329	0.642049966	0.021522375
DESeq2	200	800	abundant	2	0.908959184	0.006342538	0.392534668	0.072242864	0.2096875	0.052518803	0.271338696	0.057901153	0.028883333	0.006158259	0.971116667	0.006158259	0.607465332	0.072242864
DESeq2	200	800	abundant	5	0.886	0.008380331	0.374710106	0.029367346	0.5895625	0.054619767	0.457610419	0.034851863	0.08765	0.008422418	0.91235	0.008422418	0.625289894	0.029367346
edgeR	200	100	abundant	1	0.99468	0.000664846	0.089	0.242695997	0.019	0.050642339	0.028563437	0.070964713	0.000417085	0.000725068	0.999582915	0.000725068	0.341	0.451655019
edgeR	200	100	abundant	2	0.993635	0.002836322	0.464697854	0.120670782	0.916	0.084947994	0.60683832	0.105934948	0.005974874	0.002896766	0.994025126	0.002896766	0.535302146	0.120670782
edgeR	200	100	abundant	5	0.986505	0.002341431	0.270260614	0.038778457	0.963	0.050562493	0.420641629	0.047256041	0.013376884	0.002365397	0.986623116	0.002365397	0.729739386	0.038778457
edgeR	200	100	abundant	10	0.986145	0.001550977	0.260682993	0.023079444	0.951	0.05411361	0.40851048	0.028950638	0.013678392	0.001620208	0.986321608	0.001620208	0.739317007	0.023079444
edgeR	200	200	abundant	1	0.98981	0.000544857	0.117678571	0.271734002	0.012	0.026704519	0.020749732	0.045042869	0.000313131	0.000624899	0.999686869	0.000624899	0.282321429	0.416680834
edgeR	200	200	abundant	2	0.989005	0.0029081	0.480833117	0.099423186	0.73	0.100503782	0.574730829	0.086713567	0.008378788	0.002630786	0.991621212	0.002630786	0.519166883	0.099423186
edgeR	200	200	abundant	5	0.985295	0.00160821	0.385605164	0.036850923	0.786	0.076896888	0.51684272	0.046722034	0.012691919	0.001301375	0.987308081	0.001301375	0.614394836	0.036850923
edgeR	200	200	abundant	10	0.985885	0.001520657	0.391578226	0.038906909	0.7415	0.081975298	0.51213651	0.051155397	0.011646465	0.001044758	0.988353535	0.001044758	0.608421774	0.038906909
edgeR	200	300	abundant	1	0.984925	0.000434468	0.157619048	0.308818525	0.012666667	0.02585464	0.022758526	0.045476164	0.000269036	0.000491753	0.999730964	0.000491753	0.222380952	0.368682576
edgeR	200	300	abundant	2	0.98495	0.002529123	0.504967969	0.080244106	0.556	0.073379233	0.526599185	0.066544152	0.008517766	0.002169975	0.991482234	0.002169975	0.495032031	0.080244106
edgeR	200	300	abundant	5	0.9808	0.0020695	0.39957199	0.050132375	0.559666667	0.080304555	0.46590248	0.060704832	0.012786802	0.001195795	0.987213198	0.001195795	0.60042801	0.050132375
edgeR	200	300	abundant	10	0.981285	0.002121624	0.40458844	0.054320536	0.523666667	0.072209789	0.456237584	0.061064917	0.011746193	0.001249701	0.988253807	0.001249701	0.59541156	0.054320536
edgeR	200	400	abundant	1	0.97991	0.000570221	0.186119048	0.324263028	0.0135	0.02645274	0.024290501	0.045609594	0.000367347	0.000652977	0.999632653	0.000652977	0.223880952	0.357282914
edgeR	200	400	abundant	2	0.979855	0.002893998	0.503394119	0.074554673	0.5245	0.073853185	0.510138332	0.059111532	0.010852041	0.002834539	0.989147959	0.002834539	0.496605881	0.074554673
edgeR	200	400	abundant	5	0.9751	0.002392117	0.406911889	0.044372863	0.5335	0.061465684	0.461387158	0.050338845	0.015887755	0.001528068	0.984112245	0.001528068	0.593088111	0.044372863
edgeR	200	400	abundant	10	0.97516	0.002523506	0.400419761	0.051794383	0.489	0.070560526	0.440094185	0.059292489	0.014918367	0.001360776	0.985081633	0.001360776	0.599580239	0.051794383
edgeR	200	500	abundant	1	0.974835	0.000615683	0.136535714	0.257204572	0.0104	0.021923651	0.018847178	0.038912624	0.000435897	0.000730257	0.999564103	0.000730257	0.243464286	0.364855533
edgeR	200	500	abundant	2	0.974005	0.003145861	0.487247575	0.072162436	0.4816	0.057255761	0.481178091	0.048265784	0.013369231	0.00315893	0.986630769	0.00315893	0.512752425	0.072162436
edgeR	200	500	abundant	5	0.969475	0.002845673	0.410210051	0.046074061	0.5046	0.060759835	0.452301297	0.051498221	0.018605128	0.001692347	0.981394872	0.001692347	0.589789949	0.046074061
edgeR	200	500	abundant	10	0.96965	0.002535107	0.405950648	0.044740766	0.462	0.054272042	0.431982347	0.048301075	0.017333333	0.001475892	0.982666667	0.001475892	0.594049352	0.044740766
edgeR	200	800	abundant	1	0.959955	0.000527501	0.135678571	0.312382847	0.003625	0.008935621	0.006959892	0.017032323	0.000197917	0.00056271	0.999802083	0.00056271	0.144321429	0.322286762
edgeR	200	800	abundant	2	0.95912	0.002645866	0.483082011	0.068639747	0.240125	0.034783557	0.31915427	0.039751882	0.010921875	0.002507633	0.989078125	0.002507633	0.516917989	0.068639747
edgeR	200	800	abundant	5	0.955625	0.002632715	0.409214099	0.055103594	0.24725	0.036780986	0.308004282	0.043492829	0.014859375	0.001588509	0.985140625	0.001588509	0.590785901	0.055103594
edgeR	200	800	abundant	10	0.955495	0.002866997	0.400551703	0.062861347	0.227375	0.037718011	0.289965917	0.046885797	0.014166667	0.001587724	0.985833333	0.001587724	0.599448297	0.062861347
edgeR	200	1000	abundant	1	0.94989	0.00058422	0.13925	0.274846389	0.0049	0.010492422	0.009342212	0.01982236	0.000373684	0.00070293	0.999626316	0.00070293	0.20075	0.341380341
edgeR	200	1000	abundant	2	0.949075	0.002814442	0.485648392	0.06439574	0.229	0.03286028	0.309500886	0.035979121	0.013026316	0.00287534	0.986973684	0.00287534	0.514351608	0.06439574
edgeR	200	1000	abundant	5	0.944415	0.002998362	0.402980962	0.052164397	0.2327	0.033024478	0.294877638	0.040070211	0.018126316	0.001738879	0.981873684	0.001738879	0.597019038	0.052164397
edgeR	200	1000	abundant	10	0.944695	0.002692953	0.401454161	0.050958195	0.2173	0.030313347	0.28187095	0.037782988	0.017021053	0.001464428	0.982978947	0.001464428	0.598545839	0.050958195
edgeR	200	2000	abundant	1	0.899875	0.000538305	0.105170635	0.235842406	0.00245	0.005924397	0.004739146	0.011378284	0.000411111	0.000877949	0.999588889	0.000877949	0.174829365	0.326010023
edgeR	200	2000	abundant	2	0.898315	0.003098268	0.475123841	0.054857432	0.14375	0.018994616	0.220043107	0.025359922	0.017844444	0.003190232	0.982155556	0.003190232	0.524876159	0.054857432
edgeR	200	2000	abundant	5	0.89281	0.003358827	0.398567913	0.04829782	0.1421	0.019555412	0.209415537	0.02766629	0.023777778	0.002013175	0.976222222	0.002013175	0.601432087	0.04829782
edgeR	200	2000	abundant	10	0.89347	0.003920176	0.402776802	0.057697475	0.1346	0.018892038	0.201735079	0.028330291	0.022211111	0.002402845	0.977788889	0.002402845	0.597223198	0.057697475
fastANCOM	200	100	abundant	1	0.988989011	0.000245351	0.001	0.014142136	5.00E-04	0.007071068	0.000666667	0.00942809	2.78E-05	0.000323559	0.999972222	0.000323559	0.009	0.090331606
fastANCOM	200	100	abundant	10	0.975181319	0.007073196	0.254705649	0.086240806	0.584	0.174055961	0.346330167	0.095539128	0.020472222	0.007514849	0.979527778	0.007514849	0.745294351	0.086240806
fastANCOM	200	100	abundant	2	0.98760989	0.002158626	0.369000722	0.209029966	0.2165	0.137009518	0.263575145	0.150578676	0.003822222	0.001898994	0.996177778	0.001898994	0.610999278	0.220358389
fastANCOM	200	100	abundant	5	0.984758242	0.003634322	0.357377145	0.11021874	0.4425	0.130494806	0.390894057	0.110637826	0.009216667	0.003318967	0.990783333	0.003318967	0.642622855	0.11021874
fastANCOM	200	1000	abundant	1	0.9	0.000100251	0.005	0.070710678	5.00E-05	0.000707107	9.90E-05	0.001400211	5.56E+06	7.86E-05	0.999994444	7.86E-05	0.005	0.070710678
fastANCOM	200	1000	abundant	10	0.641965	0.04753548	0.176716793	0.024273658	0.69055	0.05270757	0.28074389	0.032833427	0.363433333	0.052105634	0.636566667	0.052105634	0.823283207	0.024273658
fastANCOM	200	1000	abundant	2	0.89562	0.005575034	0.390692666	0.111315113	0.07695	0.036009456	0.126024314	0.052901249	0.013416667	0.006737883	0.986583333	0.006737883	0.609307334	0.111315113
fastANCOM	200	1000	abundant	5	0.67373	0.079071287	0.169266455	0.045848737	0.52775	0.06074444	0.252113831	0.048137566	0.31005	0.089708	0.68995	0.089708	0.830733545	0.045848737
fastANCOM	200	200	abundant	1	0.978255435	7.69E-05	0	0	0	0	0	0	5.56E+06	7.86E-05	0.999994444	7.86E-05	0.005	0.070710678
fastANCOM	200	200	abundant	10	0.938983696	0.010624659	0.232602923	0.037071053	0.76175	0.118297969	0.353938139	0.047259899	0.057077778	0.011892831	0.942922222	0.011892831	0.767397077	0.037071053
fastANCOM	200	200	abundant	2	0.97613587	0.00309228	0.405496274	0.188614872	0.18	0.097326059	0.237804897	0.110662004	0.006172222	0.003191079	0.993827778	0.003191079	0.584503726	0.193325218
fastANCOM	200	200	abundant	5	0.955320652	0.01105393	0.265855784	0.066173483	0.546	0.126745105	0.35063858	0.069307848	0.035583333	0.012209494	0.964416667	0.012209494	0.734144216	0.066173483
fastANCOM	200	2000	abundant	1	0.818154545	0.000272041	0.002857143	0.028499551	1.00E-04	0.000997484	0.000193237	0.001927506	5.56E-05	0.000554158	0.999944444	0.000554158	0.007142857	0.071248877
fastANCOM	200	2000	abundant	10	0.316231818	0.085950438	0.15630201	0.021253711	0.614825	0.039384005	0.248557133	0.027494724	0.750122222	0.105348428	0.249877778	0.105348428	0.84369799	0.021253711
fastANCOM	200	2000	abundant	2	0.813045455	0.004749421	0.397139786	0.097792845	0.052675	0.020452651	0.091920461	0.033018822	0.017983333	0.006746293	0.982016667	0.006746293	0.602860214	0.097792845
fastANCOM	200	2000	abundant	5	0.451472727	0.133726365	0.166722919	0.043654028	0.4585	0.044665142	0.240175859	0.040946711	0.550088889	0.168860321	0.449911111	0.168860321	0.833277081	0.043654028
fastANCOM	200	300	abundant	1	0.967741935	0.000107797	0.005	0.070710678	0.000166667	0.002357023	0.000322581	0.004561979	5.56E+06	7.86E-05	0.999994444	7.86E-05	0.005	0.070710678
fastANCOM	200	300	abundant	10	0.902908602	0.014308485	0.218156488	0.031958226	0.760166667	0.090021246	0.337803705	0.042735873	0.092333333	0.015167448	0.907666667	0.015167448	0.781843512	0.031958226
fastANCOM	200	300	abundant	2	0.96511828	0.003527177	0.391547187	0.157286613	0.139666667	0.067116572	0.201082934	0.087271079	0.007366667	0.003209712	0.992633333	0.003209712	0.603452813	0.160636021
fastANCOM	200	300	abundant	5	0.922537634	0.0190043	0.230544255	0.059757893	0.549666667	0.112381956	0.31914783	0.062857508	0.065033333	0.020723291	0.934966667	0.020723291	0.769455745	0.059757893
fastANCOM	200	400	abundant	1	0.957446809	0	0	0	0	0	0	0	0	0	1	0	0	0
fastANCOM	200	400	abundant	10	0.865409574	0.017666902	0.211614686	0.027238505	0.77975	0.080372484	0.332029509	0.037117355	0.130783333	0.018896539	0.869216667	0.018896539	0.788385314	0.027238505
fastANCOM	200	400	abundant	2	0.953606383	0.004385362	0.388166097	0.119799743	0.15975	0.069717214	0.221560403	0.085012518	0.011111111	0.004447235	0.988888889	0.004447235	0.611833903	0.119799743
fastANCOM	200	400	abundant	5	0.885079787	0.023718149	0.207565357	0.050650202	0.5675	0.104785016	0.300143718	0.057101747	0.100805556	0.025757809	0.899194444	0.025757809	0.792434643	0.050650202
fastANCOM	200	500	abundant	1	0.947368421	0	0	0	0	0	0	0	0	0	1	0	0	0
fastANCOM	200	500	abundant	10	0.822157895	0.019539016	0.201001164	0.023223161	0.7892	0.064312053	0.319857266	0.032085597	0.176011111	0.020581288	0.823988889	0.020581288	0.798998836	0.023223161
fastANCOM	200	500	abundant	2	0.942184211	0.0046239	0.388727059	0.092950756	0.1663	0.062271169	0.227976959	0.070503778	0.014711111	0.005426462	0.985288889	0.005426462	0.611272941	0.092950756
fastANCOM	200	500	abundant	5	0.845721053	0.02807494	0.196231539	0.041413182	0.5974	0.090920695	0.293207265	0.050734005	0.140483333	0.030232586	0.859516667	0.030232586	0.803768461	0.041413182
fastANCOM	200	800	abundant	1	0.918377551	0.000101784	0.01	0.099748427	0.000125	0.001246855	0.000246914	0.002462924	0	0	1	0	0	0
fastANCOM	200	800	abundant	10	0.715719388	0.040435369	0.17927145	0.027810581	0.676875	0.058304536	0.28274439	0.037886265	0.280827778	0.042670197	0.719172222	0.042670197	0.82072855	0.027810581
fastANCOM	200	800	abundant	2	0.915	0.004532341	0.389781664	0.157168738	0.0705625	0.036746994	0.116872312	0.056097557	0.009938889	0.005095036	0.990061111	0.005095036	0.610218336	0.157168738
fastANCOM	200	800	abundant	5	0.764081633	0.062997604	0.190710826	0.057414824	0.5168125	0.06354772	0.272815758	0.055435259	0.213938889	0.070000558	0.786061111	0.070000558	0.809289174	0.057414824
LEfSe	200	100	abundant	1	0.988955768	0.000424149	0.006030151	0.072221734	0.001005025	0.009999746	0.001583676	0.015944432	6.70E-05	0.000468994	0.999932998	0.000468994	0.029145729	0.166226005
LEfSe	200	100	abundant	10	0.933923077	0.009485985	0.142967041	0.020019094	0.981	0.040586158	0.249040029	0.030103084	0.0666	0.00962195	0.9334	0.00962195	0.857032959	0.020019094
LEfSe	200	100	abundant	2	0.981395604	0.005582171	0.308217241	0.105873976	0.4875	0.169817372	0.367910047	0.112840456	0.013116667	0.005755419	0.986883333	0.005755419	0.691782759	0.105873976
LEfSe	200	100	abundant	5	0.95521978	0.010273669	0.19275984	0.037235971	0.9145	0.10193973	0.316237524	0.050615344	0.044327778	0.010771123	0.955672222	0.010771123	0.80724016	0.037235971
LEfSe	200	1000	abundant	1	0.899989305	0.000146254	0.00802139	0.081582728	0.000106952	0.001031392	0.000210748	0.002032373	2.38E-05	0.000161189	0.999976233	0.000161189	0.018716578	0.130846951
LEfSe	200	1000	abundant	10	0.804195	0.030058352	0.289205218	0.036597457	0.63235	0.053368704	0.394870854	0.035383411	0.176711111	0.035548722	0.823288889	0.035548722	0.710794782	0.036597457
LEfSe	200	1000	abundant	2	0.893965	0.005396237	0.390769487	0.094749438	0.10435	0.037437754	0.162325119	0.051195712	0.0183	0.006294182	0.9817	0.006294182	0.609230513	0.094749438
LEfSe	200	1000	abundant	5	0.859085	0.014517284	0.343429121	0.040493378	0.4379	0.055070444	0.383382579	0.040271415	0.094116667	0.016620184	0.905883333	0.016620184	0.656570879	0.040493378
LEfSe	200	200	abundant	1	0.978206522	0.000404066	0	0	0	0	0	0	5.56E-05	0.000413045	0.999944444	0.000413045	0.025	0.156516732
LEfSe	200	200	abundant	10	0.908646739	0.017677518	0.186535838	0.032375957	0.91375	0.066675826	0.308369234	0.044016832	0.091466667	0.018408264	0.908533333	0.018408264	0.813464162	0.032375957
LEfSe	200	200	abundant	2	0.971423913	0.004854405	0.346198481	0.103201889	0.3335	0.116168955	0.332341952	0.09622199	0.0144	0.005152721	0.9856	0.005152721	0.653801519	0.103201889
LEfSe	200	200	abundant	5	0.94161413	0.013566186	0.252082303	0.046957683	0.80225	0.087869464	0.380377143	0.054289434	0.055288889	0.014532541	0.944711111	0.014532541	0.747917697	0.046957683
LEfSe	200	2000	abundant	1	0.818148325	0.000341959	0.00854251	0.07985201	0.000342105	0.004018978	0.00061606	0.007126281	0.000116959	0.001251806	0.999883041	0.001251806	0.012510121	0.101395152
LEfSe	200	2000	abundant	10	0.716536364	0.024777827	0.322739889	0.026481941	0.500275	0.041075973	0.391247025	0.024761062	0.235405556	0.033573429	0.764594444	0.033573429	0.677260111	0.026481941
LEfSe	200	2000	abundant	2	0.812077273	0.005392041	0.404395409	0.082376273	0.068525	0.020105235	0.116279433	0.031236965	0.022688889	0.006964642	0.977311111	0.006964642	0.595604591	0.082376273
LEfSe	200	2000	abundant	5	0.771968182	0.013818572	0.360574491	0.032367235	0.323825	0.034868661	0.340238596	0.02859734	0.128444444	0.017918552	0.871555556	0.017918552	0.639425509	0.032367235
LEfSe	200	300	abundant	1	0.967648672	0.000613725	0	0	0	0	0	0	9.64E-05	0.000634183	0.999903628	0.000634183	0.045918367	0.209844078
LEfSe	200	300	abundant	10	0.889370968	0.021193551	0.211028993	0.033264362	0.851833333	0.06596765	0.336586502	0.041974883	0.109377778	0.022664948	0.890622222	0.022664948	0.788971007	0.033264362
LEfSe	200	300	abundant	2	0.961887097	0.004858867	0.362034455	0.109447599	0.233833333	0.086657486	0.279401028	0.090200167	0.013844444	0.004853892	0.986155556	0.004853892	0.637965545	0.109447599
LEfSe	200	300	abundant	5	0.932139785	0.01345983	0.285343183	0.047060656	0.694333333	0.093990864	0.400963548	0.050534732	0.059933333	0.015060166	0.940066667	0.015060166	0.714656817	0.047060656
LEfSe	200	400	abundant	1	0.957280585	0.001225135	0.000578704	0.008018754	0.000130208	0.00180422	0.000212585	0.002945665	0.000179398	0.001316146	0.999820602	0.001316146	0.03587963	0.185084566
LEfSe	200	400	abundant	10	0.847414894	0.025801904	0.204238217	0.027685944	0.86575	0.056283003	0.32929861	0.035783829	0.1534	0.027917269	0.8466	0.027917269	0.795761783	0.027685944
LEfSe	200	400	abundant	2	0.949829787	0.006006049	0.372476885	0.093305309	0.247375	0.079310688	0.291952667	0.077747881	0.01895	0.006462726	0.98105	0.006462726	0.627523115	0.093305309
LEfSe	200	400	abundant	5	0.907765957	0.018576999	0.28060636	0.04525977	0.70575	0.075551157	0.398648341	0.047910133	0.083255556	0.020506796	0.916744444	0.020506796	0.71939364	0.04525977
LEfSe	200	500	abundant	1	0.94712593	0.002017367	0.00617801	0.072877328	0.00052356	0.004321089	0.000783727	0.006295488	0.000285049	0.002350714	0.999714951	0.002350714	0.04617801	0.208365948
LEfSe	200	500	abundant	10	0.807094737	0.0283604	0.200125252	0.024783344	0.8684	0.047968164	0.324401602	0.032466347	0.196311111	0.030730656	0.803688889	0.030730656	0.799874748	0.024783344
LEfSe	200	500	abundant	2	0.936752632	0.006882595	0.362073631	0.0739811	0.2531	0.074066316	0.292948045	0.066051939	0.025266667	0.008230231	0.974733333	0.008230231	0.637926369	0.0739811
LEfSe	200	500	abundant	5	0.878257895	0.020515116	0.264465709	0.036243866	0.7103	0.068228923	0.383440247	0.040299366	0.112411111	0.022916326	0.887588889	0.022916326	0.735534291	0.036243866
LEfSe	200	800	abundant	1	0.918378812	0.000107857	0.011235955	0.105699929	0.000140449	0.001321249	0.000277431	0.002609875	0	0	1	0	0	0
LEfSe	200	800	abundant	10	0.846260204	0.023548794	0.296955244	0.03655105	0.621	0.052268874	0.399727536	0.034766269	0.133716667	0.027437355	0.866283333	0.027437355	0.703044756	0.03655105
LEfSe	200	800	abundant	2	0.913612245	0.004656969	0.391136382	0.107588254	0.102625	0.040423908	0.16014395	0.056029385	0.0143	0.004958179	0.9857	0.004958179	0.608863618	0.107588254
LEfSe	200	800	abundant	5	0.886107143	0.012150819	0.347686108	0.041778447	0.4375625	0.055159338	0.385619747	0.039209822	0.074022222	0.014117794	0.925977778	0.014117794	0.652313892	0.041778447
limma_voom	200	100	abundant	1	0.988967033	0.000362712	0.000833333	0.011785113	5.00E-04	0.007071068	0.000625	0.008838835	5.00E-05	0.000435669	0.99995	0.000435669	0.019166667	0.134891958
limma_voom	200	100	abundant	10	0.967159341	0.008239035	0.230410747	0.045831275	0.8055	0.145345715	0.355043456	0.060624527	0.031044444	0.008933195	0.968955556	0.008933195	0.769589253	0.045831275
limma_voom	200	100	abundant	2	0.984631868	0.004305608	0.341294138	0.13089167	0.378	0.15438645	0.350365971	0.130108737	0.008627778	0.00400226	0.991372222	0.00400226	0.658705862	0.13089167
limma_voom	200	100	abundant	5	0.974252747	0.010393909	0.279486295	0.073380371	0.722	0.163553504	0.393110769	0.080045238	0.022944444	0.011359999	0.977055556	0.011359999	0.720513705	0.073380371
limma_voom	200	1000	abundant	1	0.870325	0.075166277	0.033315278	0.091276949	0.01245	0.030415837	0.012173655	0.021265658	0.034355556	0.086363007	0.965644444	0.086363007	0.641684722	0.455022108
limma_voom	200	1000	abundant	10	0.540835	0.22507258	0.171179706	0.081112157	0.6772	0.073513134	0.2626645	0.098182645	0.474316667	0.25263164	0.525683333	0.25263164	0.828820294	0.081112157
limma_voom	200	1000	abundant	2	0.810235	0.117960899	0.211763003	0.11776523	0.15445	0.084262676	0.143849511	0.048926193	0.1169	0.138506994	0.8831	0.138506994	0.788236997	0.11776523
limma_voom	200	1000	abundant	5	0.67075	0.19084448	0.201943062	0.083849688	0.52375	0.077734489	0.2760753	0.08243884	0.312916667	0.218085831	0.687083333	0.218085831	0.798056938	0.083849688
limma_voom	200	200	abundant	1	0.977483696	0.002763972	0.006544118	0.072894055	0.00075	0.006092874	0.001163127	0.00968499	0.000811111	0.002858861	0.999188889	0.002858861	0.203455882	0.402064109
limma_voom	200	200	abundant	10	0.924951087	0.028616047	0.212089186	0.06304606	0.78225	0.10831017	0.329274774	0.08227729	0.071877778	0.029258977	0.928122222	0.029258977	0.787910814	0.06304606
limma_voom	200	200	abundant	2	0.969076087	0.010587755	0.326451491	0.140100802	0.28425	0.112595855	0.288858623	0.101623258	0.015705556	0.011403021	0.984294444	0.011403021	0.673548509	0.140100802
limma_voom	200	200	abundant	5	0.949027174	0.023644488	0.278194128	0.071347469	0.695	0.120405512	0.389064543	0.077141373	0.045327778	0.025346852	0.954672222	0.025346852	0.721805872	0.071347469
limma_voom	200	2000	abundant	1	0.762390909	0.17820879	0.066561428	0.147344215	0.02025	0.047907863	0.018151747	0.032707649	0.072688889	0.227325254	0.927311111	0.227325254	0.408438572	0.44955284
limma_voom	200	2000	abundant	10	0.092172727	0.489771339	0.171340851	0.098450192	0.6552	0.086157271	0.25383661	0.110848707	1.032944444	0.610349099	0.032944444	0.610349099	0.828659149	0.098450192
limma_voom	200	2000	abundant	2	0.666204545	0.243690332	0.248834412	0.123780647	0.13515	0.092871433	0.129000514	0.038611885	0.215783333	0.316511718	0.784216667	0.316511718	0.751165588	0.123780647
limma_voom	200	2000	abundant	5	0.354431818	0.406595393	0.198701663	0.099618983	0.494575	0.089890745	0.260730378	0.090099152	0.676711111	0.513096499	0.323288889	0.513096499	0.801298337	0.099618983
limma_voom	200	300	abundant	1	0.964763441	0.0093384	0.002247414	0.016568134	0.0015	0.009625889	0.001475795	0.008872273	0.003127778	0.009862305	0.996872222	0.009862305	0.382752586	0.485243359
limma_voom	200	300	abundant	10	0.87455914	0.050376304	0.190324255	0.063974283	0.7445	0.085149555	0.297777431	0.081732276	0.121105556	0.052272212	0.878894444	0.052272212	0.809675745	0.063974283
limma_voom	200	300	abundant	2	0.952962366	0.018462841	0.287433346	0.131161716	0.199833333	0.082228692	0.21948961	0.078014544	0.021933333	0.01996406	0.978066667	0.01996406	0.712566654	0.131161716
limma_voom	200	300	abundant	5	0.910978495	0.042847069	0.236945414	0.078402104	0.626833333	0.111017702	0.33508187	0.087610739	0.07955	0.045296426	0.92045	0.045296426	0.763054586	0.078402104
limma_voom	200	400	abundant	1	0.952095745	0.013394617	0.006591979	0.031284152	0.002875	0.012575775	0.003027669	0.01110816	0.005716667	0.014411722	0.994283333	0.014411722	0.443408021	0.492376687
limma_voom	200	400	abundant	10	0.836329787	0.059329558	0.191164289	0.062256944	0.757625	0.08981407	0.300775817	0.08110269	0.160172222	0.061595723	0.839827778	0.061595723	0.808835711	0.062256944
limma_voom	200	400	abundant	2	0.935452128	0.02831891	0.285394419	0.121486025	0.22	0.084658641	0.231420971	0.07870443	0.03275	0.031123858	0.96725	0.031123858	0.714605581	0.121486025
limma_voom	200	400	abundant	5	0.886414894	0.050928747	0.24458362	0.07241308	0.6505	0.095861605	0.347550564	0.079401841	0.1031	0.05469071	0.8969	0.05469071	0.75541638	0.07241308
limma_voom	200	500	abundant	1	0.939794737	0.022851645	0.016443818	0.091058761	0.0036	0.014701041	0.003793965	0.01239368	0.008194444	0.024762521	0.991805556	0.024762521	0.428556182	0.488019895
limma_voom	200	500	abundant	10	0.780173684	0.07143589	0.174036303	0.055102442	0.7455	0.072899394	0.278692945	0.073505609	0.2179	0.074380439	0.7821	0.074380439	0.825963697	0.055102442
limma_voom	200	500	abundant	2	0.916857895	0.034912235	0.27064979	0.106147061	0.2297	0.077212166	0.232225962	0.064063464	0.044966667	0.03887986	0.955033333	0.03887986	0.72935021	0.106147061
limma_voom	200	500	abundant	5	0.845005263	0.069054904	0.225375838	0.065043447	0.6591	0.091603197	0.328880138	0.074251166	0.144666667	0.075061362	0.855333333	0.075061362	0.774624162	0.065043447
limma_voom	200	800	abundant	1	0.896433673	0.053338872	0.030940986	0.071573541	0.0135	0.034622879	0.012711446	0.025006853	0.025083333	0.060712975	0.974916667	0.060712975	0.544059014	0.473596652
limma_voom	200	800	abundant	10	0.608	0.189212076	0.165451007	0.084050855	0.66875	0.081396032	0.253191065	0.099008439	0.3974	0.20877013	0.6026	0.20877013	0.834548993	0.084050855
limma_voom	200	800	abundant	2	0.850678571	0.0957635	0.216210725	0.124462222	0.141125	0.076169586	0.139459445	0.051592506	0.08625	0.109491685	0.91375	0.109491685	0.783789275	0.124462222
limma_voom	200	800	abundant	5	0.72197449	0.160684689	0.199435942	0.087527416	0.5309375	0.087494952	0.273207267	0.085547178	0.261044444	0.180610412	0.738955556	0.180610412	0.800564058	0.087527416
LinDA	200	100	abundant	1	0.988884615	0.000680692	0.00825	0.075318003	0.003	0.022214125	0.004047619	0.030574105	0.000161111	0.00082907	0.999838889	0.00082907	0.06175	0.235961494
LinDA	200	100	abundant	10	0.96389011	0.007357266	0.200230036	0.052389825	0.7365	0.176560522	0.312551508	0.074959524	0.033583333	0.007439345	0.966416667	0.007439345	0.799769964	0.052389825
LinDA	200	100	abundant	2	0.985318681	0.003494256	0.343613054	0.134745219	0.3405	0.136023018	0.337697032	0.128259233	0.007516667	0.002848573	0.992483333	0.002848573	0.656386946	0.134745219
LinDA	200	100	abundant	5	0.976076923	0.006502316	0.257905948	0.083793274	0.5765	0.184030121	0.349757812	0.101175195	0.019483333	0.006710148	0.980516667	0.006710148	0.742094052	0.083793274
LinDA	200	1000	abundant	1	0.89999	0.000141421	0.005	0.070710678	5.00E-05	0.000707107	9.90E-05	0.001400211	1.67E-05	0.000135397	0.999983333	0.000135397	0.015	0.121857483
LinDA	200	1000	abundant	10	0.78648	0.030583268	0.283915338	0.032291411	0.72275	0.052542756	0.405954031	0.031976723	0.206438889	0.036749614	0.793561111	0.036749614	0.716084662	0.032291411
LinDA	200	1000	abundant	2	0.895615	0.00473061	0.391813419	0.117500935	0.0743	0.03665005	0.121726752	0.053254804	0.013127778	0.006414433	0.986872222	0.006414433	0.608186581	0.117500935
LinDA	200	1000	abundant	5	0.84929	0.016378866	0.336263023	0.035691762	0.50795	0.059506323	0.402847249	0.036526263	0.112783333	0.019978274	0.887216667	0.019978274	0.663736977	0.035691762
LinDA	200	200	abundant	1	0.978173913	0.000537823	0.005	0.070710678	0.00025	0.003535534	0.00047619	0.00673435	9.44E-05	0.000543162	0.999905556	0.000543162	0.04	0.196450922
LinDA	200	200	abundant	10	0.933592391	0.011028227	0.232580784	0.034099685	0.865	0.081752169	0.364940343	0.042554362	0.064883333	0.011812532	0.935116667	0.011812532	0.767419216	0.034099685
LinDA	200	200	abundant	2	0.973494565	0.004140337	0.35666997	0.127820269	0.25025	0.09892608	0.286990177	0.098388719	0.010433333	0.004101495	0.989566667	0.004101495	0.64333003	0.127820269
LinDA	200	200	abundant	5	0.954326087	0.00915786	0.289733911	0.04979689	0.71925	0.117520179	0.409040669	0.056189157	0.04045	0.010361119	0.95955	0.010361119	0.710266089	0.04979689
LinDA	200	2000	abundant	1	0.818109091	0.000780594	0.008077922	0.076967676	4.00E-04	0.004380175	0.00070257	0.007515128	0.000177778	0.001911368	0.999822222	0.001911368	0.011922078	0.098540484
LinDA	200	2000	abundant	10	0.689163636	0.028878185	0.315566743	0.024897973	0.597175	0.043837805	0.411860652	0.024046953	0.290394444	0.039153031	0.709605556	0.039153031	0.684433257	0.024897973
LinDA	200	2000	abundant	2	0.8136	0.004654998	0.399303655	0.103513901	0.047275	0.020617341	0.083353464	0.033541331	0.016105556	0.006829391	0.983894444	0.006829391	0.600696345	0.103513901
LinDA	200	2000	abundant	5	0.760786364	0.017746426	0.35841118	0.031236164	0.392225	0.044006902	0.373141322	0.029783313	0.157311111	0.024775025	0.842688889	0.024775025	0.64158882	0.031236164
LinDA	200	300	abundant	1	0.967693548	0.000328692	0.005	0.070710678	0.000166667	0.002357023	0.000322581	0.004561979	5.56E-05	0.000329496	0.999944444	0.000329496	0.035	0.184240939
LinDA	200	300	abundant	10	0.909112903	0.013873959	0.244548715	0.031260479	0.847166667	0.073765856	0.37813802	0.038121319	0.088822222	0.015195498	0.911177778	0.015195498	0.755451285	0.031260479
LinDA	200	300	abundant	2	0.963387097	0.004725567	0.369476181	0.135546126	0.173333333	0.071827077	0.231065685	0.086066628	0.010277778	0.00445107	0.989722222	0.00445107	0.630523819	0.135546126
LinDA	200	300	abundant	5	0.938231183	0.010689661	0.301662788	0.046641996	0.668833333	0.113079699	0.412124544	0.053247521	0.052788889	0.01242634	0.947211111	0.01242634	0.698337212	0.046641996
LinDA	200	400	abundant	1	0.957404255	0.000278926	0.006666667	0.055011293	0.000375	0.003046437	0.000708749	0.005758112	6.11E-05	0.000337816	0.999938889	0.000337816	0.033333333	0.169572656
LinDA	200	400	abundant	10	0.873968085	0.017890479	0.236510608	0.026862689	0.86075	0.060437579	0.369987201	0.033256096	0.125444444	0.019621393	0.874555556	0.019621393	0.763489392	0.026862689
LinDA	200	400	abundant	2	0.951696809	0.005312299	0.376976592	0.102899607	0.195875	0.074927834	0.251786542	0.080035622	0.014711111	0.005933268	0.985288889	0.005933268	0.623023408	0.102899607
LinDA	200	400	abundant	5	0.915781915	0.014673876	0.298112854	0.04273381	0.691375	0.093863123	0.413345856	0.045563771	0.074244444	0.017135147	0.925755556	0.017135147	0.701887146	0.04273381
LinDA	200	500	abundant	1	0.947278947	0.000492458	0.0065	0.073721941	4.00E-04	0.004465389	0.000696078	0.007582367	0.000116667	0.000681188	0.999883333	0.000681188	0.0535	0.223241875
LinDA	200	500	abundant	10	0.840110526	0.018911894	0.231645288	0.022483463	0.8658	0.050667504	0.364773591	0.028221098	0.161316667	0.020823388	0.838683333	0.020823388	0.768354712	0.022483463
LinDA	200	500	abundant	2	0.939568421	0.005614995	0.366699687	0.083688114	0.196	0.069136817	0.249843544	0.068564436	0.019122222	0.007169385	0.980877778	0.007169385	0.633300313	0.083688114
LinDA	200	500	abundant	5	0.889884211	0.015786755	0.28538515	0.035420098	0.7064	0.076263495	0.404768166	0.040411343	0.099922222	0.017822915	0.900077778	0.017822915	0.71461485	0.035420098
LinDA	200	800	abundant	1	0.918377551	0.000101784	0.01	0.099748427	0.000125	0.001246855	0.000246914	0.002462924	0	0	1	0	0	0
LinDA	200	800	abundant	10	0.830438776	0.028410573	0.288202154	0.032511442	0.7073125	0.059180404	0.40761611	0.033528742	0.158616667	0.033251434	0.841383333	0.033251434	0.711797846	0.032511442
LinDA	200	800	abundant	2	0.914913265	0.004249543	0.387510762	0.150011125	0.071375	0.04005316	0.117261159	0.059324239	0.010105556	0.005238404	0.989894444	0.005238404	0.612489238	0.150011125
LinDA	200	800	abundant	5	0.877413265	0.014864999	0.338604666	0.039487551	0.5094375	0.067372827	0.404382446	0.039214416	0.089877778	0.018336012	0.910122222	0.018336012	0.661395334	0.039487551
MaAsLin2	200	100	abundant	1	0.988967033	0.000362712	0.005	0.070710678	5.00E-04	0.007071068	0.000909091	0.012856487	5.00E-05	0.000357447	0.99995	0.000357447	0.03	0.171015295
MaAsLin2	200	100	abundant	10	0.928197802	0.009871649	0.132403024	0.017272951	0.977	0.049833895	0.232743712	0.026412368	0.072344444	0.010116138	0.927655556	0.010116138	0.867596976	0.017272951
MaAsLin2	200	100	abundant	2	0.98360989	0.004724019	0.31573752	0.13081671	0.3625	0.16147483	0.325386793	0.124924621	0.009488889	0.004856448	0.990511111	0.004856448	0.68426248	0.13081671
MaAsLin2	200	100	abundant	5	0.953423077	0.012019534	0.183737288	0.039196564	0.88	0.116481068	0.301116434	0.05244666	0.045761111	0.012732156	0.954238889	0.012732156	0.816262712	0.039196564
MaAsLin2	200	1000	abundant	1	0.89999	0.00017335	0.005	0.070710678	5.00E-05	0.000707107	9.90E-05	0.001400211	1.67E-05	0.000175329	0.999983333	0.000175329	0.01	0.099748427
MaAsLin2	200	1000	abundant	10	0.74439899	0.045258618	0.248864581	0.034689554	0.739141414	0.053199845	0.370195988	0.035740118	0.255016835	0.053594226	0.744983165	0.053594226	0.751135419	0.034689554
MaAsLin2	200	1000	abundant	2	0.895261307	0.004650628	0.382496463	0.117181671	0.074120603	0.035719241	0.121315873	0.052117102	0.013500838	0.006161904	0.986499162	0.006161904	0.617503537	0.117181671
MaAsLin2	200	1000	abundant	5	0.84056	0.021218092	0.320625738	0.036990302	0.51235	0.060632989	0.392040135	0.035594087	0.122972222	0.026173776	0.877027778	0.026173776	0.679374262	0.036990302
MaAsLin2	200	200	abundant	1	0.978190217	0.000534695	0.005	0.070710678	0.00025	0.003535534	0.00047619	0.00673435	7.78E-05	0.000540098	0.999922222	0.000540098	0.035	0.184240939
MaAsLin2	200	200	abundant	10	0.882005435	0.021966448	0.152582002	0.027288048	0.93475	0.058498271	0.261174719	0.038790458	0.119166667	0.022905127	0.880833333	0.022905127	0.847417998	0.027288048
MaAsLin2	200	200	abundant	2	0.972342391	0.005018108	0.340142413	0.12763196	0.258	0.106737832	0.283900266	0.099634152	0.011783333	0.005393962	0.988216667	0.005393962	0.659857587	0.12763196
MaAsLin2	200	200	abundant	5	0.929021739	0.018927284	0.218950601	0.046671761	0.81225	0.096352773	0.34080596	0.054515301	0.068383333	0.020470851	0.931616667	0.020470851	0.781049399	0.046671761
MaAsLin2	200	2000	abundant	1	0.818131818	0.000409586	0.009287037	0.079294343	0.00035	0.003931256	0.000632133	0.006946731	0.000138889	0.001317689	0.999861111	0.001317689	0.020712963	0.132009224
MaAsLin2	200	2000	abundant	10	0.674263636	0.03276689	0.30542537	0.025035685	0.610275	0.044093885	0.405993169	0.024317311	0.311516667	0.044110017	0.688483333	0.044110017	0.69457463	0.025035685
MaAsLin2	200	2000	abundant	2	0.813481818	0.004752358	0.399981664	0.102141616	0.0488	0.0192265	0.085942974	0.031287932	0.016588889	0.006814397	0.983411111	0.006814397	0.600018336	0.102141616
MaAsLin2	200	2000	abundant	5	0.757295455	0.0178204	0.353057896	0.030584266	0.3953	0.043083535	0.371643442	0.029032865	0.162261111	0.024758246	0.837738889	0.024758246	0.646942104	0.030584266
MaAsLin2	200	300	abundant	1	0.967687902	0.000370421	0	0	0	0	0	0	5.58E-05	0.000382768	0.999944165	0.000382768	0.025125628	0.156901369
MaAsLin2	200	300	abundant	10	0.844896526	0.029500044	0.163951264	0.027926369	0.892964824	0.060168846	0.275677449	0.037645139	0.156705751	0.031447868	0.843294249	0.031447868	0.836048736	0.027926369
MaAsLin2	200	300	abundant	2	0.963062625	0.004761998	0.363000972	0.133492083	0.171691792	0.0729173	0.227222221	0.085243074	0.010558347	0.004776948	0.989441653	0.004776948	0.636999028	0.133492083
MaAsLin2	200	300	abundant	5	0.912688172	0.023080582	0.240123432	0.050978608	0.721833333	0.109289237	0.35481437	0.053333604	0.08095	0.025981663	0.91905	0.025981663	0.759876568	0.050978608
MaAsLin2	200	400	abundant	1	0.957404255	0.00029862	0.002666667	0.027426365	0.00025	0.002493711	0.00045478	0.004537546	5.56E-05	0.000397742	0.999944444	0.000397742	0.022333333	0.141504637
MaAsLin2	200	400	abundant	10	0.787420213	0.034738168	0.158927223	0.021558388	0.90575	0.051953666	0.269546971	0.030242707	0.217838889	0.037389902	0.782161111	0.037389902	0.841072777	0.021558388
MaAsLin2	200	400	abundant	2	0.95054528	0.006269916	0.363765782	0.10942547	0.193467337	0.075804025	0.244959414	0.078372704	0.015806812	0.007280403	0.984193188	0.007280403	0.636234218	0.10942547
MaAsLin2	200	400	abundant	5	0.882095745	0.028658906	0.236348912	0.046103599	0.736875	0.086163975	0.353874801	0.049286494	0.11145	0.031979815	0.88855	0.031979815	0.763651088	0.046103599
MaAsLin2	200	500	abundant	1	0.947342105	0.000222297	0.005	0.070710678	1.00E-04	0.001414214	0.000196078	0.002772968	3.33E-05	0.000220259	0.999966667	0.000220259	0.025	0.156516732
MaAsLin2	200	500	abundant	10	0.734815789	0.035581789	0.158091751	0.018117385	0.9164	0.040088345	0.269128199	0.025911821	0.275272222	0.038322023	0.724727778	0.038322023	0.841908249	0.018117385
MaAsLin2	200	500	abundant	2	0.938227982	0.006611479	0.351164451	0.082387726	0.193065327	0.070968415	0.242351544	0.067746199	0.020374093	0.008688985	0.979625907	0.008688985	0.648835549	0.082387726
MaAsLin2	200	500	abundant	5	0.843694737	0.031462359	0.222584269	0.034660894	0.7543	0.075164877	0.341375151	0.040263888	0.151338889	0.035286232	0.848661111	0.035286232	0.777415731	0.034660894
MaAsLin2	200	800	abundant	1	0.918377551	0.000101784	0.01	0.099748427	0.000125	0.001246855	0.000246914	0.002462924	0	0	1	0	0	0
MaAsLin2	200	800	abundant	10	0.793668367	0.038585224	0.249410205	0.034646383	0.72625	0.060683399	0.368840522	0.035926286	0.200338889	0.045190307	0.799661111	0.045190307	0.750589795	0.034646383
MaAsLin2	200	800	abundant	2	0.914923469	0.004263998	0.389962133	0.150688507	0.0721875	0.038183419	0.118822829	0.056803532	0.010166667	0.005158629	0.989833333	0.005158629	0.610037867	0.150688507
MaAsLin2	200	800	abundant	5	0.869336219	0.019381006	0.32035316	0.042159605	0.510858586	0.066922147	0.390692128	0.038479585	0.098799102	0.023735912	0.901200898	0.023735912	0.67964684	0.042159605
metagenomeSeq	200	200	abundant	1	0.98998	0.000121439	0	0	0	0	0	0	2.02E-05	0.000122666	0.999979798	0.000122666	0.03	0.171446608
metagenomeSeq	200	200	abundant	2	0.994525253	0.001586573	0.934327552	0.109147515	0.502525253	0.130613493	0.639271301	0.11826594	0.000505051	0.001189929	0.999494949	0.001189929	0.065672448	0.109147515
metagenomeSeq	200	200	abundant	5	0.993225	0.002350988	0.633255987	0.107048777	0.8555	0.063522445	0.721963825	0.073192886	0.005383838	0.002384313	0.994616162	0.002384313	0.366744013	0.107048777
metagenomeSeq	200	200	abundant	10	0.987867347	0.00270314	0.458338832	0.060235976	0.981122449	0.031716614	0.622369667	0.054879935	0.012064523	0.002758548	0.987935477	0.002758548	0.541661168	0.060235976
metagenomeSeq	200	300	abundant	1	0.985	0	0	0	0	0	0	0	0	0	1	0	0	0
metagenomeSeq	200	300	abundant	2	0.991125	0.001506128	0.925662302	0.088597484	0.45	0.092527853	0.598338739	0.088617298	0.000634518	0.000855764	0.999365482	0.000855764	0.074337698	0.088597484
metagenomeSeq	200	300	abundant	5	0.990010101	0.002935514	0.634553391	0.089940061	0.854208754	0.047281148	0.723827477	0.059468144	0.007921858	0.003079014	0.992078142	0.003079014	0.365446609	0.089940061
metagenomeSeq	200	300	abundant	10	0.98243	0.004261657	0.466978161	0.061097515	0.965666667	0.033318178	0.62722552	0.057334741	0.017314721	0.004289019	0.982685279	0.004289019	0.533021839	0.061097515
metagenomeSeq	200	400	abundant	1	0.979975	0.000130558	0	0	0	0	0	0	2.55E-05	0.000133223	0.99997449	0.000133223	0.04	0.196946386
metagenomeSeq	200	400	abundant	2	0.9886	0.002137921	0.9139937	0.094647198	0.48425	0.087303531	0.626136625	0.077681409	0.001107143	0.001618378	0.998892857	0.001618378	0.0860063	0.094647198
metagenomeSeq	200	400	abundant	5	0.986436842	0.003675134	0.621419932	0.076510421	0.88	0.045047257	0.725308564	0.055016395	0.011390977	0.003789948	0.988609023	0.003789948	0.378580068	0.076510421
metagenomeSeq	200	400	abundant	10	0.975005102	0.005202842	0.449350019	0.05348139	0.971938776	0.024679728	0.61259469	0.049687108	0.02493232	0.005366909	0.97506768	0.005366909	0.550649981	0.05348139
metagenomeSeq	200	500	abundant	1	0.975	0	0	0	0	0	0	0	0	0	1	0	0	0
metagenomeSeq	200	500	abundant	2	0.985807292	0.002611079	0.914987822	0.098895288	0.483125	0.075076277	0.627843882	0.073778453	0.001303419	0.001771651	0.998696581	0.001771651	0.085012178	0.098895288
metagenomeSeq	200	500	abundant	5	0.981615	0.004422655	0.596343141	0.066808735	0.8784	0.036590002	0.707960687	0.049473301	0.015738462	0.004566895	0.984261538	0.004566895	0.403656859	0.066808735
metagenomeSeq	200	500	abundant	10	0.968285714	0.005749944	0.443954065	0.047128132	0.973469388	0.021447709	0.608442173	0.045085712	0.0318472	0.005809136	0.9681528	0.005809136	0.556045935	0.047128132
metagenomeSeq	200	800	abundant	1	0.959969697	0.00011991	0.005050505	0.050251891	0.000126263	0.001256297	0.000246366	0.002451312	3.68E-05	0.000134187	0.999963173	0.000134187	0.065656566	0.243763693
metagenomeSeq	200	800	abundant	2	0.968621212	0.002490893	0.909618651	0.098812277	0.244191919	0.058584306	0.380170928	0.074421675	0.001194234	0.001537953	0.998805766	0.001537953	0.090381349	0.098812277
metagenomeSeq	200	800	abundant	5	0.973076531	0.004837755	0.638837309	0.060251074	0.780612245	0.042932249	0.700263732	0.038321652	0.018904124	0.005401906	0.981095876	0.005401906	0.361162691	0.060251074
metagenomeSeq	200	800	abundant	10	0.958701031	0.006379353	0.494745876	0.041072793	0.902835052	0.033145883	0.637960469	0.03522831	0.03897122	0.006878489	0.96102878	0.006878489	0.505254124	0.041072793
metagenomeSeq	200	1000	abundant	1	0.949969072	0.000121072	0.015463918	0.087010783	0.000309278	0.001740216	0.000606428	0.003412188	4.88E-05	0.000153493	0.999951167	0.000153493	0.077319588	0.253519047
metagenomeSeq	200	1000	abundant	2	0.960760417	0.002770122	0.893858567	0.097759877	0.252604167	0.066494872	0.386664458	0.077696769	0.001968202	0.002279807	0.998031798	0.002279807	0.106141433	0.097759877
metagenomeSeq	200	1000	abundant	5	0.966076531	0.005966121	0.63311319	0.057289635	0.788061224	0.040959073	0.700398906	0.040277344	0.024554243	0.006162038	0.975445757	0.006162038	0.36688681	0.057289635
metagenomeSeq	200	1000	abundant	10	0.94640404	0.008137742	0.484220835	0.041516393	0.898282828	0.029417488	0.628105535	0.036345807	0.051063264	0.008604336	0.948936736	0.008604336	0.515779165	0.041516393
metagenomeSeq	200	2000	abundant	1	0.899945	0.000172548	0.018333333	0.115797629	0.00015	0.000857233	0.000297035	0.001697533	7.78E-05	0.000209215	0.999922222	0.000209215	0.121666667	0.321206165
metagenomeSeq	200	2000	abundant	2	0.915025	0.003747305	0.897364833	0.084282158	0.1724	0.039296079	0.286608957	0.054674058	0.002461111	0.002472262	0.997538889	0.002472262	0.102635167	0.084282158
metagenomeSeq	200	2000	abundant	5	0.935071429	0.007000368	0.671503146	0.043532991	0.695153061	0.037687361	0.681902805	0.02879897	0.038270975	0.007845347	0.961729025	0.007845347	0.328496854	0.043532991
metagenomeSeq	200	2000	abundant	10	0.914041237	0.011444765	0.549202123	0.039750811	0.829845361	0.023984083	0.659983128	0.029920011	0.076603666	0.013027421	0.923396334	0.013027421	0.450797877	0.039750811
metagenomeSeq	200	100	abundant	1	0.994969697	0.00021211	0	0	0	0	0	0	3.05E-05	0.000213176	0.999969545	0.000213176	0.03030303	0.172292197
metagenomeSeq	200	100	abundant	2	0.99764433	0.000907029	0.946244162	0.106430153	0.568041237	0.157814759	0.695935455	0.135693512	0.000196861	0.000438541	0.999803139	0.000438541	0.053755838	0.106430153
metagenomeSeq	200	100	abundant	5	0.996373737	0.00185349	0.646783118	0.17253762	0.81010101	0.113833883	0.703342753	0.113806532	0.002690219	0.001894311	0.997309781	0.001894311	0.353216882	0.17253762
metagenomeSeq	200	100	abundant	10	0.992621212	0.001940559	0.413027038	0.067318892	0.98989899	0.030287566	0.579892841	0.066893636	0.007365108	0.001933153	0.992634892	0.001933153	0.586972962	0.067318892
Wilcox	200	100	abundant	1	0.988956044	0.000361203	0	0	0	0	0	0	5.56E-05	0.000365216	0.999944444	0.000365216	0.035	0.184240939
Wilcox	200	100	abundant	10	0.934769231	0.009906381	0.144654314	0.02120535	0.9795	0.044039156	0.251488535	0.031812607	0.065727778	0.010059749	0.934272222	0.010059749	0.855345686	0.02120535
Wilcox	200	100	abundant	2	0.982620879	0.004944076	0.310911226	0.11124985	0.4145	0.16757133	0.342912382	0.110664126	0.011066667	0.005358122	0.988933333	0.005358122	0.689088774	0.11124985
Wilcox	200	100	abundant	5	0.956912088	0.010647171	0.19806158	0.039651332	0.901	0.111179153	0.322003041	0.052542458	0.042466667	0.011284059	0.957533333	0.011284059	0.80193842	0.039651332
Wilcox	200	1000	abundant	1	0.89999	0.000141421	0.005	0.070710678	5.00E-05	0.000707107	9.90E-05	0.001400211	1.67E-05	0.000135397	0.999983333	0.000135397	0.015	0.121857483
Wilcox	200	1000	abundant	10	0.80728	0.029639062	0.291829755	0.036979145	0.62425	0.054895401	0.395514503	0.034683437	0.172383333	0.035435202	0.827616667	0.035435202	0.708170245	0.036979145
Wilcox	200	1000	abundant	2	0.895365	0.004656198	0.388112438	0.108242576	0.07935	0.036077492	0.129229103	0.052213857	0.013966667	0.005799245	0.986033333	0.005799245	0.611887562	0.108242576
Wilcox	200	1000	abundant	5	0.86167	0.014012955	0.346746222	0.042202684	0.4234	0.056376694	0.379630258	0.042036881	0.089633333	0.015997592	0.910366667	0.015997592	0.653253778	0.042202684
Wilcox	200	200	abundant	1	0.978217391	0.000284989	0	0	0	0	0	0	4.44E-05	0.000291322	0.999955556	0.000291322	0.03	0.171015295
Wilcox	200	200	abundant	10	0.909809783	0.017846364	0.188452514	0.033349715	0.911	0.067093275	0.310700762	0.044721242	0.090216667	0.018646322	0.909783333	0.018646322	0.811547486	0.033349715
Wilcox	200	200	abundant	2	0.97248913	0.00462107	0.348957038	0.11805521	0.288	0.112222858	0.307373334	0.101421306	0.0123	0.004960931	0.9877	0.004960931	0.651042962	0.11805521
Wilcox	200	200	abundant	5	0.943668478	0.01386318	0.258931396	0.049986003	0.792	0.092757857	0.386339457	0.055768215	0.052961111	0.015010503	0.947038889	0.015010503	0.741068604	0.049986003
Wilcox	200	2000	abundant	1	0.818159091	0.000346291	0.018833333	0.119115365	0.000375	0.003046437	0.000708481	0.005606348	0.000111111	0.001008679	0.999888889	0.001008679	0.016166667	0.107713534
Wilcox	200	2000	abundant	10	0.722877273	0.024546686	0.327714076	0.027047028	0.489375	0.041355602	0.391357407	0.024895498	0.225233333	0.033488489	0.774766667	0.033488489	0.672285924	0.027047028
Wilcox	200	2000	abundant	2	0.813804545	0.004781081	0.409686879	0.105411345	0.0517	0.019800766	0.090833784	0.03233261	0.016838889	0.006267698	0.983161111	0.006267698	0.590313121	0.105411345
Wilcox	200	2000	abundant	5	0.776295455	0.01335275	0.365495674	0.033475254	0.30805	0.035172904	0.333255571	0.029215638	0.11965	0.017643117	0.88035	0.017643117	0.634504326	0.033475254
Wilcox	200	300	abundant	1	0.967688172	0.000300093	0	0	0	0	0	0	5.56E-05	0.000310096	0.999944444	0.000310096	0.04	0.196450922
Wilcox	200	300	abundant	10	0.890596774	0.021391604	0.213082156	0.034156688	0.851	0.065646295	0.339069834	0.042845683	0.108083333	0.022868855	0.891916667	0.022868855	0.786917844	0.034156688
Wilcox	200	300	abundant	2	0.962784946	0.004687348	0.362281924	0.122015399	0.194333333	0.081383212	0.247739071	0.090137022	0.0116	0.004672592	0.9884	0.004672592	0.637718076	0.122015399
Wilcox	200	300	abundant	5	0.933548387	0.013440482	0.287727702	0.047922005	0.6785	0.098616759	0.400242344	0.051564206	0.05795	0.015160124	0.94205	0.015160124	0.712272298	0.047922005
Wilcox	200	400	abundant	1	0.957414894	0.000259271	0.0035	0.038012825	0.00025	0.002493711	0.000460317	0.004594351	4.44E-05	0.000349417	0.999955556	0.000349417	0.0215	0.138141832
Wilcox	200	400	abundant	10	0.849255319	0.026173816	0.205973348	0.028819518	0.86175	0.05823568	0.331155159	0.036867705	0.1513	0.028376706	0.8487	0.028376706	0.794026652	0.028819518
Wilcox	200	400	abundant	2	0.951271277	0.005579227	0.376499551	0.104937548	0.209	0.076144533	0.263109239	0.080327318	0.015738889	0.006038503	0.984261111	0.006038503	0.623500449	0.104937548
Wilcox	200	400	abundant	5	0.909441489	0.018923059	0.28269585	0.046977943	0.690125	0.08357201	0.397649294	0.049042423	0.080811111	0.021178068	0.919188889	0.021178068	0.71730415	0.046977943
Wilcox	200	500	abundant	1	0.947336842	0.000208667	0	0	0	0	0	0	3.33E-05	0.000220259	0.999966667	0.000220259	0.025	0.156516732
Wilcox	200	500	abundant	10	0.809557895	0.029106099	0.201840707	0.025699892	0.8636	0.048567831	0.326216119	0.033246413	0.193444444	0.03164729	0.806555556	0.03164729	0.798159293	0.025699892
Wilcox	200	500	abundant	2	0.938747368	0.005950271	0.366627007	0.077528703	0.2165	0.071070423	0.26682902	0.067931674	0.021127778	0.007453541	0.978872222	0.007453541	0.633372993	0.077528703
Wilcox	200	500	abundant	5	0.880463158	0.021244731	0.26669698	0.038217013	0.6968	0.072220767	0.38347339	0.041907467	0.109333333	0.023833802	0.890666667	0.023833802	0.73330302	0.038217013
Wilcox	200	800	abundant	1	0.918377551	0.000101784	0.01	0.099748427	0.000125	0.001246855	0.000246914	0.002462924	0	0	1	0	0	0
Wilcox	200	800	abundant	10	0.848127551	0.02343777	0.29895351	0.036894186	0.61375	0.052031591	0.399850488	0.034002061	0.131038889	0.027500927	0.868961111	0.027500927	0.70104649	0.036894186
Wilcox	200	800	abundant	2	0.914882653	0.004242889	0.394104791	0.14028623	0.0783125	0.037604075	0.128255758	0.055953661	0.010755556	0.004558503	0.989244444	0.004558503	0.605895209	0.14028623
Wilcox	200	800	abundant	5	0.887933673	0.011933025	0.350931598	0.043209125	0.42475	0.057082546	0.382220253	0.040042596	0.070894444	0.014104666	0.929105556	0.014104666	0.649068402	0.043209125
ZicoSeq	200	100	abundant	1	0.989010989	0	0	0	0	0	0	0	0	0	1	0	0	0
ZicoSeq	200	100	abundant	10	0.989010989	0	0	0	0	0	0	0	0	0	1	0	0	0
ZicoSeq	200	100	abundant	2	0.988686813	0.003072418	0.002520335	0.022275809	0.006	0.049763259	0.003464879	0.029945752	0.000394444	0.003574728	0.999605556	0.003574728	0.012479665	0.101761722
ZicoSeq	200	100	abundant	5	0.989010989	0	0	0	0	0	0	0	0	0	1	0	0	0
ZicoSeq	200	1000	abundant	1	0.9	0	0	0	0	0	0	0	0	0	1	0	0	0
ZicoSeq	200	1000	abundant	10	0.85593	0.009289595	0.37690957	0.022461485	0.6716	0.058459624	0.482108001	0.02866009	0.123588889	0.011565103	0.876411111	0.011565103	0.62309043	0.022461485
ZicoSeq	200	1000	abundant	2	0.89115	0.007609007	0.31484601	0.168394936	0.16325	0.088725977	0.214637536	0.115486181	0.027972222	0.014692682	0.972027778	0.014692682	0.48515399	0.250179165
ZicoSeq	200	1000	abundant	5	0.86427	0.009932794	0.382198946	0.027737137	0.57445	0.070921412	0.457283594	0.0357842	0.103527778	0.014108949	0.896472222	0.014108949	0.617801054	0.027737137
ZicoSeq	200	200	abundant	1	0.97826087	0	0	0	0	0	0	0	0	0	1	0	0	0
ZicoSeq	200	200	abundant	10	0.976342391	0.004875624	0.047650541	0.114950182	0.07025	0.169917028	0.05672915	0.136943357	0.003522222	0.008326806	0.996477778	0.008326806	0.107349459	0.252809465
ZicoSeq	200	200	abundant	2	0.977923913	0.003533317	0.001900753	0.019139973	0.0045	0.045165803	0.002638077	0.026368847	0.000444444	0.004599474	0.999555556	0.004599474	0.008099247	0.080831206
ZicoSeq	200	200	abundant	5	0.977907609	0.00214902	0.009401221	0.054625415	0.0135	0.078412323	0.011075091	0.06432353	0.000661111	0.003800499	0.999338889	0.003800499	0.020598779	0.117898888
ZicoSeq	200	2000	abundant	1	0.818181818	0	0	0	0	0	0	0	0	0	1	0	0	0
ZicoSeq	200	2000	abundant	10	0.771627273	0.010592164	0.397896659	0.022938265	0.499	0.037754164	0.442478302	0.02739915	0.167788889	0.010422545	0.832211111	0.010422545	0.602103341	0.022938265
ZicoSeq	200	2000	abundant	2	0.805704545	0.007895312	0.368746026	0.114703982	0.13205	0.044445749	0.193969194	0.063051367	0.044594444	0.014040293	0.955405556	0.014040293	0.561253974	0.163402192
ZicoSeq	200	2000	abundant	5	0.7751	0.010293581	0.39664414	0.023547562	0.454825	0.044699942	0.423108319	0.029736657	0.153727778	0.013131214	0.846272222	0.013131214	0.60335586	0.023547562
ZicoSeq	200	300	abundant	1	0.967741935	0	0	0	0	0	0	0	0	0	1	0	0	0
ZicoSeq	200	300	abundant	10	0.959102151	0.005441735	0.337197129	0.12058193	0.369	0.13188112	0.351586769	0.124438955	0.021227778	0.007440979	0.978772222	0.007440979	0.577802871	0.187334624
ZicoSeq	200	300	abundant	2	0.967462366	0.00339729	0.00265625	0.028674918	0.003666667	0.036726767	0.002999314	0.031167733	0.000411111	0.004516872	0.999588889	0.004516872	0.00734375	0.074068857
ZicoSeq	200	300	abundant	5	0.963510753	0.005762919	0.179877339	0.194595193	0.194	0.209643552	0.18645149	0.201407689	0.010838889	0.01156177	0.989161111	0.01156177	0.300122661	0.317346917
ZicoSeq	200	400	abundant	1	0.957446809	0	0	0	0	0	0	0	0	0	1	0	0	0
ZicoSeq	200	400	abundant	10	0.945154255	0.006026144	0.356795407	0.080344883	0.387625	0.087396655	0.37069218	0.081355293	0.030066667	0.006735767	0.969933333	0.006735767	0.618204593	0.114119982
ZicoSeq	200	400	abundant	2	0.957148936	0.002098485	0.006691565	0.0470245	0.007125	0.050336649	0.006891695	0.048512751	0.000627778	0.00441444	0.999372222	0.00441444	0.013308435	0.093426023
ZicoSeq	200	400	abundant	5	0.94831383	0.007189406	0.266063972	0.167503867	0.2795	0.177162873	0.272118934	0.171234222	0.021961111	0.013674664	0.978038889	0.013674664	0.468936028	0.286511425
ZicoSeq	200	500	abundant	1	0.947368421	0	0	0	0	0	0	0	0	0	1	0	0	0
ZicoSeq	200	500	abundant	10	0.931452632	0.00691551	0.364083473	0.054523097	0.3984	0.058536936	0.37968807	0.053543031	0.038933333	0.005718807	0.961066667	0.005718807	0.635916527	0.054523097
ZicoSeq	200	500	abundant	2	0.947015789	0.002917362	0.006783988	0.04943478	0.0068	0.049089806	0.00678708	0.049215977	0.00075	0.005359393	0.99925	0.005359393	0.013216012	0.093695556
ZicoSeq	200	500	abundant	5	0.934031579	0.007173614	0.348499733	0.104329642	0.3602	0.107506971	0.35389047	0.105130062	0.034088889	0.00967347	0.965911111	0.00967347	0.591500267	0.159806047
ZicoSeq	200	800	abundant	1	0.918367347	0	0	0	0	0	0	0	0	0	1	0	0	0
ZicoSeq	200	800	abundant	10	0.879841837	0.008732162	0.37007247	0.025221927	0.6684375	0.066332703	0.475452884	0.032458222	0.101366667	0.010789718	0.898633333	0.010789718	0.62992753	0.025221927
ZicoSeq	200	800	abundant	2	0.912923469	0.00605134	0.230042169	0.199404492	0.123375	0.108584934	0.16020424	0.139756889	0.016894444	0.014590507	0.983105556	0.014590507	0.354957831	0.303088524
ZicoSeq	200	800	abundant	5	0.887244898	0.009633846	0.377518929	0.03203405	0.5809375	0.08133753	0.455373151	0.042147661	0.085527778	0.012853084	0.914472222	0.012853084	0.622481071	0.03203405
