name	Sample	OTU	type	effect	mean_Accuracy	sd_Accuracy	mean_Precision	sd_Precision	mean_TPR	sd_TPR	mean_F1_score	sd_F1_score	mean_FPR	sd_FPR	mean_Specificity	sd_Specificity	mean_FDR	sd_FDR
AAnew_TSS	20	200	abundant	1	0.711377551	0.041578274	0.057617345	0.029152684	0.125	0.07116483	0.077982018	0.039932397	0.223469388	0.048919408	0.776530612	0.048919408	0.942382655	0.029152684
AAnew_TSS	20	200	abundant	2	0.788854167	0.038733089	0.215755077	0.064422657	0.4046875	0.116997104	0.278793578	0.076684554	0.168460648	0.04124047	0.831539352	0.04124047	0.784244923	0.064422657
AAnew_TSS	20	200	abundant	5	0.875736842	0.032811263	0.446249127	0.070665	0.814736842	0.084385666	0.572507008	0.066601481	0.11748538	0.037214621	0.88251462	0.037214621	0.553750873	0.070665
AAnew_TSS	20	100	abundant	1	0.763368421	0.048916136	0.057260572	0.068073719	0.087368421	0.102357431	0.068116373	0.079501185	0.161520468	0.052487644	0.838479532	0.052487644	0.942739428	0.068073719
AAnew_TSS	20	100	abundant	2	0.835876289	0.047538418	0.307867113	0.118609816	0.462886598	0.169754472	0.362716081	0.127708427	0.122680412	0.048403459	0.877319588	0.048403459	0.692132887	0.118609816
AAnew_TSS	20	100	abundant	5	0.922604167	0.036309917	0.594141119	0.129111873	0.901041667	0.107110166	0.708731145	0.109828885	0.075	0.036798452	0.925	0.036798452	0.405858881	0.129111873
AAnew_TSS	20	100	abundant	10	0.95244898	0.027547942	0.704857709	0.12435929	0.980612245	0.044624812	0.813770956	0.088300701	0.050680272	0.030274562	0.949319728	0.030274562	0.295142291	0.12435929
AAnew_TSS	20	200	abundant	10	0.911223404	0.030415458	0.546727048	0.089108482	0.914893617	0.075786126	0.679638176	0.076361622	0.089184397	0.033247271	0.910815603	0.033247271	0.453272952	0.089108482
AAnew_TSS	20	300	abundant	1	0.69322695	0.037758119	0.061290019	0.028010769	0.145390071	0.072808658	0.085637727	0.03944314	0.245902285	0.043651556	0.754097715	0.043651556	0.938709981	0.028010769
AAnew_TSS	20	300	abundant	2	0.768736842	0.034267681	0.190957442	0.046634621	0.397192982	0.10054969	0.256280003	0.059997728	0.189980507	0.037502488	0.810019493	0.037502488	0.809042558	0.046634621
AAnew_TSS	20	300	abundant	5	0.854666667	0.024421477	0.389669247	0.05150765	0.753666667	0.081635224	0.51109182	0.051291795	0.134111111	0.028340332	0.865888889	0.028340332	0.610330753	0.05150765
AAnew_TSS	20	300	abundant	10	0.885992908	0.0296357	0.473021332	0.073073181	0.872340426	0.068546664	0.609861373	0.065904266	0.11249015	0.032912445	0.88750985	0.032912445	0.526978668	0.073073181
AAnew_TSS	20	400	abundant	1	0.692710526	0.033385369	0.056468652	0.021923349	0.132631579	0.056266095	0.078749958	0.03057151	0.24505848	0.038866041	0.75494152	0.038866041	0.943531348	0.021923349
AAnew_TSS	20	400	abundant	2	0.771520619	0.033977928	0.192496886	0.040665006	0.392268041	0.085113345	0.25653218	0.050536093	0.186340206	0.038439178	0.813659794	0.038439178	0.807503114	0.040665006
AAnew_TSS	20	400	abundant	5	0.853515625	0.028893129	0.390712775	0.058692391	0.765885417	0.08359676	0.514327996	0.058046888	0.136747685	0.033293054	0.863252315	0.033293054	0.609287225	0.058692391
AAnew_TSS	20	400	abundant	10	0.888582474	0.025970504	0.477880022	0.065029405	0.879639175	0.062325788	0.616270651	0.058266337	0.110423826	0.029282264	0.889576174	0.029282264	0.522119978	0.065029405
AAnew_TSS	20	500	abundant	1	0.7025625	0.036896102	0.059926899	0.020612019	0.135208333	0.056176023	0.082369531	0.028891114	0.234398148	0.043585834	0.765601852	0.043585834	0.940073101	0.020612019
AAnew_TSS	20	500	abundant	2	0.772304348	0.03619111	0.195382689	0.04329168	0.396086957	0.077274401	0.259811833	0.050562282	0.18589372	0.040717263	0.81410628	0.040717263	0.804617311	0.04329168
AAnew_TSS	20	500	abundant	5	0.850489362	0.026097726	0.383465127	0.05095581	0.76787234	0.074326689	0.509222439	0.051675091	0.140330969	0.029343826	0.859669031	0.029343826	0.616534873	0.05095581
AAnew_TSS	20	500	abundant	10	0.894442105	0.024256044	0.493165284	0.064270182	0.888842105	0.058105977	0.631274806	0.055213074	0.104935673	0.027993355	0.895064327	0.027993355	0.506834716	0.064270182
AAnew_TSS	20	800	abundant	1	0.674680851	0.020536271	0.071202217	0.019352643	0.188829787	0.058929407	0.103238137	0.028996423	0.271335697	0.024396039	0.728664303	0.024396039	0.928797783	0.019352643
AAnew_TSS	20	800	abundant	2	0.727860825	0.022960393	0.152400049	0.024006046	0.377706186	0.073203902	0.21658515	0.034902061	0.233233104	0.02779965	0.766766896	0.02779965	0.847599951	0.024006046
AAnew_TSS	20	800	abundant	5	0.801224227	0.019133219	0.288293907	0.027752222	0.666108247	0.071874066	0.401482489	0.035021921	0.183762887	0.022740061	0.816237113	0.022740061	0.711706093	0.027752222
AAnew_TSS	20	800	abundant	10	0.844881579	0.018203082	0.370501628	0.031883147	0.769473684	0.065225565	0.498758649	0.034045601	0.146739766	0.02237478	0.853260234	0.02237478	0.629498372	0.031883147
AAnew_TSS	20	1000	abundant	1	0.681589474	0.022609306	0.071524761	0.017094989	0.183368421	0.050877628	0.102670768	0.025132475	0.263052632	0.026982453	0.736947368	0.026982453	0.928475239	0.017094989
AAnew_TSS	20	1000	abundant	2	0.7339375	0.024190391	0.155894685	0.022880282	0.375	0.068456671	0.219497538	0.032017119	0.226180556	0.029326338	0.773819444	0.029326338	0.844105315	0.022880282
AAnew_TSS	20	1000	abundant	5	0.803947917	0.020713265	0.290158587	0.028501496	0.654583333	0.069568848	0.400859837	0.033390506	0.179456019	0.025342357	0.820543981	0.025342357	0.709841413	0.028501496
AAnew_TSS	20	1000	abundant	10	0.85028866	0.018424372	0.381145893	0.03292968	0.772268041	0.049571185	0.50907147	0.031521393	0.141042383	0.022159526	0.858957617	0.022159526	0.618854107	0.03292968
AAnew_TSS	20	2000	abundant	1	0.710942708	0.018924208	0.091045872	0.015751912	0.211354167	0.0471921	0.126987015	0.023207323	0.233547454	0.023038427	0.766452546	0.023038427	0.908954128	0.015751912
AAnew_TSS	20	2000	abundant	2	0.756197917	0.017012763	0.16746281	0.019773547	0.362864583	0.061180255	0.228580477	0.028850784	0.20009838	0.021864964	0.79990162	0.021864964	0.83253719	0.019773547
AAnew_TSS	20	2000	abundant	5	0.814859375	0.016083778	0.296843861	0.02462315	0.615677083	0.055822179	0.399694903	0.028508354	0.163009259	0.019556264	0.836990741	0.019556264	0.703156139	0.02462315
AAnew_TSS	20	2000	abundant	10	0.859265957	0.015445656	0.39096979	0.033045233	0.70787234	0.056213348	0.502197569	0.030673509	0.12391253	0.019420435	0.87608747	0.019420435	0.60903021	0.033045233
ALDEx2_wi	20	100	abundant	1	0.989010989	0	0	0	0	0	0	0	0	0	1	0	0	0
ALDEx2_wi	20	100	abundant	10	0.98706044	0.002461998	0.372649975	0.170111086	0.259	0.125690055	0.298961509	0.134650937	0.00485	0.002096314	0.99515	0.002096314	0.622350025	0.173760052
ALDEx2_wi	20	100	abundant	2	0.988967033	0.000424389	0.03875	0.178569424	0.0065	0.030204496	0.010708458	0.048833871	0.000116667	0.000422658	0.999883333	0.000422658	0.07125	0.246895506
ALDEx2_wi	20	100	abundant	5	0.988296703	0.001932618	0.359512266	0.297153126	0.1385	0.121414403	0.191234626	0.156370706	0.002261111	0.001675956	0.997738889	0.001675956	0.550487734	0.32492175
ALDEx2_wi	20	1000	abundant	1	0.9	0	0	0	0	0	0	0	0	0	1	0	0	0
ALDEx2_wi	20	1000	abundant	10	0.89874	0.002321497	0.323922104	0.271118113	0.0225	0.022298793	0.040979187	0.038757834	0.0039	0.003524202	0.9961	0.003524202	0.531077896	0.32201485
ALDEx2_wi	20	1000	abundant	2	0.899995	0.000122679	0.005	0.070710678	5.00E-05	0.000707107	9.90E-05	0.001400211	1.11E-05	0.000110832	0.999988889	0.000110832	0.01	0.099748427
ALDEx2_wi	20	1000	abundant	5	0.899815	0.001219925	0.186767857	0.335558459	0.00495	0.010272542	0.009475371	0.019327897	0.000755556	0.001447041	0.999244444	0.001447041	0.248232143	0.384058993
ALDEx2_wi	20	200	abundant	1	0.978255435	7.69E-05	0	0	0	0	0	0	5.56E+06	7.86E-05	0.999994444	7.86E-05	0.005	0.070710678
ALDEx2_wi	20	2000	abundant	1	0.818181818	0	0	0	0	0	0	0	0	0	1	0	0	0
ALDEx2_wi	20	2000	abundant	10	0.817236364	0.002181285	0.35971806	0.27342624	0.013075	0.012254396	0.024839155	0.022673872	0.004061111	0.00369203	0.995938889	0.00369203	0.48528194	0.30711905
ALDEx2_wi	20	2000	abundant	2	0.818181818	9.11E-05	0.0125	0.09293511	0.000125	0.000929351	0.0002468	0.001831264	2.78E-05	0.000206522	0.999972222	0.000206522	0.0125	0.09293511
ALDEx2_wi	20	2000	abundant	5	0.817909091	0.001097437	0.146932554	0.282582377	0.002375	0.005397224	0.004612806	0.010330841	0.000861111	0.00176277	0.999138889	0.00176277	0.218067446	0.353907396
ALDEx2_wi	20	300	abundant	1	0.967741935	0	0	0	0	0	0	0	0	0	1	0	0	0
ALDEx2_wi	20	300	abundant	10	0.96616129	0.002548452	0.359575923	0.251789796	0.0765	0.05862728	0.120647595	0.085359746	0.004183333	0.002953362	0.995816667	0.002953362	0.605424077	0.268413909
ALDEx2_wi	20	300	abundant	2	0.967698925	0.000338145	0.02	0.140351318	0.000666667	0.004678377	0.001290323	0.009054924	6.67E-05	0.000307888	0.999933333	0.000307888	0.05	0.218491861
ALDEx2_wi	20	300	abundant	5	0.967446237	0.001388602	0.256972222	0.357972492	0.024333333	0.037911708	0.042498773	0.0630746	0.001116667	0.00155347	0.998883333	0.00155347	0.338027778	0.401418444
ALDEx2_wi	20	400	abundant	1	0.957452128	7.52E-05	0.005	0.070710678	0.000125	0.001767767	0.000243902	0.003449301	0	0	1	0	0	0
ALDEx2_wi	20	400	abundant	10	0.955861702	0.003048379	0.39456207	0.216551924	0.07925	0.054915993	0.126716224	0.0797301	0.005177778	0.003613638	0.994822222	0.003613638	0.57043793	0.230393845
ALDEx2_wi	20	400	abundant	2	0.957404255	0.000382158	0.015	0.112320332	0.000625	0.004646756	0.001185479	0.008766845	7.22E-05	0.000402817	0.999927778	0.000402817	0.04	0.19068187
ALDEx2_wi	20	400	abundant	5	0.956904255	0.001659049	0.207901571	0.31351104	0.021	0.034404481	0.0367286	0.057770253	0.0015	0.001963593	0.9985	0.001963593	0.402098429	0.417620083
ALDEx2_wi	20	500	abundant	1	0.947368421	0	0	0	0	0	0	0	0	0	1	0	0	0
ALDEx2_wi	20	500	abundant	10	0.945089474	0.003457976	0.394769899	0.190680192	0.0783	0.049915607	0.125646239	0.072170735	0.006755556	0.004145981	0.993244444	0.004145981	0.590230101	0.198256329
ALDEx2_wi	20	500	abundant	2	0.947373684	0.000129136	0.0125	0.105591181	3.00E-04	0.00243715	0.000584465	0.004748293	1.11E-05	0.000110832	0.999988889	0.000110832	0.0075	0.078897873
ALDEx2_wi	20	500	abundant	5	0.947031579	0.001939407	0.291186563	0.337982563	0.0232	0.030104675	0.041748429	0.052679444	0.001644444	0.002151182	0.998355556	0.002151182	0.378813437	0.378542458
ALDEx2_wi	20	800	abundant	1	0.918367347	0	0	0	0	0	0	0	0	0	1	0	0	0
ALDEx2_wi	20	800	abundant	10	0.917423469	0.002280412	0.35764779	0.267906734	0.02575	0.022613477	0.046960654	0.039851556	0.003316667	0.002935452	0.996683333	0.002935452	0.50735221	0.303456213
ALDEx2_wi	20	800	abundant	2	0.918352041	0.000161016	0	0	0	0	0	0	1.67E-05	0.000175329	0.999983333	0.000175329	0.01	0.099748427
ALDEx2_wi	20	800	abundant	5	0.918132653	0.001066589	0.156468254	0.311000233	0.0049375	0.010988909	0.009402012	0.020561014	0.000694444	0.001227502	0.999305556	0.001227502	0.268531746	0.401847551
ALDEx2_wi	20	200	abundant	2	0.978244565	0.000297974	0.026666667	0.158016742	0.0015	0.008550765	0.002815735	0.016060069	5.00E-05	0.000279531	0.99995	0.000279531	0.033333333	0.17682604
ALDEx2_wi	20	200	abundant	5	0.977717391	0.001691645	0.312414683	0.350675761	0.04875	0.057247918	0.08014109	0.089566037	0.001638889	0.001775045	0.998361111	0.001775045	0.427585317	0.391239478
ALDEx2_wi	20	200	abundant	10	0.976570652	0.002783919	0.399523451	0.194521332	0.15175	0.089720042	0.211963863	0.110951362	0.0051	0.002501169	0.9949	0.002501169	0.590476549	0.199393267
Corncob	20	200	abundant	1	0.978217391	0.000239731	0.009166667	0.082190658	0.001	0.008623912	0.001744306	0.014835952	6.67E-05	0.000307888	0.999933333	0.000307888	0.045833333	0.203910335
Corncob	20	100	abundant	1	0.988994505	0.000280382	0.0275	0.145447863	0.005	0.026045959	0.008175991	0.041954052	7.22E-05	0.000316581	0.999927778	0.000316581	0.0425	0.187550477
Corncob	20	100	abundant	10	0.985230769	0.003479637	0.312548938	0.16174729	0.27	0.162579706	0.273701132	0.135829083	0.006822222	0.003868359	0.993177778	0.003868359	0.682451062	0.167394715
Corncob	20	100	abundant	2	0.98893956	0.000739651	0.184722222	0.337836119	0.033	0.064277977	0.052851392	0.095303467	0.000438889	0.000840219	0.999561111	0.000840219	0.205277778	0.355998795
Corncob	20	100	abundant	5	0.987203297	0.002751717	0.302582558	0.265694059	0.151	0.135983298	0.18816833	0.155032637	0.003505556	0.002896347	0.996494444	0.002896347	0.612417442	0.31154717
Corncob	20	1000	abundant	1	0.899985	0.000339635	0.022083333	0.134053098	0.00055	0.004034711	0.001036605	0.007383286	7.78E-05	0.000625274	0.999922222	0.000625274	0.017916667	0.118110679
Corncob	20	1000	abundant	10	0.89771	0.003714145	0.398457496	0.181285546	0.0526	0.033403878	0.090691258	0.053639497	0.008388889	0.004716348	0.991611111	0.004716348	0.576542504	0.193232882
Corncob	20	1000	abundant	2	0.89987	0.000784972	0.079487179	0.238979906	0.00155	0.004712594	0.002999585	0.009006157	0.000316667	0.001047169	0.999683333	0.001047169	0.135512821	0.318296291
Corncob	20	1000	abundant	5	0.899105	0.002297907	0.370971027	0.295726117	0.02075	0.020371857	0.038326904	0.03623226	0.0033	0.002959515	0.9967	0.002959515	0.534028973	0.320970844
Corncob	20	2000	abundant	1	0.818190909	0.000157591	0.008333333	0.084786328	1.00E-04	0.000997484	0.000197532	0.001970357	1.11E-05	0.000110832	0.999988889	0.000110832	0.006666667	0.074423149
Corncob	20	2000	abundant	10	0.8152	0.003659315	0.414238251	0.119196988	0.0368	0.018902288	0.066483439	0.032111752	0.011822222	0.005888978	0.988177778	0.005888978	0.585761749	0.119196988
Corncob	20	2000	abundant	2	0.818045455	0.000834043	0.106375	0.251288141	0.00165	0.004430082	0.003215443	0.008536941	0.000533333	0.001354934	0.999466667	0.001354934	0.163625	0.324265698
Corncob	20	2000	abundant	5	0.816945455	0.002418212	0.355644526	0.273272982	0.01285	0.011835451	0.024438088	0.022050239	0.004366667	0.003622331	0.995633333	0.003622331	0.524355474	0.308261531
Corncob	20	300	abundant	1	0.967752688	0.000263827	0.028333333	0.155047227	0.0015	0.008385931	0.002823803	0.015695292	3.89E-05	0.000204712	0.999961111	0.000204712	0.026666667	0.149855691
Corncob	20	300	abundant	10	0.965870968	0.002801139	0.398374326	0.189686241	0.105166667	0.062257682	0.15964807	0.084106735	0.005438889	0.003169034	0.994561111	0.003169034	0.601625674	0.189686241
Corncob	20	300	abundant	2	0.9675	0.000844933	0.096416667	0.275502067	0.004166667	0.011051627	0.007909072	0.020988946	0.000388889	0.00084649	0.999611111	0.00084649	0.208583333	0.392745414
Corncob	20	300	abundant	5	0.967166667	0.002007676	0.386725802	0.322335361	0.055	0.054270452	0.091505677	0.08361383	0.002427778	0.002199994	0.997572222	0.002199994	0.493274198	0.3416872
Corncob	20	400	abundant	1	0.957430851	0.000167868	0.005357143	0.053556471	0.000625	0.007280067	0.001089159	0.012481686	4.44E-05	0.000291322	0.999955556	0.000291322	0.024642857	0.147205449
Corncob	20	400	abundant	10	0.955021277	0.003404723	0.396918237	0.16701995	0.11075	0.065042989	0.166367423	0.085405337	0.007455556	0.004164241	0.992544444	0.004164241	0.598081763	0.170019221
Corncob	20	400	abundant	2	0.957170213	0.001524162	0.093379721	0.251990246	0.0055	0.017027911	0.009716625	0.027414932	0.000533333	0.002004895	0.999466667	0.002004895	0.186620279	0.361897277
Corncob	20	400	abundant	5	0.956473404	0.002336041	0.332715791	0.300575116	0.042625	0.042812368	0.072367569	0.06938781	0.002911111	0.002825794	0.997088889	0.002825794	0.492284209	0.344107828
Corncob	20	500	abundant	1	0.947331579	0.000286629	0.017916667	0.114510313	6.00E-04	0.003420306	0.001150637	0.006560604	7.22E-05	0.000370738	0.999927778	0.000370738	0.037083333	0.176963638
Corncob	20	500	abundant	10	0.944142105	0.003893196	0.397065418	0.14509903	0.1151	0.058952242	0.172753465	0.077620864	0.0098	0.004638104	0.9902	0.004638104	0.602934582	0.14509903
Corncob	20	500	abundant	2	0.947273684	0.001050991	0.156666667	0.330592516	0.0058	0.015215702	0.010933751	0.027578164	0.000422222	0.000935675	0.999577778	0.000935675	0.178333333	0.351812661
Corncob	20	500	abundant	5	0.946068421	0.002654966	0.362093538	0.2249746	0.0536	0.044236005	0.090303618	0.069887999	0.00435	0.003183449	0.99565	0.003183449	0.572906462	0.253742525
Corncob	20	800	abundant	1	0.918341837	0.00023854	0.005	0.070710678	6.25E-05	0.000883883	0.000123457	0.001745943	3.33E-05	0.000246824	0.999966667	0.000246824	0.02	0.140351318
Corncob	20	800	abundant	10	0.916178571	0.003171859	0.374094346	0.187119545	0.0505	0.033761281	0.086866031	0.054382709	0.006872222	0.004002415	0.993127778	0.004002415	0.600905654	0.201773389
Corncob	20	800	abundant	2	0.918265306	0.000622248	0.067416667	0.235194168	0.0015	0.005251226	0.002907202	0.010138063	0.000244444	0.000688098	0.999755556	0.000688098	0.127583333	0.322480776
Corncob	20	800	abundant	5	0.917382653	0.002097404	0.304932817	0.302731385	0.0195625	0.022084291	0.035935719	0.039461578	0.002811111	0.002414645	0.997188889	0.002414645	0.560067183	0.355334367
Corncob	20	200	abundant	2	0.978125	0.000730475	0.124761905	0.297220264	0.00975	0.022804335	0.017640978	0.040625604	0.000355556	0.000777818	0.999644444	0.000777818	0.200238095	0.373553646
Corncob	20	200	abundant	5	0.977157609	0.002297341	0.386016511	0.278904633	0.08625	0.068899734	0.133665584	0.099269217	0.003044444	0.002323862	0.996955556	0.002323862	0.553983489	0.296507093
Corncob	20	200	abundant	10	0.975755435	0.003212624	0.378755037	0.165502037	0.1725	0.097937268	0.227385599	0.111797393	0.006394444	0.003246587	0.993605556	0.003246587	0.621244963	0.165502037
DACOMP	20	200	abundant	1	0.97826087	0	0	0	0	0	0	0	0	0	1	0	0	0
DACOMP	20	100	abundant	1	0.989	0.000155408	0.0025	0.035355339	5.00E-04	0.007071068	0.000833333	0.011785113	1.67E-05	0.000175329	0.999983333	0.000175329	0.0075	0.078897873
DACOMP	20	100	abundant	10	0.987175824	0.002345033	0.384301768	0.151478676	0.2855	0.124568602	0.323464889	0.132330059	0.005027778	0.001685406	0.994972222	0.001685406	0.615698232	0.151478676
DACOMP	20	100	abundant	2	0.98893956	0.000795009	0.047083333	0.18579088	0.012	0.046549266	0.018891941	0.073193681	0.000205556	0.000756119	0.999794444	0.000756119	0.067916667	0.230322387
DACOMP	20	100	abundant	5	0.988065934	0.002347438	0.339251984	0.251577764	0.1785	0.150669361	0.225413794	0.176727065	0.002938889	0.002165374	0.997061111	0.002165374	0.515748016	0.298348619
DACOMP	20	1000	abundant	1	0.9	0	0	0	0	0	0	0	0	0	1	0	0	0
DACOMP	20	1000	abundant	10	0.896665	0.004091022	0.370477739	0.151096498	0.06715	0.037689254	0.111647529	0.058534665	0.011166667	0.005729548	0.988833333	0.005729548	0.559522261	0.190078316
DACOMP	20	1000	abundant	2	0.9	0	0	0	0	0	0	0	0	0	1	0	0	0
DACOMP	20	1000	abundant	5	0.89928	0.002383275	0.174896239	0.23054542	0.01875	0.028776343	0.033136869	0.049168611	0.002883333	0.004286845	0.997116667	0.004286845	0.235103761	0.29808075
DACOMP	20	2000	abundant	1	0.818181818	0	0	0	0	0	0	0	0	0	1	0	0	0
DACOMP	20	2000	abundant	10	0.814759091	0.003859075	0.313615288	0.179275156	0.033775	0.024094128	0.060305843	0.04159802	0.011688889	0.007329729	0.988311111	0.007329729	0.501384712	0.258943014
DACOMP	20	2000	abundant	2	0.818181818	0	0	0	0	0	0	0	0	0	1	0	0	0
DACOMP	20	2000	abundant	5	0.817622727	0.001775837	0.088802166	0.176982525	0.006175	0.012650873	0.01147232	0.023340388	0.002055556	0.004335273	0.997944444	0.004335273	0.126197834	0.246629133
DACOMP	20	300	abundant	1	0.967741935	0	0	0	0	0	0	0	0	0	1	0	0	0
DACOMP	20	300	abundant	10	0.964741935	0.003447119	0.375319194	0.142226353	0.160333333	0.079177091	0.21983605	0.097759756	0.008444444	0.003424222	0.991555556	0.003424222	0.604680806	0.157602725
DACOMP	20	300	abundant	2	0.967725806	0.000228099	0	0	0	0	0	0	1.67E-05	0.000235702	0.999983333	0.000235702	0.005	0.070710678
DACOMP	20	300	abundant	5	0.966935484	0.002168697	0.274336247	0.248103239	0.067	0.073819766	0.103953714	0.107191038	0.003066667	0.002844786	0.996933333	0.002844786	0.405663753	0.322166415
DACOMP	20	400	abundant	1	0.957446809	0	0	0	0	0	0	0	0	0	1	0	0	0
DACOMP	20	400	abundant	10	0.953696809	0.00409727	0.390662189	0.127597606	0.16925	0.072885175	0.231770077	0.088651007	0.011438889	0.004090904	0.988561111	0.004090904	0.604337811	0.131737982
DACOMP	20	400	abundant	2	0.957388298	0.000623674	0.007	0.051373106	0.001125	0.008788948	0.001840548	0.01381181	0.000111111	0.001008679	0.999888889	0.001008679	0.013	0.092459417
DACOMP	20	400	abundant	5	0.956037234	0.002791169	0.253904286	0.226142117	0.061	0.063584313	0.095485391	0.093813177	0.004183333	0.004083588	0.995816667	0.004083588	0.391095714	0.3163668
DACOMP	20	500	abundant	1	0.947368421	0	0	0	0	0	0	0	0	0	1	0	0	0
DACOMP	20	500	abundant	10	0.943084211	0.004514929	0.402049971	0.108786188	0.1637	0.065096064	0.227310645	0.077643873	0.013616667	0.005116664	0.986383333	0.005116664	0.592950029	0.113109379
DACOMP	20	500	abundant	2	0.947373684	0.000373058	0.005416667	0.057926615	9.00E-04	0.009467745	0.001542957	0.016269078	4.44E-05	0.000496154	0.999955556	0.000496154	0.004583333	0.05026278
DACOMP	20	500	abundant	5	0.945847368	0.003272533	0.262903763	0.233416246	0.0624	0.064739447	0.097484294	0.095484209	0.005072222	0.005139143	0.994927778	0.005139143	0.382096237	0.311462842
DACOMP	20	800	abundant	1	0.918367347	0	0	0	0	0	0	0	0	0	1	0	0	0
DACOMP	20	800	abundant	10	0.915540816	0.003824467	0.394100044	0.148689127	0.078	0.040183311	0.127726385	0.060226688	0.010011111	0.004750738	0.989988889	0.004750738	0.560899956	0.172198058
DACOMP	20	800	abundant	2	0.918367347	0	0.0025	0.035355339	0.00025	0.003535534	0.000454545	0.006428243	2.22E-05	0.00031427	0.999977778	0.00031427	0.0025	0.035355339
DACOMP	20	800	abundant	5	0.917464286	0.002324138	0.185931137	0.233304457	0.0220625	0.031527723	0.038598369	0.053444722	0.002944444	0.00385665	0.997055556	0.00385665	0.284068863	0.326657828
DACOMP	20	200	abundant	2	0.97823913	0.000242684	0.003	0.031559149	0.00075	0.007889787	0.0012	0.01262366	3.89E-05	0.000391888	0.999961111	0.000391888	0.007	0.070539914
DACOMP	20	200	abundant	5	0.977059783	0.002584177	0.285073746	0.243311362	0.0985	0.096145566	0.141334358	0.128734161	0.003416667	0.00297421	0.996583333	0.00297421	0.444926254	0.320277194
DACOMP	20	200	abundant	10	0.975923913	0.00302326	0.39839669	0.129862877	0.2195	0.090474739	0.278615518	0.103919288	0.007266667	0.002460281	0.992733333	0.002460281	0.59660331	0.133642732
DESeq2	20	200	abundant	1	0.974961957	0.00203096	0.040671988	0.119217369	0.01	0.030075282	0.01484959	0.040914802	0.003594444	0.002238848	0.996405556	0.002238848	0.929328012	0.202500444
DESeq2	20	100	abundant	1	0.987076923	0.002414217	0.058755952	0.1747122	0.019	0.05150011	0.025987262	0.067416854	0.002166667	0.002541912	0.997833333	0.002541912	0.671244048	0.443539347
DESeq2	20	100	abundant	10	0.980730769	0.00470484	0.285664915	0.095686588	0.459	0.138980495	0.347182493	0.10286596	0.013472222	0.004435974	0.986527778	0.004435974	0.714335085	0.095686588
DESeq2	20	100	abundant	2	0.986192308	0.002940784	0.195411762	0.25140083	0.086	0.09926362	0.109093632	0.119483435	0.003805556	0.003125748	0.996194444	0.003125748	0.719588238	0.32860504
DESeq2	20	100	abundant	5	0.982747253	0.004117611	0.293057016	0.118696926	0.373	0.150613486	0.321236055	0.119268419	0.010477778	0.003865905	0.989522222	0.003865905	0.706942984	0.118696926
DESeq2	20	1000	abundant	1	0.69963	0.020335703	0.001459861	0.003447385	0.0029	0.006694331	0.001936303	0.004525685	0.222955556	0.022564764	0.777044444	0.022564764	0.998540139	0.003447385
DESeq2	20	1000	abundant	10	0.651345	0.019043087	0.058557858	0.014417945	0.16495	0.042331516	0.086347374	0.021303254	0.294611111	0.021005422	0.705388889	0.021005422	0.941442142	0.014417945
DESeq2	20	1000	abundant	2	0.694475	0.019273211	0.002896841	0.004918223	0.00605	0.010267649	0.003910121	0.00663059	0.229033333	0.021461378	0.770966667	0.021461378	0.997103159	0.004918223
DESeq2	20	1000	abundant	5	0.67558	0.019043552	0.031209144	0.012566242	0.07515	0.032298506	0.044033152	0.017973394	0.257705556	0.021641226	0.742294444	0.021641226	0.968790856	0.012566242
DESeq2	20	200	abundant	2	0.974576087	0.0027368	0.142845991	0.194347626	0.03775	0.050747552	0.056340581	0.07088386	0.004605556	0.00289699	0.995394444	0.00289699	0.827154009	0.241667959
DESeq2	20	2000	abundant	1	0.210927273	0.039179249	0.000181884	0.000600711	6.00E-04	0.001977258	0.000279015	0.000920823	0.742333333	0.047858799	0.257666667	0.047858799	0.999818116	0.000600711
DESeq2	20	2000	abundant	10	0.116059091	0.038296753	0.025822745	0.006442489	0.105225	0.027147917	0.041450248	0.010374397	0.881533333	0.047229669	0.118466667	0.047229669	0.974177255	0.006442489
DESeq2	20	2000	abundant	2	0.206354545	0.03380638	0.000774269	0.001712766	0.00265	0.00595017	0.001197762	0.002657492	0.748377778	0.041453946	0.251622222	0.041453946	0.999225731	0.001712766
DESeq2	20	2000	abundant	5	0.162368182	0.040132976	0.012234689	0.0045959	0.0452	0.01702673	0.019245047	0.00721381	0.811594444	0.04909739	0.188405556	0.04909739	0.987765311	0.0045959
DESeq2	20	300	abundant	1	0.957822581	0.003657848	0.021829087	0.053061621	0.007166667	0.016667504	0.010545613	0.024388099	0.010488889	0.003755411	0.989511111	0.003755411	0.978170913	0.053061621
DESeq2	20	300	abundant	10	0.948392473	0.00628511	0.262505823	0.058790616	0.3245	0.076310622	0.28821627	0.061623357	0.030811111	0.006177584	0.969188889	0.006177584	0.737494177	0.058790616
DESeq2	20	300	abundant	2	0.957155914	0.003786869	0.053504419	0.08144959	0.021833333	0.033848201	0.030441917	0.046263016	0.011666667	0.003887493	0.988333333	0.003887493	0.946495581	0.08144959
DESeq2	20	300	abundant	5	0.953188172	0.005104009	0.225775094	0.076531896	0.188666667	0.081884559	0.202147942	0.07483469	0.021327778	0.005622376	0.978672222	0.005622376	0.774224906	0.076531896
DESeq2	20	400	abundant	1	0.942239362	0.004834428	0.017420733	0.040774568	0.00675	0.015991125	0.009503635	0.022047609	0.016183333	0.005053934	0.983816667	0.005053934	0.982579267	0.040774568
DESeq2	20	400	abundant	10	0.928489362	0.007928159	0.249050041	0.050773379	0.33475	0.081281739	0.283627883	0.057522141	0.045122222	0.008612243	0.954877778	0.008612243	0.750949959	0.050773379
DESeq2	20	400	abundant	2	0.941260638	0.005567165	0.040535106	0.059742447	0.01825	0.028212003	0.024621944	0.03687119	0.017716667	0.005908076	0.982283333	0.005908076	0.959464894	0.059742447
DESeq2	20	400	abundant	5	0.934505319	0.006877538	0.206090384	0.06119509	0.187125	0.061543051	0.194383226	0.058268724	0.032277778	0.007073699	0.967722222	0.007073699	0.793909616	0.06119509
DESeq2	20	500	abundant	1	0.925263158	0.006463924	0.010681806	0.02559116	0.0047	0.011338111	0.006434209	0.015435794	0.023594444	0.006822102	0.976405556	0.006822102	0.989318194	0.02559116
DESeq2	20	500	abundant	10	0.905894737	0.010610087	0.226295601	0.047246405	0.3207	0.069582459	0.263920109	0.052498985	0.061594444	0.010969832	0.938405556	0.010969832	0.773704399	0.047246405
DESeq2	20	500	abundant	2	0.923878947	0.007391868	0.033972725	0.046244963	0.0167	0.023363202	0.022038892	0.030200376	0.025722222	0.007805049	0.974277778	0.007805049	0.966027275	0.046244963
DESeq2	20	500	abundant	5	0.9158	0.008666735	0.189934753	0.057046731	0.1828	0.064287045	0.184512521	0.057260394	0.043477778	0.009205898	0.956522222	0.009205898	0.810065247	0.057046731
DESeq2	20	800	abundant	1	0.767867347	0.014536235	0.001272864	0.003173723	0.00225	0.005570471	0.001623282	0.004034306	0.164077778	0.015728129	0.835922222	0.015728129	0.998727136	0.003173723
DESeq2	20	800	abundant	10	0.730785714	0.01886292	0.065791826	0.017718795	0.1740625	0.049015712	0.095340005	0.025743954	0.219727778	0.020539439	0.780272222	0.020539439	0.934208174	0.017718795
DESeq2	20	800	abundant	2	0.76597449	0.014458497	0.003245647	0.006425618	0.0063125	0.012962396	0.004279843	0.00857139	0.1665	0.015870916	0.8335	0.015870916	0.996754353	0.006425618
DESeq2	20	800	abundant	5	0.749765306	0.016619925	0.034549063	0.01583587	0.0770625	0.036227954	0.047613292	0.021873581	0.190438889	0.018314042	0.809561111	0.018314042	0.965450937	0.01583587
DESeq2	20	200	abundant	5	0.970342391	0.004248898	0.294246768	0.098216506	0.2585	0.105634004	0.270060778	0.093764402	0.013838889	0.004284963	0.986161111	0.004284963	0.705753232	0.098216506
DESeq2	20	200	abundant	10	0.968065217	0.004794065	0.321313988	0.074217905	0.4125	0.111155421	0.357804026	0.081659851	0.019588889	0.004641513	0.980411111	0.004641513	0.678686012	0.074217905
edgeR	20	100	abundant	1	0.994875	0.000499368	0.063095238	0.22808126	0.01	0.033333333	0.016041189	0.053032632	0.000175879	0.000536275	0.999824121	0.000536275	0.156904762	0.354868419
edgeR	20	100	abundant	2	0.99494	0.000977732	0.353266955	0.405106226	0.093	0.115692906	0.135495335	0.157626667	0.000527638	0.000998341	0.999472362	0.000998341	0.256733045	0.355081038
edgeR	20	100	abundant	5	0.99676	0.001915487	0.687250788	0.182467955	0.782	0.152010101	0.716306209	0.139606526	0.002160804	0.001747336	0.997839196	0.001747336	0.312749212	0.182467955
edgeR	20	100	abundant	10	0.9958	0.002227015	0.596818499	0.172911535	0.879	0.096708455	0.694246296	0.118763617	0.003613065	0.002291916	0.996386935	0.002291916	0.403181501	0.172911535
edgeR	20	200	abundant	1	0.98982	0.000489898	0.069	0.188100255	0.01	0.029301636	0.017072803	0.048788283	0.000282828	0.000514251	0.999717172	0.000514251	0.251	0.400489459
edgeR	20	200	abundant	2	0.99016	0.00072083	0.351291667	0.399884914	0.0585	0.081045878	0.093844837	0.119818739	0.000429293	0.000740375	0.999570707	0.000740375	0.238708333	0.336574693
edgeR	20	200	abundant	5	0.991395	0.002275579	0.622617925	0.175834662	0.47	0.099493668	0.524039745	0.101479792	0.003338384	0.002041636	0.996661616	0.002041636	0.377382075	0.175834662
edgeR	20	200	abundant	10	0.99031	0.002007285	0.533163895	0.119977832	0.57	0.095081039	0.54184376	0.07421484	0.005444444	0.002037448	0.994555556	0.002037448	0.466836105	0.119977832
edgeR	20	300	abundant	1	0.984945	0.000264909	0.0415	0.170667387	0.003666667	0.014903355	0.006620906	0.026709448	0.000111675	0.000293781	0.999888325	0.000293781	0.1285	0.319478874
edgeR	20	300	abundant	2	0.98502	0.000873053	0.290861416	0.384321623	0.036666667	0.055150035	0.061972321	0.089175925	0.000538071	0.000865248	0.999461929	0.000865248	0.289138584	0.383369549
edgeR	20	300	abundant	5	0.98611	0.002253594	0.588439529	0.156878412	0.321333333	0.073017379	0.409078353	0.083689058	0.003766497	0.001968204	0.996233503	0.001968204	0.411560471	0.156878412
edgeR	20	300	abundant	10	0.98534	0.002229146	0.535322645	0.124982702	0.377333333	0.072610456	0.435253983	0.069946759	0.005401015	0.002210309	0.994598985	0.002210309	0.464677355	0.124982702
edgeR	20	400	abundant	1	0.97994	0.00038455	0.085166667	0.246375465	0.00525	0.016007811	0.009554299	0.028421299	0.000168367	0.000475831	0.999831633	0.000475831	0.114833333	0.290987858
edgeR	20	400	abundant	2	0.98008	0.000821799	0.325786372	0.400024154	0.035	0.049236596	0.059362931	0.078934069	0.000632653	0.001162811	0.999367347	0.001162811	0.204213628	0.319848356
edgeR	20	400	abundant	5	0.9821	0.002938769	0.621779307	0.161871847	0.32225	0.076532739	0.417521871	0.087976257	0.004433673	0.002473779	0.995566327	0.002473779	0.378220693	0.161871847
edgeR	20	400	abundant	10	0.98058	0.002531339	0.537860336	0.106587496	0.37475	0.060144502	0.435302139	0.054128012	0.007056122	0.002700774	0.992943878	0.002700774	0.462139664	0.106587496
edgeR	20	500	abundant	1	0.974905	0.000412525	0.058638889	0.176283924	0.0052	0.016235639	0.0093745	0.028811721	0.000230769	0.000575663	0.999769231	0.000575663	0.131361111	0.300958505
edgeR	20	500	abundant	2	0.975095	0.000965817	0.336948413	0.371011302	0.0338	0.041845797	0.059181879	0.070496616	0.000769231	0.001137398	0.999230769	0.001137398	0.273051587	0.335377265
edgeR	20	500	abundant	5	0.976985	0.003094843	0.594126965	0.139187875	0.3168	0.058514955	0.407342907	0.065001756	0.006087179	0.002903381	0.993912821	0.002903381	0.405873035	0.139187875
edgeR	20	500	abundant	10	0.97569	0.002959986	0.539362575	0.114732972	0.3412	0.068450085	0.410642999	0.062100002	0.008041026	0.00322437	0.991958974	0.00322437	0.460637425	0.114732972
edgeR	20	800	abundant	1	0.959945	0.000419806	0.10725	0.260505032	0.004125	0.010519192	0.007795723	0.019674871	0.000229167	0.000574946	0.999770833	0.000574946	0.12275	0.282698474
edgeR	20	800	abundant	2	0.96009	0.000820754	0.314178571	0.421271133	0.01125	0.019258672	0.021189148	0.035380324	0.000375	0.000702604	0.999625	0.000702604	0.205821429	0.353458019
edgeR	20	800	abundant	5	0.9616	0.002701477	0.597806931	0.149100206	0.150875	0.037320911	0.238097553	0.052752349	0.004619792	0.002342908	0.995380208	0.002342908	0.402193069	0.149100206
edgeR	20	800	abundant	10	0.960085	0.002372033	0.52085779	0.115509238	0.176625	0.036352606	0.260024933	0.043226836	0.007270833	0.002637019	0.992729167	0.002637019	0.47914221	0.115509238
edgeR	20	1000	abundant	1	0.94988	0.000628129	0.098519608	0.244892308	0.0027	0.007227193	0.005139625	0.013462502	0.000268421	0.000827948	0.999731579	0.000827948	0.141480392	0.304880696
edgeR	20	1000	abundant	2	0.9502	0.001424887	0.421927406	0.413648662	0.0191	0.021977721	0.0357594	0.040216907	0.000794737	0.00143016	0.999205263	0.00143016	0.288072594	0.363173815
edgeR	20	1000	abundant	5	0.951895	0.002930418	0.593567761	0.136947078	0.1442	0.033369072	0.229681427	0.047580621	0.005594737	0.002586704	0.994405263	0.002586704	0.406432239	0.136947078
edgeR	20	1000	abundant	10	0.95065	0.002508068	0.536259089	0.103247515	0.1652	0.032176282	0.249486777	0.039999822	0.008010526	0.002888161	0.991989474	0.002888161	0.463740911	0.103247515
edgeR	20	2000	abundant	1	0.89985	0.00055732	0.074285714	0.21207723	0.0013	0.003379977	0.002537357	0.006588132	0.000311111	0.000794827	0.999688889	0.000794827	0.125714286	0.294168648
edgeR	20	2000	abundant	2	0.900085	0.001407152	0.338866516	0.38170602	0.01025	0.013639941	0.0195811	0.025676022	0.001044444	0.001645545	0.998955556	0.001645545	0.271133484	0.34498808
edgeR	20	2000	abundant	5	0.903065	0.003710247	0.623342529	0.149440691	0.09345	0.018972268	0.16121997	0.030295784	0.006977778	0.0037107	0.993022222	0.0037107	0.376657471	0.149440691
edgeR	20	2000	abundant	10	0.89995	0.003303274	0.517686269	0.105555939	0.10055	0.019041356	0.166623707	0.026720131	0.011227778	0.004314381	0.988772222	0.004314381	0.482313731	0.105555939
fastANCOM	20	200	abundant	1	0.97826087	0	0	0	0	0	0	0	0	0	1	0	0	0
fastANCOM	20	200	abundant	2	0.978255435	7.69E-05	0	0	0	0	0	0	5.56E+06	7.86E-05	0.999994444	7.86E-05	0.005	0.070710678
fastANCOM	20	100	abundant	1	0.989010989	0	0	0	0	0	0	0	0	0	1	0	0	0
fastANCOM	20	100	abundant	10	0.987978022	0.00191967	0.344829906	0.252699225	0.163	0.128113486	0.209713679	0.151092007	0.002855556	0.002085433	0.997144444	0.002085433	0.530170094	0.295196276
fastANCOM	20	100	abundant	2	0.989027473	0.000205438	0.025	0.156516732	0.0025	0.015651673	0.004545455	0.028457588	1.11E-05	0.000110832	0.999988889	0.000110832	0.01	0.099748427
fastANCOM	20	100	abundant	5	0.988862637	0.000872174	0.128916667	0.28806754	0.028	0.063530944	0.043848693	0.096486173	0.000461111	0.000913652	0.999538889	0.000913652	0.206083333	0.366819587
fastANCOM	20	1000	abundant	1	0.900005	7.07E-05	0.005	0.070710678	5.00E-05	0.000707107	9.90E-05	0.001400211	0	0	1	0	0	0
fastANCOM	20	1000	abundant	10	0.86772	0.097861925	0.321996077	0.251887086	0.04945	0.060518675	0.061879435	0.049104272	0.041361111	0.11438561	0.958638889	0.11438561	0.598003923	0.292640889
fastANCOM	20	1000	abundant	2	0.899995	0.000158431	0.01	0.099748427	1.00E-04	0.000997484	0.00019802	0.001975216	1.67E-05	0.000135397	0.999983333	0.000135397	0.015	0.121857483
fastANCOM	20	1000	abundant	5	0.893115	0.046802394	0.166879459	0.311147928	0.0091	0.025286102	0.012549019	0.025311598	0.008661111	0.054369506	0.991338889	0.054369506	0.263120541	0.389802661
fastANCOM	20	2000	abundant	1	0.81475	0.048533238	0.000101652	0.001437574	4.00E-04	0.005656854	0.000162107	0.002292545	0.004283333	0.060575481	0.995716667	0.060575481	0.004898348	0.069273104
fastANCOM	20	2000	abundant	10	0.692336364	0.291492883	0.318804712	0.231679492	0.054625	0.082208733	0.045936661	0.032854348	0.16595	0.373744786	0.83405	0.373744786	0.621195288	0.26816039
fastANCOM	20	2000	abundant	2	0.807477273	0.086904939	0.004474212	0.042442924	0.0013	0.010564946	0.000592354	0.004284253	0.013372222	0.108454127	0.986627778	0.108454127	0.030525788	0.164522045
fastANCOM	20	2000	abundant	5	0.791231818	0.141303957	0.16175534	0.303502453	0.008875	0.03183436	0.008084073	0.016735402	0.034911111	0.179452274	0.965088889	0.179452274	0.28824466	0.402532556
fastANCOM	20	300	abundant	1	0.967736559	7.60E-05	0	0	0	0	0	0	5.56E+06	7.86E-05	0.999994444	7.86E-05	0.005	0.070710678
fastANCOM	20	300	abundant	10	0.96555914	0.004480908	0.359539755	0.230329804	0.086	0.063435957	0.131844962	0.089510947	0.005122222	0.005003616	0.994877778	0.005003616	0.590460245	0.254275173
fastANCOM	20	300	abundant	2	0.967725806	0.000252288	0.01	0.099748427	0.000333333	0.003324948	0.000645161	0.006435382	2.78E-05	0.000234647	0.999972222	0.000234647	0.015	0.121857483
fastANCOM	20	300	abundant	5	0.967413978	0.001220521	0.171916667	0.303072369	0.017833333	0.035816628	0.030683575	0.058461378	0.000933333	0.001537181	0.999066667	0.001537181	0.308083333	0.403751582
fastANCOM	20	400	abundant	1	0.957446809	0	0	0	0	0	0	0	0	0	1	0	0	0
fastANCOM	20	400	abundant	10	0.952973404	0.012390363	0.382679985	0.192797049	0.107625	0.070318617	0.155701512	0.086734468	0.009455556	0.014263998	0.990544444	0.014263998	0.607320015	0.198565835
fastANCOM	20	400	abundant	2	0.957207447	0.003093653	0.007616279	0.078903901	0.000375	0.003046437	0.00060248	0.005089722	0.000266667	0.003308562	0.999733333	0.003308562	0.022383721	0.143604409
fastANCOM	20	400	abundant	5	0.957053191	0.001579392	0.21673575	0.31838022	0.020375	0.033818677	0.035684508	0.056589254	0.001316667	0.001983484	0.998683333	0.001983484	0.32826425	0.390341433
fastANCOM	20	500	abundant	1	0.947347368	0.000181556	0.00125	0.01767767	1.00E-04	0.001414214	0.000185185	0.002618914	2.78E-05	0.000259744	0.999972222	0.000259744	0.01375	0.112636015
fastANCOM	20	500	abundant	10	0.939447368	0.019730767	0.366660886	0.171239631	0.1096	0.068316732	0.154568404	0.078784079	0.01445	0.022719041	0.98555	0.022719041	0.618339114	0.181981195
fastANCOM	20	500	abundant	2	0.947373684	0.000129136	0.01	0.099748427	2.00E-04	0.001994969	0.000392157	0.003911703	5.56E+06	7.86E-05	0.999994444	7.86E-05	0.005	0.070710678
fastANCOM	20	500	abundant	5	0.946489474	0.0056777	0.247995541	0.337994717	0.0207	0.033632809	0.035436321	0.053634549	0.002077778	0.00668554	0.997922222	0.00668554	0.322004459	0.382392707
fastANCOM	20	800	abundant	1	0.918367347	0	0	0	0	0	0	0	0	0	1	0	0	0
fastANCOM	20	800	abundant	10	0.901010204	0.063284076	0.334285874	0.224517216	0.047625	0.051323409	0.067508306	0.048748247	0.023133333	0.072508325	0.976866667	0.072508325	0.585714126	0.265750479
fastANCOM	20	800	abundant	2	0.918357143	0.000204338	0.01	0.099748427	0.000125	0.001246855	0.000246914	0.002462924	2.22E-05	0.000191642	0.999977778	0.000191642	0.015	0.121857483
fastANCOM	20	800	abundant	5	0.912520408	0.03871389	0.147313473	0.290301892	0.007625	0.020506694	0.010896164	0.020818459	0.007044444	0.043670316	0.992955556	0.043670316	0.337686527	0.427562843
fastANCOM	20	200	abundant	5	0.978005435	0.001100406	0.146345238	0.306355281	0.0185	0.039883625	0.031482773	0.065981624	0.000672222	0.001167723	0.999327778	0.001167723	0.258654762	0.401264906
fastANCOM	20	200	abundant	10	0.976576087	0.003009482	0.348935457	0.212375565	0.1295	0.096443021	0.180260736	0.122336933	0.0046	0.003411588	0.9954	0.003411588	0.581064543	0.247858972
LEfSe	20	200	abundant	1	0.97826087	0	0	0	0	0	0	0	0	0	1	0	0	0
LEfSe	20	200	abundant	2	0.97825	0.000217664	0.01	0.099748427	5.00E-04	0.004987421	0.000952381	0.00949985	2.22E-05	0.000191642	0.999977778	0.000191642	0.015	0.121857483
LEfSe	20	100	abundant	1	0.988926458	0.00060006	0.004700855	0.050900921	0.001538462	0.015979765	0.00231051	0.024245493	0.000102564	0.000629846	0.999897436	0.000629846	0.036324786	0.181861941
LEfSe	20	100	abundant	10	0.984928571	0.003920384	0.300593341	0.157546714	0.27	0.165944836	0.267062291	0.135661359	0.007127778	0.004572794	0.992872222	0.004572794	0.689406659	0.169495247
LEfSe	20	100	abundant	2	0.988994423	0.000390124	0.028559464	0.144272787	0.006532663	0.034924705	0.010160192	0.052512669	8.93E-05	0.000408123	0.999910664	0.000408123	0.041792295	0.182150064
LEfSe	20	100	abundant	5	0.988186813	0.002180477	0.257537667	0.3094729	0.104	0.13406666	0.135723732	0.16065158	0.001988889	0.002560975	0.998011111	0.002560975	0.452462333	0.390622184
LEfSe	20	1000	abundant	1	0.9	0	0	0	0	0	0	0	0	0	1	0	0	0
LEfSe	20	1000	abundant	10	0.89934	0.001939901	0.146288415	0.224569127	0.01215	0.022923896	0.021796652	0.0390242	0.002083333	0.003461947	0.997916667	0.003461947	0.228711585	0.319694605
LEfSe	20	1000	abundant	2	0.9	0	0	0	0	0	0	0	0	0	1	0	0	0
LEfSe	20	1000	abundant	5	0.899975	0.000307976	0.015333333	0.096031821	0.00065	0.004019738	0.001234999	0.007585812	1.00E-04	0.000591417	0.9999	0.000591417	0.019666667	0.115865399
LEfSe	20	2000	abundant	1	0.818181818	0	0	0	0	0	0	0	0	0	1	0	0	0
LEfSe	20	2000	abundant	10	0.817981818	0.001094254	0.099816004	0.202379793	0.0053	0.011942492	0.009946706	0.02215813	0.001422222	0.003067089	0.998577778	0.003067089	0.125183996	0.246407325
LEfSe	20	2000	abundant	2	0.818181818	0	0	0	0	0	0	0	0	0	1	0	0	0
LEfSe	20	2000	abundant	5	0.818190909	0.000288057	0.005375	0.056035114	0.00025	0.002687679	0.000477564	0.005126996	4.44E-05	0.000457106	0.999955556	0.000457106	0.004625	0.048925483
LEfSe	20	300	abundant	1	0.967741935	0	0	0	0	0	0	0	0	0	1	0	0	0
LEfSe	20	300	abundant	10	0.966435484	0.002513947	0.326475234	0.271985491	0.065166667	0.061554178	0.102560114	0.089875648	0.003522222	0.00327439	0.996477778	0.00327439	0.503524766	0.322840171
LEfSe	20	300	abundant	2	0.967715054	0.000251365	0	0	0	0	0	0	2.78E-05	0.000259744	0.999972222	0.000259744	0.015	0.121857483
LEfSe	20	300	abundant	5	0.967682796	0.00112645	0.154424603	0.29872183	0.017833333	0.038083264	0.030725182	0.06309321	0.000655556	0.001314165	0.999344444	0.001314165	0.190575397	0.336203049
LEfSe	20	400	abundant	1	0.957446809	0	0	0	0	0	0	0	0	0	1	0	0	0
LEfSe	20	400	abundant	10	0.955829787	0.002912852	0.290366442	0.236512906	0.069875	0.06855918	0.107165926	0.095156154	0.004794444	0.004729257	0.995205556	0.004729257	0.444633558	0.311487675
LEfSe	20	400	abundant	2	0.957367021	0.001206312	0.003611111	0.047284175	0.000375	0.003944894	0.00063753	0.007003624	1.00E-04	0.001337561	0.9999	0.001337561	0.006388889	0.070707936
LEfSe	20	400	abundant	5	0.957367021	0.000988671	0.08201357	0.210607215	0.00925	0.025101553	0.016130828	0.042683508	0.000494444	0.001484864	0.999505556	0.001484864	0.08798643	0.222121105
LEfSe	20	500	abundant	1	0.947368421	0	0	0	0	0	0	0	0	0	1	0	0	0
LEfSe	20	500	abundant	10	0.945310526	0.003382307	0.30228361	0.223523898	0.0628	0.060151902	0.098655974	0.086897986	0.005661111	0.005148815	0.994338889	0.005148815	0.47271639	0.297494552
LEfSe	20	500	abundant	2	0.947368421	0	0	0	0	0	0	0	0	0	1	0	0	0
LEfSe	20	500	abundant	5	0.947121053	0.001450674	0.1270386	0.237738679	0.0132	0.026329188	0.023432683	0.045917815	0.000994444	0.001987608	0.999005556	0.001987608	0.1579614	0.280607529
LEfSe	20	800	abundant	1	0.918367347	0	0	0	0	0	0	0	0	0	1	0	0	0
LEfSe	20	800	abundant	10	0.917918367	0.001695291	0.169578644	0.262272891	0.0128125	0.021245658	0.023299427	0.037897319	0.001627778	0.002663774	0.998372222	0.002663774	0.235421356	0.328877409
LEfSe	20	800	abundant	2	0.918367347	0	0	0	0	0	0	0	0	0	1	0	0	0
LEfSe	20	800	abundant	5	0.918316327	0.000508921	0.029134921	0.125358896	0.00125	0.005742594	0.002364512	0.010760705	0.000166667	0.000785674	0.999833333	0.000785674	0.040865079	0.163336217
LEfSe	20	200	abundant	5	0.977907609	0.001403695	0.222208333	0.32568455	0.03425	0.052470978	0.056682915	0.083926215	0.001122222	0.001587023	0.998877778	0.001587023	0.337791667	0.396462676
LEfSe	20	200	abundant	10	0.975967391	0.002917404	0.355566111	0.205329383	0.14875	0.100680786	0.198779806	0.119151982	0.00565	0.003389216	0.99435	0.003389216	0.594433889	0.232730663
limma_voom	20	200	abundant	1	0.978	0.001017791	0.02	0.111534648	0.00225	0.012578897	0.003977508	0.021996406	0.000316667	0.001053077	0.999683333	0.001053077	0.12	0.314439403
limma_voom	20	200	abundant	2	0.977418478	0.004177113	0.016014437	0.106057263	0.00275	0.014351562	0.003683212	0.017455595	0.000922222	0.004447389	0.999077778	0.004447389	0.123985563	0.323372728
limma_voom	20	100	abundant	1	0.988945055	0.00032382	0.015416667	0.109270684	0.0025	0.015651673	0.004135032	0.026002569	9.44E-05	0.000382272	0.999905556	0.000382272	0.064583333	0.239584471
limma_voom	20	100	abundant	10	0.985642857	0.002950055	0.34838153	0.12878086	0.3315	0.128218367	0.333814996	0.117588	0.007088889	0.00269315	0.992911111	0.00269315	0.65161847	0.12878086
limma_voom	20	100	abundant	2	0.988796703	0.001043367	0.063083333	0.209535909	0.015	0.048856265	0.023801032	0.077259368	0.000383333	0.001018457	0.999616667	0.001018457	0.161916667	0.34768669
limma_voom	20	100	abundant	5	0.987785714	0.002340027	0.385925685	0.24186874	0.2	0.139633404	0.250236647	0.156269909	0.003461111	0.002108119	0.996538889	0.002108119	0.599074315	0.248422591
limma_voom	20	1000	abundant	1	0.858685	0.127973167	0.016617184	0.085738806	0.0145	0.047221812	0.006576438	0.017903885	0.047516667	0.146980401	0.952483333	0.146980401	0.188382816	0.380251259
limma_voom	20	1000	abundant	10	0.77157	0.202405248	0.282886262	0.169116976	0.16455	0.138043754	0.129960701	0.052067942	0.160983333	0.239358781	0.839016667	0.239358781	0.702113738	0.186870447
limma_voom	20	1000	abundant	2	0.859645	0.123899209	0.045879183	0.161249837	0.0166	0.049646388	0.008688427	0.020421328	0.046683333	0.142798311	0.953316667	0.142798311	0.274120817	0.426597869
limma_voom	20	1000	abundant	5	0.84141	0.140738797	0.246058688	0.265279345	0.0547	0.081696275	0.048331286	0.046423207	0.071177778	0.164678355	0.928822222	0.164678355	0.558941312	0.362893698
limma_voom	20	2000	abundant	1	0.754481818	0.23933046	0.048412421	0.183014543	0.01685	0.060359705	0.006956161	0.021188796	0.0816	0.30530745	0.9184	0.30530745	0.136587579	0.325143347
limma_voom	20	2000	abundant	10	0.587077273	0.414278914	0.309487489	0.163159077	0.148175	0.159196457	0.110056716	0.042829285	0.315388889	0.540694073	0.684611111	0.540694073	0.680512511	0.17421188
limma_voom	20	2000	abundant	2	0.722622727	0.284325444	0.047722376	0.16176637	0.025875	0.073153033	0.010216994	0.025633839	0.122544444	0.363303606	0.877455556	0.363303606	0.232277624	0.399644685
limma_voom	20	2000	abundant	5	0.672159091	0.353745492	0.261244301	0.260885248	0.063975	0.117996569	0.040612213	0.041137263	0.192688889	0.457792175	0.807311111	0.457792175	0.548755699	0.350660501
limma_voom	20	300	abundant	1	0.964860215	0.011491231	0.007950796	0.074710226	0.001666667	0.00801311	0.001801171	0.008870581	0.003033333	0.012052118	0.996966667	0.012052118	0.177049204	0.379591042
limma_voom	20	300	abundant	10	0.946844086	0.029482071	0.291783016	0.162687544	0.209166667	0.103157169	0.210701059	0.082877649	0.028566667	0.032521586	0.971433333	0.032521586	0.708216984	0.162687544
limma_voom	20	300	abundant	2	0.964048387	0.012730777	0.024881728	0.120301299	0.0065	0.021835766	0.007468005	0.024949831	0.004033333	0.013608418	0.995966667	0.013608418	0.220118272	0.403257628
limma_voom	20	300	abundant	5	0.959403226	0.018827274	0.262248952	0.275732726	0.076333333	0.082506112	0.093920491	0.085208911	0.011161111	0.021282853	0.988838889	0.021282853	0.572751048	0.357097792
limma_voom	20	400	abundant	1	0.951739362	0.01962393	0.011049387	0.076552016	0.004375	0.017974979	0.003843537	0.013607137	0.006155556	0.021082981	0.993844444	0.021082981	0.223950613	0.411762174
limma_voom	20	400	abundant	10	0.926095745	0.041760623	0.289069414	0.147632143	0.22175	0.101040753	0.21535537	0.080944007	0.0426	0.046351658	0.9574	0.046351658	0.710930586	0.147632143
limma_voom	20	400	abundant	2	0.952728723	0.01679883	0.042814497	0.181356492	0.007125	0.024088601	0.007760478	0.024303858	0.005244444	0.01835237	0.994755556	0.01835237	0.212185503	0.399631898
limma_voom	20	400	abundant	5	0.94806383	0.024190209	0.261022203	0.263365322	0.061875	0.066872784	0.083116814	0.076183397	0.01255	0.027052118	0.98745	0.027052118	0.563977797	0.350206996
limma_voom	20	500	abundant	1	0.939315789	0.026254199	0.010458072	0.080782961	0.0029	0.012584987	0.002671564	0.012173605	0.008661111	0.028148679	0.991338889	0.028148679	0.194541928	0.391928518
limma_voom	20	500	abundant	10	0.906594737	0.054909345	0.284913141	0.14377215	0.2262	0.098294808	0.216270543	0.073151265	0.055605556	0.061733071	0.944394444	0.061733071	0.710086859	0.151019809
limma_voom	20	500	abundant	2	0.943405263	0.017135431	0.05671763	0.203435848	0.0051	0.015530486	0.006836314	0.019347943	0.004466667	0.018693262	0.995533333	0.018693262	0.20328237	0.387800291
limma_voom	20	500	abundant	5	0.930342105	0.038236205	0.28684171	0.246917801	0.079	0.076840892	0.097342303	0.074563858	0.022361111	0.043311629	0.977638889	0.043311629	0.61315829	0.306209139
limma_voom	20	800	abundant	1	0.898760204	0.077455349	0.016071285	0.078079287	0.0088125	0.032480123	0.0052051	0.016240146	0.022133333	0.086992498	0.977866667	0.086992498	0.183928715	0.375575722
limma_voom	20	800	abundant	10	0.819096939	0.159487999	0.29142652	0.184511487	0.161	0.137185914	0.129927043	0.055531324	0.122405556	0.184863294	0.877594444	0.184863294	0.70357348	0.190040993
limma_voom	20	800	abundant	2	0.878637755	0.106708938	0.046136159	0.165076597	0.0185625	0.04854959	0.010823001	0.023543207	0.044911111	0.119805111	0.955088889	0.119805111	0.233863841	0.403848276
limma_voom	20	800	abundant	5	0.859188776	0.125826346	0.198452409	0.245568618	0.060125	0.091422232	0.046329223	0.045902238	0.069783333	0.144449671	0.930216667	0.144449671	0.596547591	0.377257944
limma_voom	20	200	abundant	5	0.974722826	0.007171246	0.296928682	0.282937978	0.09825	0.091384865	0.13035602	0.109780118	0.0058	0.008260268	0.9942	0.008260268	0.558071318	0.343671153
limma_voom	20	200	abundant	10	0.969228261	0.011567288	0.315147907	0.14267899	0.2515	0.112521355	0.263020293	0.102791462	0.014822222	0.012616325	0.985177778	0.012616325	0.684852093	0.14267899
LinDA	20	200	abundant	1	0.978228261	0.000264908	0.011666667	0.096721812	0.00125	0.010559118	0.002215321	0.018564062	6.11E-05	0.000253947	0.999938889	0.000253947	0.048333333	0.209749791
LinDA	20	200	abundant	2	0.978092391	0.000865579	0.047547619	0.202199348	0.00325	0.012357225	0.0058736	0.022416296	0.000244444	0.000939645	0.999755556	0.000939645	0.102452381	0.296290638
LinDA	20	100	abundant	1	0.988868132	0.00063582	0.010714286	0.086746004	0.002	0.014035132	0.003163993	0.022467404	0.000166667	0.000693397	0.999833333	0.000693397	0.084285714	0.272839872
LinDA	20	100	abundant	10	0.984208791	0.003707061	0.314883271	0.125203732	0.3325	0.127574001	0.315795907	0.11397336	0.00855	0.003604626	0.99145	0.003604626	0.685116729	0.125203732
LinDA	20	100	abundant	2	0.988763736	0.000842157	0.091996753	0.244701703	0.0205	0.055181291	0.031132348	0.078632877	0.000477778	0.001059728	0.999522222	0.001059728	0.208003247	0.376153601
LinDA	20	100	abundant	5	0.986923077	0.003185299	0.346928027	0.22623025	0.203	0.135953731	0.242987711	0.151503396	0.004366667	0.003155522	0.995633333	0.003155522	0.628071973	0.241338029
LinDA	20	1000	abundant	1	0.900005	7.07E-05	0.005	0.070710678	5.00E-05	0.000707107	9.90E-05	0.001400211	0	0	1	0	0	0
LinDA	20	1000	abundant	10	0.89804	0.003357793	0.365904995	0.223575844	0.04255	0.032700829	0.074292069	0.053643232	0.006905556	0.004644944	0.993094444	0.004644944	0.564095005	0.252842191
LinDA	20	1000	abundant	2	0.89998	0.000282843	0.0275	0.160068296	3.00E-04	0.001710153	0.000593089	0.003380931	5.56E-05	0.000267104	0.999944444	0.000267104	0.0425	0.199102887
LinDA	20	1000	abundant	5	0.89967	0.001477163	0.227045788	0.334705616	0.008	0.013147788	0.015166684	0.024558764	0.001255556	0.001884795	0.998744444	0.001884795	0.347954212	0.40456415
LinDA	20	200	abundant	5	0.976755435	0.002965618	0.349635699	0.299445778	0.079	0.071128732	0.119507283	0.097287032	0.003294444	0.003444773	0.996705556	0.003444773	0.545364301	0.332148387
LinDA	20	2000	abundant	1	0.818186364	6.43E-05	0.005	0.070710678	2.50E-05	0.000353553	4.98E-05	0.000703589	0	0	1	0	0	0
LinDA	20	2000	abundant	10	0.816340909	0.002803766	0.383198188	0.203242908	0.0231	0.017324569	0.042751201	0.030802103	0.007383333	0.005100756	0.992616667	0.005100756	0.576801812	0.221564302
LinDA	20	2000	abundant	2	0.818140909	0.000344608	0.0115	0.088639919	0.00015	0.001218575	0.000291618	0.002345085	8.33E-05	0.000619567	0.999916667	0.000619567	0.0285	0.155753155
LinDA	20	2000	abundant	5	0.817827273	0.001390522	0.185274531	0.306078334	0.004275	0.008150554	0.00822397	0.01541955	0.001383333	0.002385143	0.998616667	0.002385143	0.289725469	0.38574117
LinDA	20	300	abundant	1	0.967634409	0.001306966	0.0075	0.078897873	0.000333333	0.003324948	0.000635081	0.006335636	0.000122222	0.001349566	0.999877778	0.001349566	0.0225	0.14438833
LinDA	20	300	abundant	10	0.965091398	0.003462738	0.375702721	0.170880071	0.125666667	0.06894839	0.182132176	0.090932286	0.006927778	0.003699383	0.993072222	0.003699383	0.619297279	0.174425032
LinDA	20	300	abundant	2	0.967677419	0.000465402	0.0425	0.193412954	0.001833333	0.008319083	0.003479655	0.015689583	0.000127778	0.000448024	0.999872222	0.000448024	0.0825	0.269415014
LinDA	20	300	abundant	5	0.967258065	0.001597975	0.283410562	0.31437889	0.037833333	0.050200881	0.063397928	0.078033331	0.001761111	0.001993468	0.998238889	0.001993468	0.421589438	0.373900646
LinDA	20	400	abundant	1	0.957446809	0.0002133	0.015	0.121857483	0.000375	0.003046437	0.000731707	0.005944267	1.67E-05	0.000175329	0.999983333	0.000175329	0.01	0.099748427
LinDA	20	400	abundant	10	0.953143617	0.006444426	0.37439483	0.153536939	0.137	0.074599433	0.19173376	0.089892572	0.010583333	0.007570368	0.989416667	0.007570368	0.62060517	0.157514538
LinDA	20	400	abundant	2	0.957340426	0.001123627	0.037833333	0.174343388	0.001875	0.008659347	0.003347671	0.014778086	0.000194444	0.001397655	0.999805556	0.001397655	0.057166667	0.219043846
LinDA	20	400	abundant	5	0.956638298	0.002199265	0.281763821	0.328793402	0.033	0.042144165	0.056294338	0.068772889	0.002311111	0.002690384	0.997688889	0.002690384	0.458236179	0.39270661
LinDA	20	500	abundant	1	0.947315789	0.000345994	0.0075	0.078897873	2.00E-04	0.001994969	0.000388386	0.003874275	6.67E-05	0.000363343	0.999933333	0.000363343	0.0375	0.187133226
LinDA	20	500	abundant	10	0.942884211	0.004375555	0.381448433	0.121692883	0.1337	0.06532724	0.191853078	0.07975172	0.012161111	0.005159167	0.987838889	0.005159167	0.618551567	0.121692883
LinDA	20	500	abundant	2	0.947305263	0.000574518	0.04	0.177015395	0.0013	0.005698453	0.002493723	0.01086473	0.000138889	0.000619567	0.999861111	0.000619567	0.06	0.222317121
LinDA	20	500	abundant	5	0.946452632	0.002634613	0.341839228	0.311250507	0.0397	0.042696898	0.067863675	0.06880566	0.003172222	0.003286282	0.996827778	0.003286282	0.463160772	0.347352073
LinDA	20	800	abundant	1	0.918367347	0.00014467	0.01	0.099748427	0.000125	0.001246855	0.000246914	0.002462924	1.11E-05	0.000110832	0.999988889	0.000110832	0.01	0.099748427
LinDA	20	800	abundant	10	0.916545918	0.002939816	0.37938714	0.22005946	0.045375	0.03185803	0.078939994	0.052595906	0.006016667	0.003834917	0.993983333	0.003834917	0.56561286	0.242322203
LinDA	20	800	abundant	2	0.918377551	0.000270459	0.021666667	0.138095444	5.00E-04	0.003277378	0.000972744	0.006362067	3.33E-05	0.000220259	0.999966667	0.000220259	0.018333333	0.125913746
LinDA	20	800	abundant	5	0.917831633	0.001391153	0.176406746	0.294673211	0.0069375	0.01288341	0.013083225	0.02371237	0.0012	0.001712509	0.9988	0.001712509	0.358593254	0.414698372
LinDA	20	200	abundant	10	0.973141304	0.005439249	0.347613563	0.134851468	0.2175	0.095731776	0.257059051	0.096533378	0.010066667	0.005649831	0.989933333	0.005649831	0.652386437	0.134851468
MaAsLin2	20	200	abundant	1	0.978244565	0.000203205	0.010833333	0.091634302	0.00125	0.010559118	0.002179089	0.018231363	4.44E-05	0.000245058	0.999955556	0.000245058	0.029166667	0.161509404
MaAsLin2	20	200	abundant	2	0.978201087	0.000557738	0.070166667	0.249788241	0.004	0.013598699	0.007479804	0.02545567	0.00015	0.000542018	0.99985	0.000542018	0.084833333	0.273586872
MaAsLin2	20	200	abundant	5	0.977070652	0.002271665	0.338105797	0.297329054	0.07425	0.06872447	0.114869311	0.099386807	0.002866667	0.00248916	0.997133333	0.00248916	0.551894203	0.334722969
MaAsLin2	20	100	abundant	1	0.988906593	0.000523694	0.004047619	0.048160951	0.0015	0.015779575	0.002126697	0.023254201	0.000122222	0.000587206	0.999877778	0.000587206	0.065952381	0.245316549
MaAsLin2	20	100	abundant	10	0.983532967	0.004350474	0.296273108	0.124011987	0.3285	0.158946753	0.298240797	0.118507102	0.009188889	0.004791982	0.990811111	0.004791982	0.703726892	0.124011987
MaAsLin2	20	100	abundant	2	0.988873626	0.000632255	0.046416667	0.178075805	0.0095	0.035582024	0.015280386	0.056684838	0.000244444	0.000679022	0.999755556	0.000679022	0.123583333	0.309969638
MaAsLin2	20	100	abundant	5	0.987318681	0.002645908	0.316776154	0.272731259	0.1475	0.129139985	0.186410366	0.149266366	0.00335	0.002845304	0.99665	0.002845304	0.618223846	0.306716322
MaAsLin2	20	1000	abundant	1	0.899994975	7.09E-05	0	0	0	0	0	0	5.58E+06	7.88E-05	0.999994417	7.88E-05	0.005025126	0.070888121
MaAsLin2	20	1000	abundant	10	0.897575	0.003791603	0.39285888	0.178139477	0.05525	0.034494738	0.094553914	0.054790078	0.008833333	0.005088399	0.991166667	0.005088399	0.57714112	0.193105986
MaAsLin2	20	1000	abundant	2	0.899959799	0.000345815	0.015254846	0.114543964	0.000351759	0.002729725	0.000676781	0.005231506	8.38E-05	0.000459545	0.999916248	0.000459545	0.050071788	0.214072754
MaAsLin2	20	1000	abundant	5	0.899472362	0.001702046	0.272528567	0.307700248	0.012613065	0.017002853	0.023564847	0.030745555	0.001987716	0.002432703	0.998012284	0.002432703	0.42093877	0.374702253
MaAsLin2	20	2000	abundant	1	0.818181818	9.16E-05	0.005050505	0.071066905	2.53E-05	0.000355335	5.03E-05	0.000707133	5.61E+06	7.90E-05	0.999994388	7.90E-05	0.005050505	0.071066905
MaAsLin2	20	2000	abundant	10	0.81514847	0.003613589	0.409229927	0.133699	0.03741206	0.020093495	0.067391376	0.034105253	0.012021217	0.005924604	0.987978783	0.005924604	0.585744947	0.136992381
MaAsLin2	20	2000	abundant	2	0.818168044	0.000296492	0.028619529	0.152142815	0.00030303	0.001643041	0.000594555	0.00320443	8.42E-05	0.00054768	0.999915825	0.00054768	0.031986532	0.162254227
MaAsLin2	20	2000	abundant	5	0.817537688	0.001889218	0.258852904	0.308801904	0.007663317	0.010295739	0.014681729	0.019400504	0.002490229	0.003023809	0.997509771	0.003023809	0.424564182	0.38481805
MaAsLin2	20	300	abundant	1	0.967725806	0.00020102	0.0075	0.078897873	0.000333333	0.003324948	0.000635081	0.006335636	2.78E-05	0.000206522	0.999972222	0.000206522	0.0175	0.126585423
MaAsLin2	20	300	abundant	10	0.964942995	0.003295328	0.381708866	0.164804404	0.134840871	0.071875351	0.192073316	0.090066768	0.007386935	0.00365914	0.992613065	0.00365914	0.618291134	0.164804404
MaAsLin2	20	300	abundant	2	0.967634409	0.000528094	0.023928571	0.145573158	0.001333333	0.008075578	0.002445782	0.014615548	0.000155556	0.000589841	0.999844444	0.000589841	0.091071429	0.284449597
MaAsLin2	20	300	abundant	5	0.967098936	0.001874669	0.300012006	0.318975491	0.042043551	0.053203338	0.069752399	0.081796968	0.002065885	0.002230708	0.997934115	0.002230708	0.443706587	0.372501817
MaAsLin2	20	400	abundant	1	0.95743617	0.000184415	0.0075	0.078897873	0.00025	0.002493711	0.000481998	0.004808203	2.22E-05	0.000191642	0.999977778	0.000191642	0.0125	0.105591181
MaAsLin2	20	400	abundant	10	0.95345476	0.004257259	0.387413398	0.133920613	0.145580808	0.074187929	0.202760373	0.084386344	0.010639731	0.005468789	0.989360269	0.005468789	0.612586602	0.133920613
MaAsLin2	20	400	abundant	2	0.957340426	0.001552847	0.037560606	0.171600598	0.002	0.009822546	0.00366477	0.017860809	2.00E-04	0.001677371	0.9998	0.001677371	0.052439394	0.207495785
MaAsLin2	20	400	abundant	5	0.956473404	0.002200655	0.269967659	0.300660218	0.03525	0.04327878	0.059576726	0.06968144	0.002583333	0.00282003	0.997416667	0.00282003	0.490032341	0.378784233
MaAsLin2	20	500	abundant	1	0.947331394	0.000267155	0.005025126	0.070888121	0.000100503	0.001417762	0.000197064	0.002779926	4.47E-05	0.000269846	0.999955332	0.000269846	0.030150754	0.171433285
MaAsLin2	20	500	abundant	10	0.942576038	0.00448544	0.379630902	0.115327726	0.144924623	0.069383063	0.203677341	0.082107873	0.013109994	0.005333357	0.986890006	0.005333357	0.620369098	0.115327726
MaAsLin2	20	500	abundant	2	0.947299656	0.000474013	0.035175879	0.170468292	0.001005025	0.004819465	0.001937372	0.009229744	0.00012842	0.000501536	0.99987158	0.000501536	0.070351759	0.246337571
MaAsLin2	20	500	abundant	5	0.946173684	0.002702153	0.332881434	0.278147419	0.0447	0.045234287	0.075346135	0.071394105	0.003744444	0.003482267	0.996255556	0.003482267	0.537118566	0.322568187
MaAsLin2	20	800	abundant	1	0.918367347	0.000102555	0.005025126	0.070888121	6.28E-05	0.000886102	0.000124077	0.001750324	5.58E+06	7.88E-05	0.999994417	7.88E-05	0.005025126	0.070888121
MaAsLin2	20	800	abundant	10	0.916076531	0.003516242	0.386927169	0.187865694	0.0560625	0.036876677	0.095255638	0.05843492	0.007477778	0.004356628	0.992522222	0.004356628	0.598072831	0.196154581
MaAsLin2	20	800	abundant	2	0.918346939	0.000306208	0.01875	0.127641684	0.0004375	0.002905954	0.000847959	0.005621889	6.11E-05	0.000355707	0.999938889	0.000355707	0.03125	0.168009145
MaAsLin2	20	800	abundant	5	0.917599464	0.001712529	0.234489192	0.295655309	0.011805556	0.016527283	0.022052426	0.030268366	0.001885522	0.002070116	0.998114478	0.002070116	0.452379495	0.394951484
MaAsLin2	20	200	abundant	10	0.974423913	0.003738284	0.360169405	0.132318851	0.215	0.102481767	0.260899589	0.105650857	0.0087	0.003709653	0.9913	0.003709653	0.639830595	0.132318851
metagenomeSeq	20	200	abundant	1	0.989955	0.000189297	0.015	0.111350752	0.001	0.007035265	0.001861472	0.01309956	5.56E-05	0.000188495	0.999944444	0.000188495	0.085	0.275745088
metagenomeSeq	20	200	abundant	2	0.98995	0.000251259	0.021666667	0.122302545	0.002	0.009847319	0.003539794	0.017484009	7.07E-05	0.00029615	0.999929293	0.00029615	0.078333333	0.257823707
metagenomeSeq	20	200	abundant	5	0.99032	0.000705391	0.476825397	0.484185371	0.0465	0.064060814	0.081147786	0.103483609	0.000146465	0.000401578	0.999853535	0.000401578	0.113174603	0.289538632
metagenomeSeq	20	200	abundant	10	0.99155	0.00112479	0.836651515	0.257585515	0.185	0.11066831	0.290425227	0.15046391	0.00030303	0.000497339	0.99969697	0.000497339	0.113348485	0.172684225
metagenomeSeq	20	300	abundant	1	0.984975	0.000148647	0.01	0.1	0.000333333	0.003333333	0.000645161	0.006451613	3.05E-05	0.000141014	0.999969543	0.000141014	0.05	0.219042914
metagenomeSeq	20	300	abundant	2	0.984995	0.00019456	0.06	0.238683257	0.002	0.007956109	0.003870968	0.01539892	3.55E-05	0.000148827	0.999964467	0.000148827	0.06	0.238683257
metagenomeSeq	20	300	abundant	5	0.985485	0.000653101	0.51525	0.465925119	0.040666667	0.044841659	0.073704563	0.07903877	0.000126904	0.000348825	0.999873096	0.000348825	0.06475	0.161136601
metagenomeSeq	20	300	abundant	10	0.987555	0.001488839	0.879096129	0.217462661	0.193333333	0.101060593	0.305755353	0.139257482	0.000350254	0.000623558	0.999649746	0.000623558	0.080903871	0.122636931
metagenomeSeq	20	400	abundant	1	0.97996	0.000153741	0	0	0	0	0	0	4.08E-05	0.000156879	0.999959184	0.000156879	0.07	0.2564324
metagenomeSeq	20	400	abundant	2	0.979965	0.000227581	0.03	0.171446608	0.00075	0.004286165	0.001463415	0.008363249	5.10E-05	0.000211422	0.99994898	0.000211422	0.07	0.2564324
metagenomeSeq	20	400	abundant	5	0.980895	0.000995685	0.630619048	0.447704368	0.053	0.058848376	0.093614	0.097093475	0.000168367	0.000370158	0.999831633	0.000370158	0.069380952	0.174261446
metagenomeSeq	20	400	abundant	10	0.983595	0.001961363	0.888534598	0.155287811	0.21025	0.102746071	0.327373151	0.129791994	0.000622449	0.000886907	0.999377551	0.000886907	0.101465402	0.127138155
metagenomeSeq	20	500	abundant	1	0.97498	0.000223833	0.03	0.156023826	8.00E-04	0.003938928	0.001553544	0.0076495	4.10E-05	0.000226778	0.999958974	0.000226778	0.04	0.183677363
metagenomeSeq	20	500	abundant	2	0.97499	0.00028409	0.068	0.244899485	0.0024	0.009114313	0.004561634	0.017152933	7.18E-05	0.000272921	0.999928205	0.000272921	0.082	0.268320628
metagenomeSeq	20	500	abundant	5	0.976115	0.001329265	0.695483059	0.40312487	0.0548	0.05345592	0.098067861	0.087865462	0.000261538	0.000673958	0.999738462	0.000673958	0.094516941	0.187168373
metagenomeSeq	20	500	abundant	10	0.979605	0.002294366	0.88870961	0.149809515	0.2162	0.099400018	0.335295716	0.126139505	0.000820513	0.001175302	0.999179487	0.001175302	0.11129039	0.149809515
metagenomeSeq	20	800	abundant	1	0.959995	0.000112254	0.02	0.140705294	0.00025	0.001758816	0.000493827	0.003474205	1.56E-05	8.93E-05	0.999984375	8.93E-05	0.03	0.171446608
metagenomeSeq	20	800	abundant	2	0.96001	0.000200756	0.075	0.2599048	0.001125	0.004010324	0.002213189	0.007876944	3.65E-05	0.000133559	0.999963542	0.000133559	0.065	0.242618294
metagenomeSeq	20	800	abundant	5	0.96045	0.000736837	0.459571429	0.481290746	0.013375	0.018313953	0.02568534	0.034590912	8.85E-05	0.000287234	0.999911458	0.000287234	0.060428571	0.195235684
metagenomeSeq	20	800	abundant	10	0.9627	0.001865422	0.878406717	0.240423868	0.07625	0.047986609	0.136660611	0.079658413	0.000364583	0.000980697	0.999635417	0.000980697	0.071593283	0.130596643
metagenomeSeq	20	1000	abundant	1	0.95	0.000100504	0.02	0.140705294	2.00E-04	0.001407053	0.00039604	0.002786243	1.05E-05	7.41E-05	0.999989474	7.41E-05	0.02	0.140705294
metagenomeSeq	20	1000	abundant	2	0.95003	0.000273585	0.065	0.242618294	0.001	0.004605662	0.001955408	0.008921576	2.11E-05	0.000165931	0.999978947	0.000165931	0.015	0.111350752
metagenomeSeq	20	1000	abundant	5	0.95041	0.001179325	0.510839827	0.472335217	0.0135	0.016166745	0.025837013	0.030251982	0.000278947	0.001223402	0.999721053	0.001223402	0.099160173	0.246827316
metagenomeSeq	20	1000	abundant	10	0.95332	0.002317609	0.898751447	0.216243397	0.0761	0.045790366	0.136482652	0.07679184	0.000510526	0.001555658	0.999489474	0.001555658	0.061248553	0.11367808
metagenomeSeq	20	2000	abundant	1	0.899995	0.000132859	0.03	0.171446608	0.00015	0.000857233	0.000298507	0.001705936	2.22E-05	0.000109415	0.999977778	0.000109415	0.04	0.196946386
metagenomeSeq	20	2000	abundant	2	0.900015	0.00015	0.06	0.238683257	3.00E-04	0.001193416	0.000597015	0.002374958	1.67E-05	9.52E-05	0.999983333	9.52E-05	0.03	0.171446608
metagenomeSeq	20	2000	abundant	5	0.90045	0.000811844	0.395	0.482380345	0.00495	0.008718232	0.009688381	0.016820299	5.00E-05	0.000250887	0.99995	0.000250887	0.035	0.159430454
metagenomeSeq	20	2000	abundant	10	0.90356	0.004115308	0.898647709	0.210868821	0.0443	0.02720127	0.082486007	0.047659438	0.000966667	0.004696567	0.999033333	0.004696567	0.071352291	0.139269888
metagenomeSeq	20	100	abundant	1	0.994965	0.000128216	0	0	0	0	0	0	3.52E-05	0.000128861	0.999964824	0.000128861	0.07	0.2564324
metagenomeSeq	20	100	abundant	2	0.994935	0.000196626	0.01	0.1	0.001	0.01	0.001818182	0.018181818	7.04E-05	0.00018924	0.999929648	0.00018924	0.13	0.337997669
metagenomeSeq	20	100	abundant	5	0.995085	0.000362755	0.258333333	0.42861652	0.031	0.052599113	0.05472028	0.091845241	7.04E-05	0.000257721	0.999929648	0.000257721	0.081666667	0.256776836
metagenomeSeq	20	100	abundant	10	0.995555	0.00073819	0.612297619	0.448043338	0.149	0.156666667	0.221605062	0.200713129	0.000190955	0.000456108	0.999809045	0.000456108	0.117702381	0.256618826
Wilcox	20	200	abundant	1	0.978255435	7.69E-05	0	0	0	0	0	0	5.56E+06	7.86E-05	0.999994444	7.86E-05	0.005	0.070710678
Wilcox	20	200	abundant	2	0.978271739	0.000188424	0.02	0.140351318	0.001	0.007017566	0.001904762	0.013366792	1.11E-05	0.000110832	0.999988889	0.000110832	0.01	0.099748427
Wilcox	20	200	abundant	5	0.977902174	0.001266614	0.221805556	0.345022725	0.027	0.043363602	0.045975313	0.071128729	0.000966667	0.00138818	0.999033333	0.00138818	0.343194444	0.414861657
Wilcox	20	100	abundant	1	0.989010989	0.000110166	0.005833333	0.058783261	0.0015	0.015779575	0.002371795	0.024691794	1.67E-05	0.000135397	0.999983333	0.000135397	0.009166667	0.082190658
Wilcox	20	100	abundant	10	0.98578022	0.003669764	0.314793918	0.195194442	0.24	0.158827361	0.253016386	0.14073107	0.005933333	0.004296014	0.994066667	0.004296014	0.655206082	0.219919425
Wilcox	20	100	abundant	2	0.988989011	0.000310816	0.025	0.148273142	0.004	0.024226735	0.006655844	0.039521958	6.67E-05	0.000287032	0.999933333	0.000287032	0.05	0.212664362
Wilcox	20	100	abundant	5	0.988291209	0.001957104	0.238785714	0.312217154	0.0795	0.113109321	0.109381866	0.143686011	0.001611111	0.002150576	0.998388889	0.002150576	0.446214286	0.4039157
Wilcox	20	1000	abundant	1	0.9	0	0	0	0	0	0	0	0	0	1	0	0	0
Wilcox	20	1000	abundant	10	0.899665	0.001346044	0.221105519	0.34888833	0.00775	0.014816719	0.014491164	0.026783436	0.001233333	0.002074337	0.998766667	0.002074337	0.323894481	0.410764
Wilcox	20	1000	abundant	2	0.9	0	0	0	0	0	0	0	0	0	1	0	0	0
Wilcox	20	1000	abundant	5	0.899945	0.000532346	0.094333333	0.271441959	0.0015	0.004566648	0.002931314	0.008854833	0.000227778	0.00057122	0.999772222	0.00057122	0.130666667	0.319343967
Wilcox	20	2000	abundant	1	0.818181818	0	0	0	0	0	0	0	0	0	1	0	0	0
Wilcox	20	2000	abundant	10	0.818090909	0.000804902	0.157438034	0.342888541	0.00165	0.004705124	0.003223608	0.009031754	0.000477778	0.001011811	0.999522222	0.001011811	0.247561966	0.414084239
Wilcox	20	2000	abundant	2	0.818172727	0.000157591	0.0075	0.078897873	5.00E-05	0.000498742	9.93E-05	0.000990068	2.22E-05	0.000191642	0.999977778	0.000191642	0.0125	0.105591181
Wilcox	20	2000	abundant	5	0.818154545	0.000416747	0.08375	0.264382161	5.00E-04	0.001503764	0.000993062	0.002986683	0.000144444	0.000463441	0.999855556	0.000463441	0.09125	0.275892226
Wilcox	20	300	abundant	1	0.967741935	0	0	0	0	0	0	0	0	0	1	0	0	0
Wilcox	20	300	abundant	10	0.966586022	0.002453263	0.319716275	0.298659755	0.050333333	0.052835829	0.082367276	0.080191012	0.002872222	0.002864427	0.997127778	0.002864427	0.520283725	0.348496343
Wilcox	20	300	abundant	2	0.967747312	0.000170356	0.0175	0.126585423	0.000666667	0.004678377	0.001280242	0.008985035	1.67E-05	0.000135397	0.999983333	0.000135397	0.0125	0.105591181
Wilcox	20	300	abundant	5	0.96761828	0.000983124	0.171990801	0.326622225	0.013166667	0.02692038	0.023696523	0.046749202	0.000566667	0.001085638	0.999433333	0.001085638	0.238009199	0.381875197
Wilcox	20	400	abundant	1	0.957446809	0	0	0	0	0	0	0	0	0	1	0	0	0
Wilcox	20	400	abundant	10	0.956404255	0.002304626	0.281802779	0.27276326	0.045375	0.054569898	0.073181951	0.08025362	0.003105556	0.003751539	0.996894444	0.003751539	0.438197221	0.344107966
Wilcox	20	400	abundant	2	0.957468085	0.000237521	0.023333333	0.147603223	0.000875	0.005811907	0.001673014	0.011050918	1.67E-05	0.000135397	0.999983333	0.000135397	0.011666667	0.10233183
Wilcox	20	400	abundant	5	0.957303191	0.000939958	0.121452381	0.286110116	0.007875	0.019826113	0.014210716	0.034711458	5.00E-04	0.001254065	0.9995	0.001254065	0.168547619	0.339800891
Wilcox	20	500	abundant	1	0.947368421	0	0	0	0	0	0	0	0	0	1	0	0	0
Wilcox	20	500	abundant	10	0.945747368	0.00313194	0.304019527	0.269123226	0.0467	0.049734067	0.076490659	0.075999756	0.004305556	0.004383923	0.995694444	0.004383923	0.490980473	0.333086929
Wilcox	20	500	abundant	2	0.947357895	0.000104998	0	0	0	0	0	0	1.11E-05	0.000110832	0.999988889	0.000110832	0.01	0.099748427
Wilcox	20	500	abundant	5	0.947342105	0.001153281	0.214137446	0.369227099	0.0104	0.021120378	0.019022313	0.036661136	0.000605556	0.001558653	0.999394444	0.001558653	0.160862554	0.320724996
Wilcox	20	800	abundant	1	0.918367347	0	0	0	0	0	0	0	0	0	1	0	0	0
Wilcox	20	800	abundant	10	0.918193878	0.001261657	0.227878968	0.36045889	0.0083125	0.01520781	0.015636849	0.027870328	0.000927778	0.001578351	0.999072222	0.001578351	0.282121032	0.395781232
Wilcox	20	800	abundant	2	0.918367347	0	0	0	0	0	0	0	0	0	1	0	0	0
Wilcox	20	800	abundant	5	0.918295918	0.000516675	0.077642857	0.2458953	0.001625	0.005362196	0.003141805	0.010242103	0.000222222	0.000658992	0.999777778	0.000658992	0.127357143	0.316521663
Wilcox	20	200	abundant	10	0.976559783	0.002634642	0.36418087	0.243132168	0.1135	0.08948625	0.162201347	0.113180722	0.004261111	0.002957141	0.995738889	0.002957141	0.58581913	0.265048773
ZicoSeq	20	200	abundant	1	0.97826087	0	0	0	0	0	0	0	0	0	1	0	0	0
ZicoSeq	20	200	abundant	2	0.97826087	0	0	0	0	0	0	0	0	0	1	0	0	0
ZicoSeq	20	200	abundant	5	0.97826087	0	0	0	0	0	0	0	0	0	1	0	0	0
ZicoSeq	20	100	abundant	1	0.989010989	0	0	0	0	0	0	0	0	0	1	0	0	0
ZicoSeq	20	100	abundant	10	0.989010989	0	0	0	0	0	0	0	0	0	1	0	0	0
ZicoSeq	20	100	abundant	2	0.989010989	0	0	0	0	0	0	0	0	0	1	0	0	0
ZicoSeq	20	100	abundant	5	0.989010989	0	0	0	0	0	0	0	0	0	1	0	0	0
ZicoSeq	20	1000	abundant	1	0.9	0	0	0	0	0	0	0	0	0	1	0	0	0
ZicoSeq	20	1000	abundant	10	0.89955	0.002307406	0.019761315	0.087447037	0.0086	0.038398074	0.011958447	0.053177551	0.001455556	0.006416669	0.998544444	0.006416669	0.030238685	0.132855198
ZicoSeq	20	1000	abundant	2	0.9	0	0	0	0	0	0	0	0	0	1	0	0	0
ZicoSeq	20	1000	abundant	5	0.9	0	0	0	0	0	0	0	0	0	1	0	0	0
ZicoSeq	20	2000	abundant	1	0.818181818	0	0	0	0	0	0	0	0	0	1	0	0	0
ZicoSeq	20	2000	abundant	10	0.816918182	0.003873911	0.051891818	0.136274788	0.01385	0.036525306	0.021848876	0.057540684	0.004622222	0.012067926	0.995377778	0.012067926	0.078108182	0.203699949
ZicoSeq	20	2000	abundant	2	0.818181818	0	0	0	0	0	0	0	0	0	1	0	0	0
ZicoSeq	20	2000	abundant	5	0.818181818	0	0	0	0	0	0	0	0	0	1	0	0	0
ZicoSeq	20	300	abundant	1	0.967741935	0	0	0	0	0	0	0	0	0	1	0	0	0
ZicoSeq	20	300	abundant	10	0.967741935	0	0	0	0	0	0	0	0	0	1	0	0	0
ZicoSeq	20	300	abundant	2	0.967741935	0	0	0	0	0	0	0	0	0	1	0	0	0
ZicoSeq	20	300	abundant	5	0.967741935	0	0	0	0	0	0	0	0	0	1	0	0	0
ZicoSeq	20	400	abundant	1	0.957446809	0	0	0	0	0	0	0	0	0	1	0	0	0
ZicoSeq	20	400	abundant	10	0.95731383	0.001410594	0.003230159	0.032890119	0.002875	0.029354177	0.003042105	0.031019785	0.000266667	0.002669271	0.999733333	0.002669271	0.006769841	0.067850241
ZicoSeq	20	400	abundant	2	0.957446809	0	0	0	0	0	0	0	0	0	1	0	0	0
ZicoSeq	20	400	abundant	5	0.957446809	0	0	0	0	0	0	0	0	0	1	0	0	0
ZicoSeq	20	500	abundant	1	0.947368421	0	0	0	0	0	0	0	0	0	1	0	0	0
ZicoSeq	20	500	abundant	10	0.947189474	0.001788089	0.002822368	0.028162028	0.0022	0.021944654	0.002472222	0.0246616	0.000311111	0.003105283	0.999688889	0.003105283	0.007177632	0.071599422
ZicoSeq	20	500	abundant	2	0.947368421	0	0	0	0	0	0	0	0	0	1	0	0	0
ZicoSeq	20	500	abundant	5	0.947368421	0	0	0	0	0	0	0	0	0	1	0	0	0
ZicoSeq	20	800	abundant	1	0.918367347	0	0	0	0	0	0	0	0	0	1	0	0	0
ZicoSeq	20	800	abundant	10	0.918270408	0.00084726	0.006078341	0.049590962	0.0025625	0.020980126	0.00360282	0.029458924	0.000333333	0.002714808	0.999666667	0.002714808	0.008921659	0.072622348
ZicoSeq	20	800	abundant	2	0.918367347	0	0	0	0	0	0	0	0	0	1	0	0	0
ZicoSeq	20	800	abundant	5	0.918367347	0	0	0	0	0	0	0	0	0	1	0	0	0
ZicoSeq	20	200	abundant	10	0.97826087	0	0	0	0	0	0	0	0	0	1	0	0	0
