name	Sample	OTU	type	effect	mean_Accuracy	sd_Accuracy	mean_Precision	sd_Precision	mean_TPR	sd_TPR	mean_F1_score	sd_F1_score	mean_FPR	sd_FPR	mean_Specificity	sd_Specificity	mean_FDR	sd_FDR
AAnew_TSS	300	100	abundant	1	0.8906	0.011618515	0	0	0	0	0	0	0.010444444	0.012909462	0.989555556	0.012909462	0.5	0.502518908
AAnew_TSS	300	100	abundant	2	0.9271	0.021709515	0.750444444	0.230035864	0.401	0.172031827	0.507778644	0.181971569	0.014444444	0.013631167	0.985555556	0.013631167	0.239555556	0.218531474
AAnew_TSS	300	100	abundant	5	0.9753	0.031923362	0.855158218	0.170856169	0.984	0.03949172	0.903967453	0.109685339	0.025666667	0.035932868	0.974333333	0.035932868	0.144841782	0.170856169
AAnew_TSS	300	100	abundant	10	0.9864	0.02504622	0.910525436	0.140768041	1	0	0.946659632	0.089467188	0.015111111	0.027829133	0.984888889	0.027829133	0.089474564	0.140768041
AAnew_TSS	300	200	abundant	1	0.88435	0.013231715	0.017392857	0.068599559	0.004	0.013632996	0.006219019	0.021352016	0.017833333	0.014946698	0.982166667	0.014946698	0.862607143	0.327347088
AAnew_TSS	300	200	abundant	2	0.9166	0.01538857	0.732368881	0.199536441	0.2645	0.13090497	0.374796066	0.152583318	0.010944444	0.009876876	0.989055556	0.009876876	0.267631119	0.199536441
AAnew_TSS	300	200	abundant	5	0.98115	0.018516373	0.894175099	0.121945083	0.9465	0.056073094	0.914439605	0.076556931	0.015	0.019558348	0.985	0.019558348	0.105824901	0.121945083
AAnew_TSS	300	200	abundant	10	0.98965	0.01625639	0.925640734	0.109754783	0.995	0.018118577	0.955399645	0.065955697	0.010944444	0.017857827	0.989055556	0.017857827	0.074359266	0.109754783
AAnew_TSS	300	300	abundant	1	0.880233333	0.01340264	0.029021945	0.071959641	0.007666667	0.01631274	0.011561123	0.024437844	0.022814815	0.015381241	0.977185185	0.015381241	0.910978055	0.242136481
AAnew_TSS	300	300	abundant	2	0.9162	0.012783442	0.744109941	0.184107312	0.254333333	0.10146569	0.369823963	0.12514253	0.010259259	0.008050205	0.989740741	0.008050205	0.255890059	0.184107312
AAnew_TSS	300	300	abundant	5	0.9803	0.019034466	0.910228945	0.124124788	0.917	0.054945131	0.908322033	0.07678152	0.012666667	0.020122665	0.987333333	0.020122665	0.089771055	0.124124788
AAnew_TSS	300	300	abundant	10	0.9929	0.016375607	0.958129811	0.098301989	0.988333333	0.019748702	0.9699331	0.06147289	0.006592593	0.017964631	0.993407407	0.017964631	0.041870189	0.098301989
AAnew_TSS	300	400	abundant	1	0.8786	0.011951713	0.042273308	0.083510689	0.0095	0.01768838	0.014735894	0.02646601	0.024833333	0.01344591	0.975166667	0.01344591	0.947726692	0.126964676
AAnew_TSS	300	400	abundant	2	0.916125	0.011652453	0.73118358	0.145585561	0.26625	0.101961507	0.380068105	0.115168848	0.011666667	0.008495431	0.988333333	0.008495431	0.26881642	0.145585561
AAnew_TSS	300	400	abundant	5	0.986175	0.011295251	0.933234272	0.083205631	0.939	0.045549396	0.933323529	0.049157273	0.008583333	0.01219525	0.991416667	0.01219525	0.066765728	0.083205631
AAnew_TSS	300	400	abundant	10	0.99595	0.006758646	0.972956122	0.051802024	0.9905	0.018728523	0.980802389	0.030110232	0.003444444	0.007313376	0.996555556	0.007313376	0.027043878	0.051802024
AAnew_TSS	300	500	abundant	1	0.87964	0.014111762	0.027358376	0.050380007	0.0078	0.01474223	0.01158636	0.020769554	0.023488889	0.016406894	0.976511111	0.016406894	0.952641624	0.145707707
AAnew_TSS	300	500	abundant	2	0.9164	0.011661904	0.72936196	0.141878786	0.2664	0.09685478	0.381824692	0.115979226	0.011377778	0.007719228	0.988622222	0.007719228	0.27063804	0.141878786
AAnew_TSS	300	500	abundant	5	0.98678	0.009735471	0.942954129	0.066756971	0.9302	0.048283255	0.934569574	0.04369642	0.006933333	0.00964919	0.993066667	0.00964919	0.057045871	0.066756971
AAnew_TSS	300	500	abundant	10	0.99764	0.002931956	0.982307374	0.024409842	0.995	0.011146409	0.988422179	0.013935643	0.002066667	0.003050148	0.997933333	0.003050148	0.017692626	0.024409842
AAnew_TSS	300	800	abundant	1	0.8165875	0.028751293	0.034930013	0.023904495	0.030625	0.022288215	0.031431934	0.021092886	0.096083333	0.032863185	0.903916667	0.032863185	0.965069987	0.023904495
AAnew_TSS	300	800	abundant	2	0.879325	0.019577627	0.357676649	0.135693769	0.203	0.063343301	0.251703781	0.073672976	0.045527778	0.021361688	0.954472222	0.021361688	0.642323351	0.135693769
AAnew_TSS	300	800	abundant	5	0.96925	0.00939119	0.845368152	0.058391997	0.85425	0.078640998	0.846707099	0.04904599	0.017972222	0.008508769	0.982027778	0.008508769	0.154631848	0.058391997
AAnew_TSS	300	800	abundant	10	0.9899	0.00532907	0.933999668	0.043396552	0.97	0.028147788	0.950863074	0.025200732	0.007888889	0.005551626	0.992111111	0.005551626	0.066000332	0.043396552
AAnew_TSS	300	1000	abundant	1	0.82055	0.030561868	0.031255082	0.023067129	0.028	0.023181323	0.028476219	0.021200733	0.091388889	0.035369665	0.908611111	0.035369665	0.968744918	0.023067129
AAnew_TSS	300	1000	abundant	2	0.87506	0.019888995	0.329915821	0.125174044	0.1894	0.054602697	0.232690375	0.059311195	0.048755556	0.022921805	0.951244444	0.022921805	0.670084179	0.125174044
AAnew_TSS	300	1000	abundant	5	0.96677	0.01205363	0.83796396	0.077939602	0.8385	0.078988236	0.834720343	0.058773294	0.018977778	0.011301048	0.981022222	0.011301048	0.16203604	0.077939602
AAnew_TSS	300	1000	abundant	10	0.98972	0.005671264	0.933453588	0.043734288	0.9688	0.027934989	0.950015846	0.026399626	0.007955556	0.005861859	0.992044444	0.005861859	0.066546412	0.043734288
AAnew_TSS	300	2000	abundant	1	0.76243	0.040070205	0.031810877	0.014258834	0.0477	0.026878139	0.03731053	0.017847175	0.158155556	0.046214465	0.841844444	0.046214465	0.968189123	0.014258834
AAnew_TSS	300	2000	abundant	2	0.83639	0.02524602	0.199626734	0.052128245	0.1943	0.050910994	0.191047842	0.035491652	0.092266667	0.031133117	0.907733333	0.031133117	0.800373266	0.052128245
AAnew_TSS	300	2000	abundant	5	0.93973	0.01597432	0.677258428	0.084514626	0.79055	0.078247519	0.725492603	0.063411245	0.043694444	0.016845538	0.956305556	0.016845538	0.322741572	0.084514626
AAnew_TSS	300	2000	abundant	10	0.97473	0.01022411	0.823433324	0.069813936	0.9624	0.022901634	0.885722691	0.041094008	0.0239	0.011414757	0.9761	0.011414757	0.176566676	0.069813936
ALDEx2_wi	300	100	abundant	1	0.989005495	7.77E-05	0	0	0	0	0	0	5.56E+06	7.86E-05	0.999994444	7.86E-05	0.005	0.070710678
ALDEx2_wi	300	100	abundant	10	0.963626374	0.004367907	0.22516693	0.024853556	0.934	0.07729081	0.362339452	0.035773218	0.036044444	0.004379254	0.963955556	0.004379254	0.77483307	0.024853556
ALDEx2_wi	300	100	abundant	2	0.985692308	0.003026976	0.373794871	0.113031529	0.423	0.138080888	0.392243391	0.114788582	0.008055556	0.002606977	0.991944444	0.002606977	0.626205129	0.113031529
ALDEx2_wi	300	100	abundant	5	0.973972527	0.004099262	0.272227535	0.043647511	0.8005	0.12420501	0.404750916	0.059166738	0.0241	0.004120509	0.9759	0.004120509	0.727772465	0.043647511
ALDEx2_wi	300	1000	abundant	1	0.9	0	0	0	0	0	0	0	0	0	1	0	0	0
ALDEx2_wi	300	1000	abundant	10	0.87341	0.007550294	0.396481532	0.029142995	0.5096	0.04611369	0.44571402	0.034553556	0.086166667	0.005784506	0.913833333	0.005784506	0.603518468	0.029142995
ALDEx2_wi	300	1000	abundant	2	0.89402	0.004911232	0.395239144	0.08661479	0.1143	0.034107574	0.176039833	0.047732353	0.019344444	0.004775745	0.980655556	0.004775745	0.604760856	0.08661479
ALDEx2_wi	300	1000	abundant	5	0.881115	0.008142066	0.40357039	0.041065162	0.39495	0.047563737	0.398771761	0.042513396	0.064866667	0.006246344	0.935133333	0.006246344	0.59642961	0.041065162
ALDEx2_wi	300	200	abundant	1	0.978255435	7.69E-05	0	0	0	0	0	0	5.56E+06	7.86E-05	0.999994444	7.86E-05	0.005	0.070710678
ALDEx2_wi	300	200	abundant	10	0.95448913	0.004494614	0.307760169	0.028614569	0.868	0.071424838	0.453965001	0.038401276	0.043588889	0.004208874	0.956411111	0.004208874	0.692239831	0.028614569
ALDEx2_wi	300	200	abundant	2	0.973793478	0.003774446	0.389089655	0.096117844	0.3565	0.110879309	0.367743521	0.095163207	0.012488889	0.003317925	0.987511111	0.003317925	0.610910345	0.096117844
ALDEx2_wi	300	200	abundant	5	0.962788043	0.004410163	0.339855777	0.039127949	0.74725	0.095527825	0.466151043	0.051079868	0.032422222	0.004247098	0.967577778	0.004247098	0.660144223	0.039127949
ALDEx2_wi	300	2000	abundant	1	0.818181818	0	0	0	0	0	0	0	0	0	1	0	0	0
ALDEx2_wi	300	2000	abundant	10	0.785127273	0.0095911	0.396775262	0.029245229	0.3488	0.028227539	0.37107193	0.027693075	0.117911111	0.00805986	0.882088889	0.00805986	0.603224738	0.029245229
ALDEx2_wi	300	2000	abundant	2	0.811513636	0.005447138	0.40432806	0.075968584	0.075675	0.019833969	0.12674702	0.030435576	0.024966667	0.006448034	0.975033333	0.006448034	0.59567194	0.075968584
ALDEx2_wi	300	2000	abundant	5	0.794404545	0.009061211	0.399866791	0.037469957	0.260625	0.028381542	0.315276877	0.031070021	0.086977778	0.007867127	0.913022222	0.007867127	0.600133209	0.037469957
ALDEx2_wi	300	300	abundant	1	0.967758065	0.000169673	0.01	0.099748427	5.00E-04	0.005259858	0.000947581	0.009926299	0	0	1	0	0	0
ALDEx2_wi	300	300	abundant	10	0.944709677	0.004774019	0.343637199	0.02860539	0.780833333	0.069410656	0.476836309	0.037984891	0.049827778	0.004237355	0.950172222	0.004237355	0.656362801	0.02860539
ALDEx2_wi	300	300	abundant	2	0.963139785	0.004212576	0.395070624	0.102329812	0.265166667	0.086903265	0.312939334	0.086725426	0.013594444	0.003935042	0.986405556	0.003935042	0.604929376	0.102329812
ALDEx2_wi	300	300	abundant	5	0.952193548	0.005371306	0.367463829	0.041900918	0.661166667	0.084127041	0.471365055	0.051741609	0.038105556	0.004904697	0.961894444	0.004904697	0.632536171	0.041900918
ALDEx2_wi	300	400	abundant	1	0.957446809	0	0	0	0	0	0	0	0	0	1	0	0	0
ALDEx2_wi	300	400	abundant	10	0.925510638	0.005561117	0.340236333	0.024731635	0.796875	0.063894616	0.476564127	0.033642839	0.068772222	0.005015513	0.931227778	0.005015513	0.659763667	0.024731635
ALDEx2_wi	300	400	abundant	2	0.951356383	0.005294971	0.396518546	0.088854175	0.26725	0.076447095	0.315991748	0.075690676	0.018238889	0.004909097	0.981761111	0.004909097	0.603481454	0.088854175
ALDEx2_wi	300	400	abundant	5	0.936792553	0.00561639	0.369113726	0.032058064	0.68	0.070175659	0.47776537	0.040272907	0.051794444	0.005414373	0.948205556	0.005414373	0.630886274	0.032058064
ALDEx2_wi	300	500	abundant	1	0.947368421	0	0	0	0	0	0	0	0	0	1	0	0	0
ALDEx2_wi	300	500	abundant	10	0.909478947	0.006192482	0.34425416	0.021606739	0.7922	0.049956363	0.479650074	0.027597029	0.084005556	0.006075499	0.915994444	0.006075499	0.65574584	0.021606739
ALDEx2_wi	300	500	abundant	2	0.939673684	0.005700809	0.393067655	0.077342384	0.2639	0.070652309	0.312493421	0.068611956	0.022783333	0.005776186	0.977216667	0.005776186	0.606932345	0.077342384
ALDEx2_wi	300	500	abundant	5	0.921910526	0.006306153	0.367214579	0.030257611	0.6663	0.066637171	0.472904722	0.038674916	0.063888889	0.005953894	0.936111111	0.005953894	0.632785421	0.030257611
ALDEx2_wi	300	800	abundant	1	0.918362245	7.22E-05	0	0	0	0	0	0	5.56E+06	7.86E-05	0.999994444	7.86E-05	0.005	0.070710678
ALDEx2_wi	300	800	abundant	10	0.897153061	0.006946094	0.39973455	0.033137228	0.519125	0.051361947	0.451434977	0.039389066	0.069244444	0.004703189	0.930755556	0.004703189	0.60026545	0.033137228
ALDEx2_wi	300	800	abundant	2	0.913918367	0.00461022	0.40949248	0.092056469	0.124125	0.038897939	0.188930542	0.053033518	0.015877778	0.00423075	0.984122222	0.00423075	0.59050752	0.092056469
ALDEx2_wi	300	800	abundant	5	0.901489796	0.007313218	0.396224784	0.045340044	0.39525	0.053395392	0.395241255	0.04749767	0.053511111	0.005325138	0.946488889	0.005325138	0.603775216	0.045340044
Corncob	300	100	abundant	1	0.988961538	0.000386327	0.006666667	0.074423149	0.001	0.009974843	0.001678322	0.016799608	6.11E-05	0.000404661	0.999938889	0.000404661	0.028333333	0.162948475
Corncob	300	100	abundant	10	0.930928571	0.009537716	0.137448587	0.018033146	0.9815	0.042624338	0.240670694	0.027492492	0.069633333	0.00971082	0.930366667	0.00971082	0.862551413	0.018033146
Corncob	300	100	abundant	2	0.980873626	0.005420673	0.299162391	0.100525323	0.486	0.161039338	0.360225606	0.101853988	0.013627778	0.005851394	0.986372222	0.005851394	0.700837609	0.100525323
Corncob	300	100	abundant	5	0.952576923	0.011760483	0.186780027	0.041849265	0.922	0.08975679	0.307863075	0.054955666	0.047083333	0.012270822	0.952916667	0.012270822	0.813219973	0.041849265
Corncob	300	1000	abundant	1	0.89999	9.97E-05	0	0	0	0	0	0	1.11E-05	0.000110832	0.999988889	0.000110832	0.01	0.099748427
Corncob	300	1000	abundant	10	0.79349	0.028465264	0.283996524	0.030516244	0.68045	0.057540001	0.399010745	0.030531953	0.19395	0.034817275	0.80605	0.034817275	0.716003476	0.030516244
Corncob	300	1000	abundant	2	0.89377	0.005364793	0.390674336	0.088905328	0.10735	0.032569639	0.166805488	0.0451974	0.01885	0.005724811	0.98115	0.005724811	0.609325664	0.088905328
Corncob	300	1000	abundant	5	0.85594	0.015749815	0.347815826	0.038329914	0.4899	0.057563511	0.405085592	0.037968991	0.103388889	0.018649666	0.896611111	0.018649666	0.652184174	0.038329914
Corncob	300	200	abundant	1	0.978173913	0.000526668	0	0	0	0	0	0	8.89E-05	0.000538372	0.999911111	0.000538372	0.035	0.184240939
Corncob	300	200	abundant	10	0.89786413	0.018002683	0.171553142	0.026245559	0.9345	0.056129337	0.288853719	0.03675819	0.10295	0.018795083	0.89705	0.018795083	0.828446858	0.026245559
Corncob	300	200	abundant	2	0.971826087	0.004782658	0.360312674	0.098492932	0.3555	0.116134344	0.350820411	0.092560637	0.014477778	0.004889638	0.985522222	0.004889638	0.639687326	0.098492932
Corncob	300	200	abundant	5	0.936804348	0.01356385	0.235882764	0.042412156	0.8075	0.096775916	0.362416116	0.051639906	0.060322222	0.014518169	0.939677778	0.014518169	0.764117236	0.042412156
Corncob	300	2000	abundant	1	0.818181818	0	0	0	0	0	0	0	0	0	1	0	0	0
Corncob	300	2000	abundant	10	0.710377273	0.024112345	0.328960345	0.023699684	0.562025	0.041444088	0.414054982	0.022764963	0.256655556	0.033201113	0.743344444	0.033201113	0.671039655	0.023699684
Corncob	300	2000	abundant	2	0.81105	0.005863388	0.400488486	0.077305013	0.0778	0.022979344	0.129282045	0.034446409	0.026005556	0.007459049	0.973994444	0.007459049	0.599511514	0.077305013
Corncob	300	2000	abundant	5	0.771122727	0.012825432	0.371695205	0.030577373	0.37205	0.039229994	0.371085711	0.030680055	0.140194444	0.016021357	0.859805556	0.016021357	0.628304795	0.030577373
Corncob	300	300	abundant	1	0.96772043	0.000263165	0.0175	0.126585423	0.000666667	0.004678377	0.001280242	0.008985035	4.44E-05	0.000245058	0.999955556	0.000245058	0.0325	0.174199533
Corncob	300	300	abundant	10	0.874908602	0.02508406	0.193773446	0.03118924	0.8725	0.059912229	0.315560277	0.040806967	0.125011111	0.026724762	0.874988889	0.026724762	0.806226554	0.03118924
Corncob	300	300	abundant	2	0.961295699	0.004980275	0.359871307	0.100344025	0.24	0.083274686	0.281839622	0.079314555	0.014661111	0.005457763	0.985338889	0.005457763	0.640128693	0.100344025
Corncob	300	300	abundant	5	0.92355914	0.01773385	0.264107686	0.048241717	0.716	0.091757455	0.382174407	0.05327541	0.069522222	0.019471748	0.930477778	0.019471748	0.735892314	0.048241717
Corncob	300	400	abundant	1	0.95743617	0.000106115	0	0	0	0	0	0	1.11E-05	0.000110832	0.999988889	0.000110832	0.01	0.099748427
Corncob	300	400	abundant	10	0.821680851	0.029988847	0.182867886	0.025507888	0.892375	0.04969742	0.30248832	0.034280302	0.181461111	0.032168283	0.818538889	0.032168283	0.817132114	0.025507888
Corncob	300	400	abundant	2	0.948281915	0.006651466	0.358774935	0.089204286	0.251125	0.072521765	0.289966021	0.067725865	0.020733333	0.007469308	0.979266667	0.007469308	0.641225065	0.089204286
Corncob	300	400	abundant	5	0.895180851	0.021160517	0.257996013	0.041415147	0.74075	0.078790719	0.379984824	0.046028795	0.097955556	0.023498905	0.902044444	0.023498905	0.742003987	0.041415147
Corncob	300	500	abundant	1	0.947373684	0.000129136	0.01	0.099748427	2.00E-04	0.001994969	0.000392157	0.003911703	5.56E+06	7.86E-05	0.999994444	7.86E-05	0.005	0.070710678
Corncob	300	500	abundant	10	0.766231579	0.037127674	0.17473642	0.023601084	0.8996	0.045233509	0.291719385	0.031954074	0.241177778	0.040265519	0.758822222	0.040265519	0.82526358	0.023601084
Corncob	300	500	abundant	2	0.936021053	0.006941708	0.358237343	0.075591612	0.2601	0.075886652	0.296110159	0.066191917	0.026427778	0.008470674	0.973572222	0.008470674	0.641762657	0.075591612
Corncob	300	500	abundant	5	0.867578947	0.024853641	0.253658781	0.035009878	0.7474	0.071320918	0.376373447	0.037881315	0.125744444	0.028378017	0.874255556	0.028378017	0.746341219	0.035009878
Corncob	300	800	abundant	1	0.918352041	0.000124344	0.002	0.028284271	0.000125	0.001767767	0.000235294	0.003327561	2.78E-05	0.000259744	0.999972222	0.000259744	0.013	0.108117747
Corncob	300	800	abundant	10	0.830693878	0.024624319	0.283090931	0.033918487	0.67875	0.058227051	0.397750571	0.03483405	0.1558	0.028772941	0.8442	0.028772941	0.716909069	0.033918487
Corncob	300	800	abundant	2	0.913576531	0.004958178	0.401772556	0.098213111	0.114875	0.039674991	0.176310782	0.053315825	0.015427778	0.005299138	0.984572222	0.005299138	0.598227444	0.098213111
Corncob	300	800	abundant	5	0.883377551	0.012624276	0.346231147	0.042043129	0.47025	0.058691233	0.397197148	0.042124111	0.0799	0.014098723	0.9201	0.014098723	0.653768853	0.042043129
DACOMP	300	100	abundant	1	0.988967033	0.000490702	0.000625	0.008838835	5.00E-04	0.007071068	0.000555556	0.007856742	5.00E-05	0.00057122	0.99995	0.00057122	0.009375	0.093723824
DACOMP	300	100	abundant	10	0.986368132	0.002793737	0.388263445	0.117422299	0.4065	0.119915171	0.396443736	0.117375069	0.007188889	0.001692651	0.992811111	0.001692651	0.611736555	0.117422299
DACOMP	300	100	abundant	2	0.971769231	0.018024964	0.266806303	0.149148487	0.4835	0.186417562	0.309023877	0.125571706	0.022805556	0.019225315	0.977194444	0.019225315	0.733193697	0.149148487
DACOMP	300	100	abundant	5	0.983934066	0.009389054	0.374326202	0.12736778	0.442	0.162072011	0.390737258	0.116438398	0.010044444	0.010408756	0.989955556	0.010408756	0.625673798	0.12736778
DACOMP	300	1000	abundant	1	0.9	0	0	0	0	0	0	0	0	0	1	0	0	0
DACOMP	300	1000	abundant	10	0.87807	0.00758371	0.400943345	0.03314304	0.44435	0.064446445	0.420000683	0.042800502	0.073738889	0.009494434	0.926261111	0.009494434	0.599056655	0.03314304
DACOMP	300	1000	abundant	2	0.888855	0.006714117	0.400132499	0.059714146	0.2218	0.04334923	0.284108013	0.047535406	0.037027778	0.006495989	0.962972222	0.006495989	0.599867501	0.059714146
DACOMP	300	1000	abundant	5	0.882325	0.007840712	0.403130215	0.040902003	0.36695	0.060742454	0.382494227	0.046271589	0.060411111	0.009160635	0.939588889	0.009160635	0.596869785	0.040902003
DACOMP	300	200	abundant	1	0.97826087	0	0	0	0	0	0	0	0	0	1	0	0	0
DACOMP	300	200	abundant	10	0.973423913	0.00381039	0.398205277	0.07578173	0.425	0.099243369	0.408773475	0.077836852	0.014388889	0.003502589	0.985611111	0.003502589	0.601794723	0.07578173
DACOMP	300	200	abundant	2	0.965858696	0.014446101	0.33802361	0.122663654	0.3875	0.134196848	0.338585262	0.08926792	0.021288889	0.016532848	0.978711111	0.016532848	0.66197639	0.122663654
DACOMP	300	200	abundant	5	0.970244565	0.009200211	0.367623824	0.092179825	0.429	0.15566037	0.384339543	0.086710662	0.017727778	0.011476027	0.982272222	0.011476027	0.632376176	0.092179825
DACOMP	300	2000	abundant	1	0.818181818	0	0	0	0	0	0	0	0	0	1	0	0	0
DACOMP	300	2000	abundant	10	0.78105	0.011033288	0.396380664	0.028325228	0.389325	0.050001702	0.391442602	0.035577962	0.1319	0.016511878	0.8681	0.016511878	0.603619336	0.028325228
DACOMP	300	2000	abundant	2	0.80325	0.008397214	0.399464461	0.054339168	0.1616	0.029145106	0.229254832	0.036087777	0.054161111	0.009212424	0.945838889	0.009212424	0.600535539	0.054339168
DACOMP	300	2000	abundant	5	0.787895455	0.010852823	0.399408831	0.034244577	0.3295	0.039823732	0.36029589	0.034743874	0.110238889	0.012597841	0.889761111	0.012597841	0.600591169	0.034244577
DACOMP	300	300	abundant	1	0.967741935	0	0	0	0	0	0	0	0	0	1	0	0	0
DACOMP	300	300	abundant	10	0.960096774	0.004646263	0.386083285	0.065637601	0.399666667	0.093088336	0.390553192	0.069970313	0.021222222	0.004491653	0.978777778	0.004491653	0.613916715	0.065637601
DACOMP	300	300	abundant	2	0.957134409	0.009460153	0.356097314	0.093136178	0.343166667	0.105926952	0.338856979	0.076073242	0.0224	0.011339058	0.9776	0.011339058	0.643902686	0.093136178
DACOMP	300	300	abundant	5	0.958139785	0.007381918	0.377450233	0.071483678	0.431166667	0.145970538	0.393752981	0.076658667	0.024294444	0.010280318	0.975705556	0.010280318	0.622549767	0.071483678
DACOMP	300	400	abundant	1	0.957446809	0	0	0	0	0	0	0	0	0	1	0	0	0
DACOMP	300	400	abundant	10	0.948132979	0.005184874	0.390830426	0.060111694	0.39125	0.06417969	0.390643732	0.060912846	0.027116667	0.003317658	0.972883333	0.003317658	0.609169574	0.060111694
DACOMP	300	400	abundant	2	0.946670213	0.008097891	0.373856379	0.075470392	0.342	0.085498832	0.351287512	0.063933146	0.026455556	0.00977404	0.973544444	0.00977404	0.626143621	0.075470392
DACOMP	300	400	abundant	5	0.947058511	0.005273489	0.381462991	0.055504302	0.392	0.094302518	0.384100986	0.060792651	0.028272222	0.006280158	0.971727778	0.006280158	0.618537009	0.055504302
DACOMP	300	500	abundant	1	0.947368421	0	0	0	0	0	0	0	0	0	1	0	0	0
DACOMP	300	500	abundant	10	0.935915789	0.005985882	0.390586828	0.056862872	0.3882	0.060156914	0.389094824	0.05747302	0.033655556	0.003666726	0.966344444	0.003666726	0.609413172	0.056862872
DACOMP	300	500	abundant	2	0.935773684	0.007598316	0.376128139	0.067914582	0.3211	0.075984592	0.342905474	0.062610556	0.030077778	0.008627875	0.969922222	0.008627875	0.623871861	0.067914582
DACOMP	300	500	abundant	5	0.934642105	0.006270835	0.380072398	0.055694029	0.3817	0.067243725	0.3801345	0.056599811	0.034638889	0.005410659	0.965361111	0.005410659	0.619927602	0.055694029
DACOMP	300	800	abundant	1	0.918362245	7.22E-05	0.002	0.028284271	0.000125	0.001767767	0.000235294	0.003327561	1.67E-05	0.000235702	0.999983333	0.000235702	0.003	0.042426407
DACOMP	300	800	abundant	10	0.90027551	0.007288759	0.397863718	0.041263586	0.4348125	0.077257457	0.413555754	0.05293378	0.05835	0.008399405	0.94165	0.008399405	0.602136282	0.041263586
DACOMP	300	800	abundant	2	0.909479592	0.005714533	0.403227095	0.06068803	0.226	0.049038494	0.287958797	0.051302687	0.029766667	0.005714195	0.970233333	0.005714195	0.596772905	0.06068803
DACOMP	300	800	abundant	5	0.904107143	0.007601999	0.402656549	0.050692321	0.3589375	0.061549015	0.377998184	0.051430775	0.047433333	0.007683798	0.952566667	0.007683798	0.597343451	0.050692321
DESeq2	300	100	abundant	1	0.986313187	0.003260235	0.042727599	0.136479161	0.021	0.051694892	0.024505486	0.060074362	0.002961111	0.003552758	0.997038889	0.003552758	0.637272401	0.458079633
DESeq2	300	100	abundant	10	0.932598901	0.007301993	0.138103097	0.014685313	0.968	0.054689622	0.24145692	0.023025313	0.067794444	0.007403433	0.932205556	0.007403433	0.861896903	0.014685313
DESeq2	300	100	abundant	2	0.974873626	0.006338777	0.242588968	0.07299637	0.571	0.170010346	0.335759159	0.092273263	0.020638889	0.006585621	0.979361111	0.006585621	0.757411032	0.07299637
DESeq2	300	100	abundant	5	0.946181319	0.008211192	0.162248903	0.023279407	0.916	0.091574722	0.27489119	0.034667526	0.053483333	0.008557964	0.946516667	0.008557964	0.837751097	0.023279407
DESeq2	300	1000	abundant	1	0.899805	0.001030673	0.164285714	0.316510684	0.0044	0.009058159	0.008469329	0.017265844	0.000705556	0.001185021	0.999294444	0.001185021	0.270714286	0.400765926
DESeq2	300	1000	abundant	10	0.82682	0.010887621	0.341295921	0.017915845	0.7831	0.043702857	0.475052334	0.021818601	0.168322222	0.012664693	0.831677778	0.012664693	0.658704079	0.017915845
DESeq2	300	1000	abundant	2	0.883005	0.00695607	0.389316351	0.044033872	0.297	0.043548621	0.335896761	0.040769172	0.051883333	0.00726105	0.948116667	0.00726105	0.610683649	0.044033872
DESeq2	300	1000	abundant	5	0.847515	0.010425605	0.361560242	0.022864446	0.68135	0.047018413	0.471992918	0.027294523	0.134022222	0.011350607	0.865977778	0.011350607	0.638439758	0.022864446
DESeq2	300	200	abundant	1	0.977	0.002130994	0.108025162	0.247159482	0.01575	0.033089455	0.02548369	0.051418504	0.001638889	0.002404417	0.998361111	0.002404417	0.451974838	0.461720866
DESeq2	300	200	abundant	10	0.895173913	0.011341953	0.166723746	0.016170596	0.945	0.050375475	0.283090409	0.023822033	0.105933333	0.011814918	0.894066667	0.011814918	0.833276254	0.016170596
DESeq2	300	200	abundant	2	0.96301087	0.0067269	0.310573777	0.059250946	0.5485	0.109120513	0.39312751	0.067006667	0.027777778	0.007001635	0.972222222	0.007001635	0.689426223	0.059250946
DESeq2	300	200	abundant	5	0.922320652	0.011812838	0.205063693	0.025638816	0.8735	0.069800505	0.3311108	0.034084787	0.076594444	0.012598924	0.923405556	0.012598924	0.794936307	0.025638816
DESeq2	300	2000	abundant	1	0.8151	0.003523594	0.074671534	0.177153543	0.0018	0.003979849	0.003455897	0.007572446	0.004166667	0.004484396	0.995833333	0.004484396	0.770328466	0.373834249
DESeq2	300	2000	abundant	10	0.741072727	0.012093384	0.376084024	0.01812137	0.6427	0.035432858	0.474348559	0.022541697	0.237066667	0.012272138	0.762933333	0.012272138	0.623915976	0.01812137
DESeq2	300	2000	abundant	2	0.795904545	0.008579492	0.387476528	0.041288896	0.21035	0.03243668	0.27178329	0.034733228	0.073972222	0.010385245	0.926027778	0.010385245	0.612523472	0.041288896
DESeq2	300	2000	abundant	5	0.75825	0.012054232	0.384492545	0.021571175	0.547475	0.036957117	0.451474371	0.025358447	0.194911111	0.012628573	0.805088889	0.012628573	0.615507455	0.021571175
DESeq2	300	300	abundant	1	0.967188172	0.001376161	0.150804113	0.300200868	0.012	0.022674351	0.021419307	0.039750157	0.000972222	0.001606247	0.999027778	0.001606247	0.339195887	0.432068489
DESeq2	300	300	abundant	10	0.88177957	0.013940494	0.204819114	0.021086599	0.911	0.05379096	0.333874889	0.028773618	0.119194444	0.014712303	0.880805556	0.014712303	0.795180886	0.021086599
DESeq2	300	300	abundant	2	0.953586022	0.007404133	0.346390798	0.067633261	0.4735	0.100878193	0.396407463	0.071374946	0.030411111	0.007760857	0.969588889	0.007760857	0.653609202	0.067633261
DESeq2	300	300	abundant	5	0.911043011	0.01354671	0.248111462	0.031361686	0.842666667	0.068822756	0.382033047	0.038685652	0.086677778	0.014615442	0.913322222	0.014615442	0.751888538	0.031361686
DESeq2	300	400	abundant	1	0.956787234	0.001499029	0.134161786	0.291991444	0.008625	0.019829281	0.015322609	0.033303977	0.001072222	0.001924106	0.998927778	0.001924106	0.340838214	0.440805377
DESeq2	300	400	abundant	10	0.844042553	0.014072943	0.205604984	0.015933456	0.922625	0.035496965	0.33597503	0.021879154	0.15945	0.014846652	0.84055	0.014846652	0.794395016	0.015933456
DESeq2	300	400	abundant	2	0.938760638	0.00852838	0.346545439	0.055748426	0.479875	0.085936224	0.399927991	0.059790667	0.040844444	0.008998652	0.959155556	0.008998652	0.653454561	0.055748426
DESeq2	300	400	abundant	5	0.882989362	0.016747093	0.249494861	0.028403351	0.85125	0.060189713	0.384803371	0.034952347	0.1156	0.018209049	0.8844	0.018209049	0.750505139	0.028403351
DESeq2	300	500	abundant	1	0.946626316	0.001833254	0.13549044	0.274427476	0.0077	0.015227257	0.013924636	0.026619193	0.001211111	0.00236606	0.998788889	0.00236606	0.32450956	0.421774443
DESeq2	300	500	abundant	10	0.814668421	0.015667546	0.212833281	0.015131901	0.9276	0.038019302	0.345965893	0.020981991	0.191605556	0.016727674	0.808394444	0.016727674	0.787166719	0.015131901
DESeq2	300	500	abundant	2	0.923831579	0.008560756	0.342260605	0.047148201	0.4765	0.081602973	0.39613656	0.053210003	0.051316667	0.009526332	0.948683333	0.009526332	0.657739395	0.047148201
DESeq2	300	500	abundant	5	0.859573684	0.016821628	0.253459708	0.022787792	0.844	0.060947296	0.388923812	0.027664649	0.139561111	0.019259155	0.860438889	0.019259155	0.746540292	0.022787792
DESeq2	300	800	abundant	1	0.918056122	0.001149179	0.156177045	0.306316876	0.005	0.012468553	0.009324577	0.021436922	0.000783333	0.00176755	0.999216667	0.00176755	0.283822955	0.407026956
DESeq2	300	800	abundant	10	0.854316327	0.009015315	0.334915068	0.01768515	0.7925	0.042477455	0.47055311	0.022036819	0.140188889	0.009938773	0.859811111	0.009938773	0.665084932	0.01768515
DESeq2	300	800	abundant	2	0.904535714	0.006894003	0.392639245	0.051414484	0.3074375	0.05338859	0.343398903	0.049129446	0.042388889	0.0068636	0.957611111	0.0068636	0.607360755	0.051414484
DESeq2	300	800	abundant	5	0.87394898	0.010429221	0.356466409	0.029091778	0.671	0.060938535	0.464985379	0.035701229	0.108011111	0.010770658	0.891988889	0.010770658	0.643533591	0.029091778
edgeR	300	100	abundant	1	0.994745	0.000690831	0.106580087	0.274491287	0.019	0.044255913	0.029819494	0.068073656	0.000351759	0.000750802	0.999648241	0.000750802	0.293419913	0.434259974
edgeR	300	100	abundant	2	0.99173	0.003470234	0.40282177	0.132464139	0.931	0.070632067	0.550803813	0.119082331	0.007964824	0.003513144	0.992035176	0.003513144	0.59717823	0.132464139
edgeR	300	100	abundant	5	0.984455	0.002045067	0.240524639	0.030294939	0.956	0.049888765	0.383420772	0.037719241	0.01540201	0.002058171	0.98459799	0.002058171	0.759475361	0.030294939
edgeR	300	100	abundant	10	0.98525	0.001254286	0.249343048	0.019504585	0.963	0.048523659	0.395880044	0.027270876	0.014638191	0.001194416	0.985361809	0.001194416	0.750656952	0.019504585
edgeR	300	200	abundant	1	0.98987	0.000548736	0.168309524	0.321392262	0.023	0.046286329	0.037877771	0.07269896	0.000363636	0.000685084	0.999636364	0.000685084	0.301690476	0.417970035
edgeR	300	200	abundant	2	0.98753	0.002374975	0.438660693	0.062453608	0.802	0.071745904	0.565249812	0.062147089	0.01059596	0.002153519	0.98940404	0.002153519	0.561339307	0.062453608
edgeR	300	200	abundant	5	0.98484	0.001401442	0.379426796	0.030991086	0.808	0.071675475	0.515959099	0.040640328	0.013373737	0.001126998	0.986626263	0.001126998	0.620573204	0.030991086
edgeR	300	200	abundant	10	0.985755	0.001529995	0.391618884	0.03801783	0.763	0.07303659	0.517331949	0.048663753	0.011994949	0.001033738	0.988005051	0.001033738	0.608381116	0.03801783
edgeR	300	300	abundant	1	0.98487	0.000447327	0.116787879	0.279855298	0.009	0.025449935	0.015726147	0.040915511	0.000269036	0.000551623	0.999730964	0.000551623	0.223212121	0.386352796
edgeR	300	300	abundant	2	0.98343	0.002331189	0.464226546	0.060314739	0.593666667	0.070224108	0.518587587	0.053242617	0.010634518	0.002219539	0.989365482	0.002219539	0.535773454	0.060314739
edgeR	300	300	abundant	5	0.981055	0.002256187	0.408682647	0.052423918	0.589	0.080967078	0.482275984	0.062678819	0.012974619	0.001287251	0.987025381	0.001287251	0.591317353	0.052423918
edgeR	300	300	abundant	10	0.981455	0.002219172	0.410131998	0.056335651	0.537333333	0.074049154	0.465005745	0.063200939	0.011781726	0.001262703	0.988218274	0.001262703	0.589868002	0.056335651
edgeR	300	400	abundant	1	0.979755	0.000694477	0.137538961	0.248631429	0.0145	0.029554777	0.024797197	0.048017796	0.000545918	0.001041462	0.999454082	0.001041462	0.262461039	0.370847594
edgeR	300	400	abundant	2	0.97808	0.002725414	0.464629419	0.058676215	0.56675	0.065718158	0.508614928	0.051626854	0.01352551	0.00248946	0.98647449	0.00248946	0.535370581	0.058676215
edgeR	300	400	abundant	5	0.97497	0.002262809	0.405537923	0.042505851	0.54175	0.064162731	0.463661096	0.050647488	0.016188776	0.001257824	0.983811224	0.001257824	0.594462077	0.042505851
edgeR	300	400	abundant	10	0.97476	0.002506033	0.394902161	0.050438874	0.49175	0.063370703	0.437927079	0.055759409	0.015382653	0.001391831	0.984617347	0.001391831	0.605097839	0.050438874
edgeR	300	500	abundant	1	0.97484	0.000623123	0.151132447	0.283813591	0.009	0.021904291	0.016071769	0.03510807	0.000394872	0.000877262	0.999605128	0.000877262	0.228867553	0.359489564
edgeR	300	500	abundant	2	0.971905	0.002633981	0.448561244	0.044590322	0.5192	0.058390535	0.479893839	0.043892868	0.016487179	0.002454941	0.983512821	0.002454941	0.551438756	0.044590322
edgeR	300	500	abundant	5	0.96912	0.002663938	0.404872123	0.043136873	0.5018	0.059363288	0.447979287	0.049362866	0.018897436	0.001489107	0.981102564	0.001489107	0.595127877	0.043136873
edgeR	300	500	abundant	10	0.96919	0.003254197	0.399893021	0.055717121	0.4618	0.062609581	0.428492462	0.058499157	0.0178	0.001881465	0.9822	0.001881465	0.600106979	0.055717121
edgeR	300	800	abundant	1	0.959755	0.000827235	0.11960928	0.268077352	0.005	0.010952146	0.009330058	0.020143487	0.000463542	0.001062231	0.999536458	0.001062231	0.23039072	0.380264061
edgeR	300	800	abundant	2	0.9584	0.002437087	0.467578962	0.064995455	0.259625	0.042671779	0.33181636	0.044194056	0.012484375	0.002316799	0.987515625	0.002316799	0.532421038	0.064995455
edgeR	300	800	abundant	5	0.955515	0.003064504	0.408062599	0.062816898	0.249625	0.040996697	0.30959215	0.049234775	0.015072917	0.001721562	0.984927083	0.001721562	0.591937401	0.062816898
edgeR	300	800	abundant	10	0.955405	0.00281742	0.399624832	0.061707475	0.229375	0.036900725	0.291405218	0.046025399	0.01434375	0.00147392	0.98565625	0.00147392	0.600375168	0.061707475
edgeR	300	1000	abundant	1	0.949825	0.000596179	0.144984848	0.284280404	0.0031	0.005978919	0.006014935	0.011529899	0.000347368	0.000686517	0.999652632	0.000686517	0.245015152	0.377425729
edgeR	300	1000	abundant	2	0.947655	0.002913479	0.458788806	0.055141921	0.2445	0.031762216	0.317959336	0.03569912	0.015336842	0.002656469	0.984663158	0.002656469	0.541211194	0.055141921
edgeR	300	1000	abundant	5	0.94446	0.003112925	0.406152861	0.052734226	0.2401	0.03279859	0.301704	0.040144839	0.018468421	0.001733682	0.981531579	0.001733682	0.593847139	0.052734226
edgeR	300	1000	abundant	10	0.944375	0.002941668	0.39868013	0.05245447	0.2207	0.029310425	0.284023411	0.037248801	0.017536842	0.001744598	0.982463158	0.001744598	0.60131987	0.05245447
edgeR	300	2000	abundant	1	0.89986	0.00072153	0.109675325	0.227428056	0.00285	0.006523268	0.005509788	0.012549812	0.000472222	0.001018519	0.999527778	0.001018519	0.210324675	0.347644083
edgeR	300	2000	abundant	2	0.89615	0.003515119	0.445634057	0.051517226	0.1516	0.018921422	0.225742978	0.025585736	0.021122222	0.003250927	0.978877778	0.003250927	0.554365943	0.051517226
edgeR	300	2000	abundant	5	0.892935	0.00422932	0.402122762	0.059616971	0.1462	0.023388679	0.214374776	0.033531087	0.024094444	0.002376327	0.975905556	0.002376327	0.597877238	0.059616971
edgeR	300	2000	abundant	10	0.89382	0.003718314	0.408633212	0.054848558	0.138	0.018640675	0.20629362	0.027702818	0.0222	0.002181044	0.9778	0.002181044	0.591366788	0.054848558
fastANCOM	300	100	abundant	1	0.989010989	0	0	0	0	0	0	0	0	0	1	0	0	0
fastANCOM	300	100	abundant	10	0.968236264	0.008390415	0.222520121	0.065008812	0.696	0.175893984	0.33056448	0.077041557	0.028738889	0.009152754	0.971261111	0.009152754	0.777479879	0.065008812
fastANCOM	300	100	abundant	2	0.986978022	0.002670812	0.39331907	0.140839611	0.3375	0.1293344	0.360553079	0.131135698	0.005805556	0.001730806	0.994194444	0.001730806	0.60668093	0.140839611
fastANCOM	300	100	abundant	5	0.981384615	0.005908671	0.313821489	0.105614352	0.493	0.146486489	0.374338008	0.105075962	0.013188889	0.006137889	0.986811111	0.006137889	0.686178511	0.105614352
fastANCOM	300	1000	abundant	1	0.89999	0.000141421	0.0025	0.035355339	5.00E-05	0.000707107	9.80E-05	0.001386484	1.67E-05	0.000175329	0.999983333	0.000175329	0.0075	0.078897873
fastANCOM	300	1000	abundant	10	0.6474	0.038422931	0.187295568	0.021416012	0.74665	0.05515877	0.299041937	0.030073989	0.363627778	0.041748121	0.636372222	0.041748121	0.812704432	0.021416012
fastANCOM	300	1000	abundant	2	0.88747	0.016254852	0.375406408	0.086418195	0.1543	0.040306738	0.214497058	0.046679271	0.031066667	0.019180376	0.968933333	0.019180376	0.624593592	0.086418195
fastANCOM	300	1000	abundant	5	0.660665	0.064738149	0.176452372	0.036636801	0.61955	0.057740517	0.272662084	0.043910105	0.334766667	0.071996132	0.665233333	0.071996132	0.823547628	0.036636801
fastANCOM	300	200	abundant	1	0.97825	0.000108422	0	0	0	0	0	0	1.11E-05	0.000110832	0.999988889	0.000110832	0.01	0.099748427
fastANCOM	300	200	abundant	10	0.930771739	0.010700227	0.222645187	0.0298922	0.855	0.08282087	0.35201808	0.03899977	0.067544444	0.011466451	0.932455556	0.011466451	0.777354813	0.0298922
fastANCOM	300	200	abundant	2	0.974353261	0.003888047	0.386472794	0.113427593	0.28475	0.0936686	0.322832565	0.092514158	0.010322222	0.003608742	0.989677778	0.003608742	0.613527206	0.113427593
fastANCOM	300	200	abundant	5	0.949043478	0.010327631	0.253409566	0.051466043	0.6575	0.131358384	0.36150916	0.060804351	0.044477778	0.011581827	0.955522222	0.011581827	0.746590434	0.051466043
fastANCOM	300	2000	abundant	1	0.818181818	0	0	0	0	0	0	0	0	0	1	0	0	0
fastANCOM	300	2000	abundant	10	0.334018182	0.071402935	0.169868766	0.019754692	0.675475	0.040108513	0.271078184	0.027107784	0.741861111	0.084919389	0.258138889	0.084919389	0.830131234	0.019754692
fastANCOM	300	2000	abundant	2	0.798340909	0.044165405	0.378789737	0.080169984	0.114725	0.03201051	0.171137957	0.036463701	0.049744444	0.057679093	0.950255556	0.057679093	0.621210263	0.080169984
fastANCOM	300	2000	abundant	5	0.386077273	0.123762484	0.164734932	0.037049516	0.548975	0.041773791	0.251027646	0.041111635	0.650122222	0.152568708	0.349877778	0.152568708	0.835265068	0.037049516
fastANCOM	300	300	abundant	1	0.967741935	0.000186709	0.005	0.070710678	0.000333333	0.004714045	0.000625	0.008838835	1.11E-05	0.000110832	0.999988889	0.000110832	0.01	0.099748427
fastANCOM	300	300	abundant	10	0.897188172	0.012966415	0.217435361	0.025450965	0.827833333	0.073954843	0.343636277	0.03456146	0.1005	0.013710354	0.8995	0.013710354	0.782564639	0.025450965
fastANCOM	300	300	abundant	2	0.962365591	0.004618935	0.374608712	0.099984541	0.241166667	0.083807862	0.28862928	0.084902125	0.013594444	0.004615601	0.986405556	0.004615601	0.625391288	0.099984541
fastANCOM	300	300	abundant	5	0.913602151	0.017229189	0.226846537	0.044585864	0.664333333	0.111159063	0.335025678	0.053902532	0.078088889	0.018796259	0.921911111	0.018796259	0.773153463	0.044585864
fastANCOM	300	400	abundant	1	0.957441489	7.52E-05	0	0	0	0	0	0	5.56E+06	7.86E-05	0.999994444	7.86E-05	0.005	0.070710678
fastANCOM	300	400	abundant	10	0.853835106	0.014003221	0.207456678	0.019436915	0.855875	0.064678248	0.333564373	0.027783321	0.146255556	0.014824619	0.853744444	0.014824619	0.792543322	0.019436915
fastANCOM	300	400	abundant	2	0.948452128	0.008904981	0.372141077	0.094932092	0.27	0.075977714	0.30754851	0.073418981	0.021394444	0.009393149	0.978605556	0.009393149	0.627858923	0.094932092
fastANCOM	300	400	abundant	5	0.878031915	0.017956109	0.214240825	0.032342118	0.68475	0.095790483	0.325022855	0.043625549	0.113377778	0.019368669	0.886622222	0.019368669	0.785759175	0.032342118
fastANCOM	300	500	abundant	1	0.947373684	7.44E-05	0.005	0.070710678	1.00E-04	0.001414214	0.000196078	0.002772968	0	0	1	0	0	0
fastANCOM	300	500	abundant	10	0.807452632	0.01804744	0.197455102	0.016784605	0.8599	0.050782718	0.320810501	0.023526677	0.195461111	0.019476293	0.804538889	0.019476293	0.802544898	0.016784605
fastANCOM	300	500	abundant	2	0.933626316	0.012597237	0.354902529	0.089477563	0.2725	0.073544503	0.301270217	0.066088989	0.029644444	0.014345432	0.970355556	0.014345432	0.645097471	0.089477563
fastANCOM	300	500	abundant	5	0.831952632	0.022865334	0.196236068	0.030278901	0.6948	0.089020126	0.305022875	0.041397568	0.160427778	0.024549462	0.839572222	0.024549462	0.803763932	0.030278901
fastANCOM	300	800	abundant	1	0.918352041	0.000216461	0.001	0.014142136	6.25E-05	0.000883883	0.000117647	0.001663781	2.22E-05	0.00031427	0.999977778	0.00031427	0.004	0.056568542
fastANCOM	300	800	abundant	10	0.718076531	0.028765325	0.191214989	0.020058853	0.7510625	0.051603945	0.304427715	0.027910588	0.284855556	0.030913729	0.715144444	0.030913729	0.808785011	0.020058853
fastANCOM	300	800	abundant	2	0.91080102	0.007619076	0.392549581	0.091390876	0.1533125	0.044543284	0.217366061	0.054229404	0.021866667	0.00844418	0.978133333	0.00844418	0.607450419	0.091390876
fastANCOM	300	800	abundant	5	0.737984694	0.051710788	0.183231709	0.040052538	0.6050625	0.063960296	0.279210104	0.048457133	0.2502	0.056294996	0.7498	0.056294996	0.816768291	0.040052538
LEfSe	300	100	abundant	1	0.988967033	0.000438455	0.015	0.121857483	0.0015	0.012185748	0.002727273	0.022155906	6.11E-05	0.000419712	0.999938889	0.000419712	0.03	0.171015295
LEfSe	300	100	abundant	10	0.925137363	0.007601395	0.12767446	0.012409085	0.986	0.037564016	0.225870074	0.019584783	0.075538889	0.007708053	0.924461111	0.007708053	0.87232554	0.012409085
LEfSe	300	100	abundant	2	0.976868132	0.00654236	0.281041889	0.080468282	0.6325	0.164404667	0.380007776	0.084912401	0.019305556	0.007253561	0.980694444	0.007253561	0.718958111	0.080468282
LEfSe	300	100	abundant	5	0.943813187	0.011331196	0.163390033	0.030581678	0.955	0.070710678	0.277694493	0.043675767	0.056311111	0.011647446	0.943688889	0.011647446	0.836609967	0.030581678
LEfSe	300	1000	abundant	1	0.89993956	0.000537722	0.002747253	0.037062466	5.49E-05	0.000741249	0.000107735	0.00145343	7.33E-05	0.000602435	0.99992674	0.000602435	0.03021978	0.167592495
LEfSe	300	1000	abundant	10	0.741045	0.041215733	0.242370155	0.029669909	0.7242	0.055558923	0.361523301	0.032255799	0.257083333	0.048976172	0.742916667	0.048976172	0.757629845	0.029669909
LEfSe	300	1000	abundant	2	0.888445	0.006741976	0.374880148	0.06484448	0.1702	0.040536106	0.232293599	0.047188702	0.03175	0.007587149	0.96825	0.007587149	0.625119852	0.06484448
LEfSe	300	1000	abundant	5	0.831815	0.023424438	0.313468497	0.037297787	0.55305	0.05910724	0.398084363	0.036408607	0.137211111	0.028216412	0.862788889	0.028216412	0.686531503	0.037297787
LEfSe	300	200	abundant	1	0.978222635	0.000253314	0	0	0	0	0	0	3.91E-05	0.000258944	0.999960916	0.000258944	0.025125628	0.156901369
LEfSe	300	200	abundant	10	0.888902174	0.016864632	0.16100164	0.021221908	0.953	0.045842203	0.274801501	0.030725788	0.112522222	0.017512223	0.887477778	0.017512223	0.83899836	0.021221908
LEfSe	300	200	abundant	2	0.967875	0.005978085	0.34085279	0.074005617	0.4755	0.111069492	0.391285741	0.073245932	0.021183333	0.006460691	0.978816667	0.006460691	0.65914721	0.074005617
LEfSe	300	200	abundant	5	0.927315217	0.014502345	0.218359276	0.036151458	0.8685	0.081028254	0.346938266	0.045525676	0.071377778	0.015444382	0.928622222	0.015444382	0.781640724	0.036151458
LEfSe	300	2000	abundant	1	0.818171717	0.000135519	0	0	0	0	0	0	1.23E-05	0.000165635	0.999987654	0.000165635	0.005555556	0.074535599
LEfSe	300	2000	abundant	10	0.629640909	0.04539575	0.272970718	0.025961352	0.6089	0.041734263	0.37561711	0.024519732	0.36575	0.060563194	0.63425	0.060563194	0.727029282	0.025961352
LEfSe	300	2000	abundant	2	0.80515	0.007768761	0.383266894	0.061176696	0.115375	0.027732288	0.17603263	0.036513848	0.041566667	0.010379121	0.958433333	0.010379121	0.616733106	0.061176696
LEfSe	300	2000	abundant	5	0.740177273	0.021511994	0.334626266	0.031360419	0.42515	0.039738182	0.37321691	0.027208632	0.189816667	0.028891418	0.810183333	0.028891418	0.665373734	0.031360419
LEfSe	300	300	abundant	1	0.967672043	0.000470832	0.005	0.070710678	0.000166667	0.002357023	0.000322581	0.004561979	7.78E-05	0.000479236	0.999922222	0.000479236	0.04	0.196450922
LEfSe	300	300	abundant	10	0.862274194	0.025142939	0.182108823	0.027207961	0.904666667	0.052096204	0.302065997	0.037201248	0.139138889	0.026555565	0.860861111	0.026555565	0.817891177	0.027207961
LEfSe	300	300	abundant	2	0.957806452	0.007427999	0.357267511	0.087063831	0.3575	0.095043996	0.352398693	0.080745912	0.022183333	0.007601804	0.977816667	0.007601804	0.642732489	0.087063831
LEfSe	300	300	abundant	5	0.912494624	0.019928274	0.247009147	0.044663095	0.7855	0.079682333	0.372914535	0.051985451	0.083272222	0.021455274	0.916727778	0.021455274	0.752990853	0.044663095
LEfSe	300	400	abundant	1	0.957418813	0.000202801	0	0	0	0	0	0	2.92E-05	0.000211814	0.99997076	0.000211814	0.021052632	0.143939094
LEfSe	300	400	abundant	10	0.807244681	0.030507175	0.174130108	0.023209829	0.918375	0.042862224	0.291925086	0.032117911	0.197694444	0.032524323	0.802305556	0.032524323	0.825869892	0.023209829
LEfSe	300	400	abundant	2	0.943345745	0.008557285	0.350862455	0.072275076	0.36325	0.085136234	0.35195791	0.065258009	0.030872222	0.009595632	0.969127778	0.009595632	0.649137545	0.072275076
LEfSe	300	400	abundant	5	0.880925532	0.022848118	0.241959269	0.03667918	0.807375	0.07171611	0.370264637	0.043287089	0.115805556	0.025055664	0.884194444	0.025055664	0.758040731	0.03667918
LEfSe	300	500	abundant	1	0.947282492	0.000668697	0	0	0	0	0	0	9.07E-05	0.000705847	0.999909297	0.000705847	0.030612245	0.172705864
LEfSe	300	500	abundant	10	0.749442105	0.037449099	0.167138999	0.021878586	0.9216	0.037955806	0.282238046	0.030508228	0.260122222	0.040205717	0.739877778	0.040205717	0.832861001	0.021878586
LEfSe	300	500	abundant	2	0.930268421	0.008550641	0.350117415	0.060014895	0.3636	0.085437332	0.351932212	0.059120316	0.03825	0.010662314	0.96175	0.010662314	0.649882585	0.060014895
LEfSe	300	500	abundant	5	0.850757895	0.02726409	0.238346143	0.031968268	0.8043	0.062763094	0.365812115	0.036522389	0.146661111	0.030680496	0.853338889	0.030680496	0.761653857	0.031968268
LEfSe	300	800	abundant	1	0.918183781	0.002021571	0.000481	0.006612663	0.000198413	0.002727724	0.000280938	0.003862264	0.000217519	0.002441537	0.999782481	0.002441537	0.025974026	0.158096009
LEfSe	300	800	abundant	10	0.790892857	0.034580119	0.245035325	0.033115824	0.7243125	0.054812344	0.364486177	0.036823198	0.203188889	0.039483971	0.796811111	0.039483971	0.754964675	0.033115824
LEfSe	300	800	abundant	2	0.90927551	0.006622639	0.382999999	0.077037972	0.176	0.047509586	0.238609907	0.054731424	0.025544444	0.007225756	0.974455556	0.007225756	0.617000001	0.077037972
LEfSe	300	800	abundant	5	0.865612245	0.018962486	0.317813733	0.041647388	0.5416875	0.060699926	0.398342789	0.039821322	0.105594444	0.022083705	0.894405556	0.022083705	0.682186267	0.041647388
limma_voom	300	100	abundant	1	0.988950549	0.000443375	0.01	0.099748427	0.001	0.009974843	0.001818182	0.018136078	7.22E-05	0.000432524	0.999927778	0.000432524	0.04	0.196450922
limma_voom	300	100	abundant	10	0.960027473	0.011531392	0.210293602	0.043818419	0.892	0.111346261	0.33780037	0.059733251	0.039216667	0.01196278	0.960783333	0.01196278	0.789706398	0.043818419
limma_voom	300	100	abundant	2	0.98267033	0.004721363	0.326657234	0.105669658	0.479	0.143043023	0.380649878	0.105135374	0.011733333	0.004825435	0.988266667	0.004825435	0.673342766	0.105669658
limma_voom	300	100	abundant	5	0.968318681	0.011563276	0.245693832	0.063371804	0.795	0.146225543	0.367945391	0.071031784	0.029755556	0.012526867	0.970244444	0.012526867	0.754306168	0.063371804
limma_voom	300	1000	abundant	1	0.86963	0.073323014	0.038411322	0.083185046	0.01255	0.024942094	0.012671636	0.020341635	0.035138889	0.083758598	0.964861111	0.083758598	0.621588678	0.454088578
limma_voom	300	1000	abundant	10	0.477835	0.232279415	0.156470502	0.070961458	0.74225	0.089327119	0.250982928	0.093425333	0.551544444	0.260065962	0.448455556	0.260065962	0.843529498	0.070961458
limma_voom	300	1000	abundant	2	0.797545	0.126407207	0.221743077	0.103126613	0.2198	0.075421496	0.195402106	0.050484141	0.138261111	0.146997815	0.861738889	0.146997815	0.778256923	0.103126613
limma_voom	300	1000	abundant	5	0.63928	0.189150711	0.196373941	0.076452805	0.6217	0.076079237	0.287628846	0.085820571	0.358766667	0.214934227	0.641233333	0.214934227	0.803626059	0.076452805
limma_voom	300	200	abundant	1	0.977407609	0.002911471	0.000357143	0.005050763	0.00025	0.003535534	0.000294118	0.004159452	0.000877778	0.003000486	0.999122222	0.003000486	0.174642857	0.380175967
limma_voom	300	200	abundant	10	0.913978261	0.029049851	0.196515789	0.053322444	0.85125	0.086593473	0.315555459	0.07025233	0.084627778	0.030012669	0.915372222	0.030012669	0.803484211	0.053322444
limma_voom	300	200	abundant	2	0.968201087	0.008814998	0.33295214	0.092576157	0.39025	0.109784794	0.350132736	0.083785528	0.018955556	0.009418637	0.981044444	0.009418637	0.66704786	0.092576157
limma_voom	300	200	abundant	5	0.939119565	0.027024604	0.25176084	0.05951675	0.77875	0.106737538	0.374507504	0.070468734	0.057316667	0.028696753	0.942683333	0.028696753	0.74823916	0.05951675
limma_voom	300	2000	abundant	1	0.730554545	0.236435889	0.084999134	0.17136756	0.025875	0.056065373	0.019567777	0.029470451	0.11285	0.300579327	0.88715	0.300579327	0.555000866	0.446562111
limma_voom	300	2000	abundant	10	0.040804545	0.473166049	0.161640155	0.084601023	0.718175	0.084015399	0.252296519	0.104890892	1.109722222	0.585005556	0.109722222	0.585005556	0.838359845	0.084601023
limma_voom	300	2000	abundant	2	0.581359091	0.35683052	0.238880807	0.118161484	0.213875	0.114880796	0.177767987	0.043915265	0.336977778	0.459910766	0.663022222	0.459910766	0.761119193	0.118161484
limma_voom	300	2000	abundant	5	0.250118182	0.446901513	0.186326784	0.091386394	0.58785	0.089897359	0.265104978	0.096450737	0.824933333	0.561176032	0.175066667	0.561176032	0.813673216	0.091386394
limma_voom	300	300	abundant	1	0.963774194	0.011142963	0.004357325	0.023429866	0.003333333	0.021134754	0.002836335	0.013109775	0.004211111	0.012068517	0.995788889	0.012068517	0.385642675	0.484047297
limma_voom	300	300	abundant	10	0.858225806	0.04990915	0.17511658	0.057128327	0.794166667	0.086525946	0.282806519	0.076421924	0.139638889	0.05166043	0.860361111	0.05166043	0.82488342	0.057128327
limma_voom	300	300	abundant	2	0.944247312	0.027145461	0.276726435	0.103354341	0.3145	0.107640939	0.277382855	0.080688168	0.034761111	0.029639222	0.965238889	0.029639222	0.723273565	0.103354341
limma_voom	300	300	abundant	5	0.891795699	0.053278661	0.218433876	0.072331232	0.7265	0.099932836	0.328085841	0.086894585	0.102694444	0.056402636	0.897305556	0.056402636	0.781566124	0.072331232
limma_voom	300	400	abundant	1	0.953861702	0.009006908	0.009908948	0.074318844	0.002	0.008066931	0.00265837	0.01032781	0.003833333	0.009611699	0.996166667	0.009611699	0.315091052	0.461038368
limma_voom	300	400	abundant	10	0.805505319	0.065497341	0.170668196	0.052745348	0.814375	0.078716043	0.278810037	0.072708317	0.194888889	0.068128037	0.805111111	0.068128037	0.829331804	0.052745348
limma_voom	300	400	abundant	2	0.924797872	0.02892011	0.272104792	0.103252916	0.334	0.081059256	0.286740193	0.07632002	0.048944444	0.031167841	0.951055556	0.031167841	0.727895208	0.103252916
limma_voom	300	400	abundant	5	0.874031915	0.052229425	0.234348536	0.061488374	0.73625	0.083604041	0.349831807	0.072212619	0.119844444	0.056023051	0.880155556	0.056023051	0.765651464	0.061488374
limma_voom	300	500	abundant	1	0.939947368	0.019666267	0.009034348	0.053242277	0.0037	0.015540836	0.003614716	0.012672798	0.008038889	0.021460992	0.991961111	0.021460992	0.490965652	0.494986136
limma_voom	300	500	abundant	10	0.746610526	0.07580168	0.159473583	0.048702869	0.8025	0.079620646	0.263474334	0.068611838	0.256494444	0.078855507	0.743505556	0.078855507	0.840526417	0.048702869
limma_voom	300	500	abundant	2	0.903389474	0.050743622	0.268435392	0.093934088	0.3286	0.091145915	0.278948607	0.068105161	0.064677778	0.056505402	0.935322222	0.056505402	0.731564608	0.093934088
limma_voom	300	500	abundant	5	0.824	0.074215412	0.213343267	0.06322205	0.7299	0.094065037	0.323507167	0.074632473	0.170772222	0.08084256	0.829227778	0.08084256	0.786656733	0.06322205
limma_voom	300	800	abundant	1	0.891729592	0.063896943	0.048253241	0.121800147	0.0155	0.038486603	0.014901805	0.024820001	0.030383333	0.072477075	0.969616667	0.072477075	0.616746759	0.454133918
limma_voom	300	800	abundant	10	0.575530612	0.185997978	0.154318798	0.066669568	0.7315	0.088822207	0.247408895	0.087001975	0.438333333	0.204984085	0.561666667	0.204984085	0.845681202	0.066669568
limma_voom	300	800	abundant	2	0.830244898	0.102030973	0.215280677	0.099604197	0.225625	0.079272663	0.194294785	0.051907365	0.116011111	0.116207156	0.883988889	0.116207156	0.784719323	0.099604197
limma_voom	300	800	abundant	5	0.676683673	0.166881196	0.183576483	0.081855638	0.615375	0.081151709	0.270351488	0.090645313	0.317866667	0.185839456	0.682133333	0.185839456	0.816423517	0.081855638
LinDA	300	100	abundant	1	0.988879121	0.000666116	0.01125	0.101178669	0.002	0.017247824	0.002929293	0.023911717	0.000155556	0.000747558	0.999844444	0.000747558	0.05875	0.233739402
LinDA	300	100	abundant	10	0.956928571	0.007901817	0.181484945	0.041921902	0.806	0.160601883	0.294704942	0.061961932	0.041394444	0.008000711	0.958605556	0.008000711	0.818515055	0.041921902
LinDA	300	100	abundant	2	0.98428022	0.003935555	0.33806611	0.120087341	0.403	0.134092895	0.362246337	0.116888266	0.009261111	0.003603043	0.990738889	0.003603043	0.66193389	0.120087341
LinDA	300	100	abundant	5	0.970967033	0.008398195	0.230611315	0.080134391	0.6355	0.180423149	0.332573943	0.097161947	0.025305556	0.008414503	0.974694444	0.008414503	0.769388685	0.080134391
LinDA	300	1000	abundant	1	0.899995	7.07E-05	0	0	0	0	0	0	5.56E+06	7.86E-05	0.999994444	7.86E-05	0.005	0.070710678
LinDA	300	1000	abundant	10	0.73461	0.049662761	0.250123899	0.028240549	0.80045	0.048383908	0.379760443	0.032662219	0.272705556	0.057790831	0.727294444	0.057790831	0.749876101	0.028240549
LinDA	300	1000	abundant	2	0.89019	0.007340526	0.378957615	0.075599479	0.14285	0.036812406	0.205005939	0.044544492	0.026772222	0.008682413	0.973227778	0.008682413	0.621042385	0.075599479
LinDA	300	1000	abundant	5	0.817325	0.025293242	0.306786427	0.033545783	0.6355	0.062315053	0.411745805	0.032615433	0.162472222	0.031373512	0.837527778	0.031373512	0.693213573	0.033545783
LinDA	300	200	abundant	1	0.978146739	0.000701112	0.001666667	0.023570226	0.00025	0.003535534	0.000434783	0.006148755	0.000122222	0.000728647	0.999877778	0.000728647	0.048333333	0.212395079
LinDA	300	200	abundant	10	0.922586957	0.011721659	0.211643656	0.027100759	0.917	0.061888212	0.342930316	0.035912663	0.077288889	0.012329935	0.922711111	0.012329935	0.788356344	0.027100759
LinDA	300	200	abundant	2	0.971402174	0.004765285	0.353405291	0.09223788	0.3625	0.112279936	0.352466999	0.090977508	0.015066667	0.004706986	0.984933333	0.004706986	0.646594709	0.09223788
LinDA	300	200	abundant	5	0.946646739	0.010011332	0.268028875	0.03931706	0.806	0.097784503	0.399713976	0.04594006	0.050227778	0.011057547	0.949772222	0.011057547	0.731971125	0.03931706
LinDA	300	2000	abundant	1	0.818177273	6.43E-05	0	0	0	0	0	0	5.56E+06	7.86E-05	0.999994444	7.86E-05	0.005	0.070710678
LinDA	300	2000	abundant	10	0.6157	0.042836501	0.279333256	0.023142059	0.6922	0.042573141	0.396989496	0.023038177	0.4013	0.057690643	0.5987	0.057690643	0.720666744	0.023142059
LinDA	300	2000	abundant	2	0.8072	0.00797196	0.388686946	0.069475379	0.10065	0.030778468	0.15773576	0.040724	0.035788889	0.012115206	0.964211111	0.012115206	0.611313054	0.069475379
LinDA	300	2000	abundant	5	0.722131818	0.0257726	0.331898116	0.028967642	0.509775	0.044530768	0.400520224	0.024736214	0.230677778	0.036235266	0.769322222	0.036235266	0.668101884	0.028967642
LinDA	300	300	abundant	1	0.967672043	0.000494897	0.011547619	0.092105006	0.000833333	0.006195674	0.001511412	0.011258928	1.00E-04	0.000570051	0.9999	0.000570051	0.043452381	0.19693867
LinDA	300	300	abundant	10	0.897043011	0.014602277	0.226516664	0.025912341	0.888	0.059313022	0.36001007	0.033366025	0.102655556	0.015645742	0.897344444	0.015645742	0.773483336	0.025912341
LinDA	300	300	abundant	2	0.960193548	0.005589818	0.359787414	0.098063488	0.285833333	0.095073365	0.312854546	0.086327903	0.017327778	0.00579131	0.982672222	0.00579131	0.640212586	0.098063488
LinDA	300	300	abundant	5	0.926672043	0.014372054	0.279769628	0.041887665	0.769333333	0.089315281	0.407354465	0.04630655	0.068083333	0.016065247	0.931916667	0.016065247	0.720230372	0.041887665
LinDA	300	400	abundant	1	0.957388298	0.000545872	0.000555556	0.007856742	0.000125	0.001767767	0.000204082	0.00288615	6.67E-05	0.000646062	0.999933333	0.000646062	0.024444444	0.153200648
LinDA	300	400	abundant	10	0.853260638	0.018706374	0.21567278	0.022199749	0.912375	0.048274075	0.348159289	0.028891702	0.149366667	0.020241887	0.850633333	0.020241887	0.78432722	0.022199749
LinDA	300	400	abundant	2	0.94662766	0.007065597	0.35870596	0.081846116	0.303125	0.081055285	0.32363405	0.070179628	0.024772222	0.007828104	0.975227778	0.007828104	0.64129404	0.081846116
LinDA	300	400	abundant	5	0.898968085	0.015576701	0.271291021	0.032642845	0.792	0.075553236	0.40247139	0.038100815	0.096277778	0.017515425	0.903722222	0.017515425	0.728708979	0.032642845
LinDA	300	500	abundant	1	0.947273684	0.001002176	0.005	0.070710678	1.00E-04	0.001414214	0.000196078	0.002772968	0.000105556	0.001054372	0.999894444	0.001054372	0.025	0.156516732
LinDA	300	500	abundant	10	0.811536842	0.022800942	0.209644608	0.021351277	0.9166	0.037623365	0.340651764	0.028172697	0.1943	0.024506117	0.8057	0.024506117	0.790355392	0.021351277
LinDA	300	500	abundant	2	0.933915789	0.008316703	0.357211225	0.072713529	0.3012	0.078391877	0.321790207	0.063954967	0.030933333	0.009805757	0.969066667	0.009805757	0.642788775	0.072713529
LinDA	300	500	abundant	5	0.874436842	0.018179013	0.270241104	0.028273351	0.7945	0.070829614	0.401695232	0.031726987	0.121122222	0.021212689	0.878877778	0.021212689	0.729758896	0.028273351
LinDA	300	800	abundant	1	0.918336735	0.000367558	0.001666667	0.023570226	0.0003125	0.004419417	0.000526316	0.007443229	6.11E-05	0.0007892	0.999938889	0.0007892	0.008333333	0.084786328
LinDA	300	800	abundant	10	0.771602041	0.060457292	0.244840819	0.03947353	0.8055625	0.050152054	0.373078827	0.046920801	0.231416667	0.06790904	0.768583333	0.06790904	0.755159181	0.03947353
LinDA	300	800	abundant	2	0.910530612	0.006514761	0.384589389	0.09088984	0.1495	0.045852478	0.212107325	0.055285561	0.021822222	0.007434842	0.978177778	0.007434842	0.615410611	0.09088984
LinDA	300	800	abundant	5	0.854632653	0.021819433	0.311143258	0.037449766	0.6196875	0.065899239	0.41202436	0.037310464	0.124483333	0.02599264	0.875516667	0.02599264	0.688856742	0.037449766
MaAsLin2	300	100	abundant	1	0.988956044	0.000393371	0.005	0.070710678	5.00E-04	0.007071068	0.000909091	0.012856487	6.11E-05	0.000389028	0.999938889	0.000389028	0.035	0.184240939
MaAsLin2	300	100	abundant	10	0.919489011	0.007869327	0.120052699	0.011291063	0.9895	0.032326071	0.213941062	0.017883159	0.081288889	0.008008805	0.918711111	0.008008805	0.879947301	0.011291063
MaAsLin2	300	100	abundant	2	0.979434066	0.006478631	0.290249704	0.100859945	0.5115	0.159199473	0.358910838	0.098020605	0.015366667	0.006990204	0.984633333	0.006990204	0.709750296	0.100859945
MaAsLin2	300	100	abundant	5	0.940516484	0.012978227	0.155416099	0.032151609	0.9435	0.080561784	0.265106423	0.045112514	0.059516667	0.013474305	0.940483333	0.013474305	0.844583901	0.032151609
MaAsLin2	300	1000	abundant	1	0.89999	9.97E-05	0.001666667	0.023570226	5.00E-05	0.000707107	9.71E-05	0.001373023	1.67E-05	0.000175329	0.999983333	0.000175329	0.008333333	0.084786328
MaAsLin2	300	1000	abundant	10	0.62105	0.06221722	0.190021145	0.024587643	0.8299	0.048203818	0.307999749	0.030444419	0.402155556	0.072527991	0.597844444	0.072527991	0.809978855	0.024587643
MaAsLin2	300	1000	abundant	2	0.88967	0.007371758	0.372494467	0.074501742	0.14085	0.036128991	0.201984734	0.043749895	0.027127778	0.008756891	0.972872222	0.008756891	0.627505533	0.074501742
MaAsLin2	300	1000	abundant	5	0.777949749	0.043626253	0.26524521	0.038773039	0.652914573	0.062809217	0.374231138	0.037414505	0.208157454	0.052523474	0.791842546	0.052523474	0.73475479	0.038773039
MaAsLin2	300	200	abundant	1	0.978195652	0.000430942	0	0	0	0	0	0	6.67E-05	0.000440519	0.999933333	0.000440519	0.03	0.171015295
MaAsLin2	300	200	abundant	10	0.859618746	0.017925461	0.132437213	0.01533204	0.966834171	0.04120076	0.232577374	0.023318114	0.142763819	0.018628582	0.857236181	0.018628582	0.867562787	0.01533204
MaAsLin2	300	200	abundant	2	0.96876087	0.006341962	0.331070847	0.094194342	0.38975	0.11980905	0.350070342	0.088722314	0.018372222	0.006843801	0.981627778	0.006843801	0.668929153	0.094194342
MaAsLin2	300	200	abundant	5	0.908309783	0.020392791	0.182635923	0.033637216	0.8775	0.082326412	0.300135496	0.043673721	0.091005556	0.021771133	0.908994444	0.021771133	0.817364077	0.033637216
MaAsLin2	300	2000	abundant	1	0.818181818	0	0	0	0	0	0	0	0	0	1	0	0	0
MaAsLin2	300	2000	abundant	10	0.516959091	0.065328707	0.236372671	0.022952909	0.7263	0.042962646	0.355511587	0.02461305	0.529561111	0.08603024	0.470438889	0.08603024	0.763627329	0.022952909
MaAsLin2	300	2000	abundant	2	0.8065418	0.008238087	0.382770534	0.069313738	0.100502513	0.031127771	0.157086193	0.041301495	0.036560581	0.012281051	0.963439419	0.012281051	0.617229466	0.069313738
MaAsLin2	300	2000	abundant	5	0.694195455	0.035115122	0.307625646	0.031400781	0.5289	0.047703966	0.38699859	0.025351264	0.269072222	0.049017619	0.730927778	0.049017619	0.692374354	0.031400781
MaAsLin2	300	300	abundant	1	0.96772043	0.000263165	0.008	0.082279094	0.000666667	0.007442315	0.001179724	0.012930377	4.44E-05	0.000291322	0.999955556	0.000291322	0.022	0.142891884
MaAsLin2	300	300	abundant	10	0.807069892	0.030328723	0.139409822	0.019488274	0.938333333	0.043538363	0.242126055	0.028914947	0.197305556	0.031813956	0.802694444	0.031813956	0.860590178	0.019488274
MaAsLin2	300	300	abundant	2	0.95788172	0.008020619	0.339817211	0.0965502	0.289	0.092975505	0.30465049	0.079865446	0.019822222	0.008865435	0.980177778	0.008865435	0.660182789	0.0965502
MaAsLin2	300	300	abundant	5	0.880080645	0.030030031	0.197626806	0.040177674	0.827833333	0.07842514	0.316136171	0.049967687	0.118177778	0.0323004	0.881822222	0.0323004	0.802373194	0.040177674
MaAsLin2	300	400	abundant	1	0.957420213	0.000166507	0.001666667	0.023570226	0.000125	0.001767767	0.000232558	0.003288869	3.33E-05	0.000220259	0.999966667	0.000220259	0.023333333	0.147603223
MaAsLin2	300	400	abundant	10	0.734579787	0.032537146	0.134604176	0.014320929	0.950125	0.033950294	0.23545846	0.021648892	0.275	0.034494569	0.725	0.034494569	0.865395824	0.014320929
MaAsLin2	300	400	abundant	2	0.942643617	0.010379498	0.33384345	0.08482413	0.310875	0.082804846	0.315056844	0.06725047	0.029277778	0.011812455	0.970722222	0.011812455	0.66615655	0.08482413
MaAsLin2	300	400	abundant	5	0.836659574	0.035134452	0.192726962	0.034270379	0.84525	0.066280867	0.311759328	0.042936757	0.163722222	0.038179418	0.836277778	0.038179418	0.807273038	0.034270379
MaAsLin2	300	500	abundant	1	0.947326316	0.000631755	0.01	0.099748427	3.00E-04	0.003155915	0.000580694	0.006092911	6.11E-05	0.000641798	0.999938889	0.000641798	0.02	0.140351318
MaAsLin2	300	500	abundant	10	0.661384211	0.038972818	0.131439537	0.013722803	0.9556	0.0304842	0.230794125	0.020898958	0.354961111	0.041633004	0.645038889	0.041633004	0.868560463	0.013722803
MaAsLin2	300	500	abundant	2	0.929205263	0.010306079	0.327054283	0.07032382	0.3048	0.083809787	0.309323352	0.062413421	0.036105556	0.012696986	0.963894444	0.012696986	0.672945717	0.07032382
MaAsLin2	300	500	abundant	5	0.795921053	0.040841377	0.18977133	0.02840164	0.844	0.062767018	0.308100543	0.035305231	0.20675	0.045362782	0.79325	0.045362782	0.81022867	0.02840164
MaAsLin2	300	800	abundant	1	0.918352041	0.000216461	0.001	0.014142136	6.25E-05	0.000883883	0.000117647	0.001663781	2.22E-05	0.00031427	0.999977778	0.00031427	0.004	0.056568542
MaAsLin2	300	800	abundant	10	0.683571429	0.053913367	0.187212871	0.026772577	0.8328125	0.047444716	0.304422162	0.033897834	0.329694444	0.06081849	0.670305556	0.06081849	0.812787129	0.026772577
MaAsLin2	300	800	abundant	2	0.909591837	0.007027282	0.374312818	0.087584219	0.1486875	0.045604495	0.209454419	0.05441155	0.022772222	0.008194543	0.977227778	0.008194543	0.625687182	0.087584219
MaAsLin2	300	800	abundant	5	0.82225	0.034295507	0.267116139	0.04036872	0.639375	0.067410722	0.37370122	0.039509931	0.161494444	0.040365075	0.838505556	0.040365075	0.732883861	0.04036872
metagenomeSeq	300	200	abundant	1	0.989963918	0.000194286	0.002061856	0.020306923	0.000515464	0.005076731	0.000824742	0.008122769	4.17E-05	0.000238121	0.999958346	0.000238121	0.039175258	0.190698661
metagenomeSeq	300	200	abundant	2	0.996005263	0.001738939	0.899898814	0.112477786	0.691578947	0.098837022	0.7757858	0.085684104	0.000919724	0.001352344	0.999080276	0.001352344	0.100101186	0.112477786
metagenomeSeq	300	200	abundant	5	0.990707071	0.002675484	0.532918756	0.082135614	0.900505051	0.055094978	0.665241698	0.065349805	0.008381798	0.002757718	0.991618202	0.002757718	0.467081244	0.082135614
metagenomeSeq	300	200	abundant	10	0.98069	0.004675198	0.348642144	0.051575386	0.9945	0.015723302	0.514047933	0.056896243	0.019449495	0.004748384	0.980550505	0.004748384	0.651357856	0.051575386
metagenomeSeq	300	300	abundant	1	0.984994898	5.05E-05	0	0	0	0	0	0	5.18E-06	5.13E-05	0.99999482	5.13E-05	0.010204082	0.101015254
metagenomeSeq	300	300	abundant	2	0.993316327	0.001645656	0.908267918	0.094202705	0.627210884	0.084184238	0.736300786	0.06714561	0.001108464	0.001334781	0.998891536	0.001334781	0.091732082	0.094202705
metagenomeSeq	300	300	abundant	5	0.986137755	0.002893986	0.52827709	0.059950332	0.908163265	0.043883952	0.665697296	0.048847044	0.012674816	0.00301276	0.987325184	0.00301276	0.47172291	0.059950332
metagenomeSeq	300	300	abundant	10	0.973464646	0.005269886	0.365415869	0.045917432	0.984848485	0.020355529	0.53127914	0.047940695	0.026708711	0.005411927	0.973291289	0.005411927	0.634584131	0.045917432
metagenomeSeq	300	400	abundant	1	0.97997449	0.000110585	0	0	0	0	0	0	2.60E-05	0.000112842	0.999973969	0.000112842	0.051020408	0.221170689
metagenomeSeq	300	400	abundant	2	0.991314433	0.002019849	0.889499708	0.082152007	0.652835052	0.065239571	0.750007638	0.056537892	0.001777825	0.001541404	0.998222175	0.001541404	0.110500292	0.082152007
metagenomeSeq	300	400	abundant	5	0.979005102	0.005015694	0.494913435	0.061979025	0.922959184	0.034370905	0.641805619	0.053653763	0.019851104	0.005186595	0.980148896	0.005186595	0.505086565	0.061979025
metagenomeSeq	300	400	abundant	10	0.96216	0.006867755	0.349555057	0.039995976	0.991	0.016096301	0.515442515	0.043700673	0.038428571	0.007079214	0.961571429	0.007079214	0.650444943	0.039995976
metagenomeSeq	300	500	abundant	1	0.974995	5.00E-05	0	0	0	0	0	0	5.13E-06	5.13E-05	0.999994872	5.13E-05	0.01	0.1
metagenomeSeq	300	500	abundant	2	0.988838384	0.002487549	0.871867929	0.087236855	0.66	0.066332496	0.747055274	0.052153088	0.002729863	0.002287344	0.997270137	0.002287344	0.128132071	0.087236855
metagenomeSeq	300	500	abundant	5	0.972407216	0.005142921	0.478364361	0.050142522	0.921649485	0.033993885	0.628227892	0.045052299	0.026291303	0.005260326	0.973708697	0.005260326	0.521635639	0.050142522
metagenomeSeq	300	500	abundant	10	0.949586735	0.009422507	0.335595886	0.041926571	0.990816327	0.013213042	0.499907517	0.046499767	0.051470434	0.009674025	0.948529566	0.009674025	0.664404114	0.041926571
metagenomeSeq	300	800	abundant	1	0.959965	0.000258736	0.015	0.111350752	0.00025	0.001758816	0.000490816	0.003453087	4.69E-05	0.000267885	0.999953125	0.000267885	0.035	0.177738316
metagenomeSeq	300	800	abundant	2	0.973775	0.002726947	0.859442034	0.085196377	0.417375	0.052159641	0.558831231	0.051962818	0.003041667	0.002160452	0.996958333	0.002160452	0.140557966	0.085196377
metagenomeSeq	300	800	abundant	5	0.962938776	0.007052551	0.527597235	0.051298832	0.861862245	0.037836652	0.652758821	0.042150372	0.032849702	0.007491527	0.967150298	0.007491527	0.472402765	0.051298832
metagenomeSeq	300	800	abundant	10	0.935237374	0.010501055	0.380434768	0.039129266	0.942045455	0.023921544	0.540706352	0.039544301	0.065046296	0.011125661	0.934953704	0.011125661	0.619565232	0.039129266
metagenomeSeq	300	1000	abundant	1	0.949963918	0.000219462	0	0	0	0	0	0	3.80E-05	0.000231013	0.999962018	0.000231013	0.030927835	0.174021565
metagenomeSeq	300	1000	abundant	2	0.96719697	0.003087845	0.858547905	0.076494773	0.417575758	0.055880538	0.558253578	0.051971734	0.003875598	0.002535802	0.996124402	0.002535802	0.141452095	0.076494773
metagenomeSeq	300	1000	abundant	5	0.953995	0.008078371	0.528572464	0.049238198	0.8661	0.032594695	0.655104501	0.040860896	0.041378947	0.008338504	0.958621053	0.008338504	0.471427536	0.049238198
metagenomeSeq	300	1000	abundant	10	0.920858586	0.013103793	0.385817176	0.0400927	0.938686869	0.021742766	0.545522216	0.039812486	0.080079745	0.014049162	0.919920255	0.014049162	0.614182824	0.0400927
metagenomeSeq	300	2000	abundant	1	0.899974747	0.00018033	0.022727273	0.143262412	0.000151515	0.000861461	0.000300045	0.001705989	4.49E-05	0.000219897	0.999955107	0.000219897	0.047979798	0.210310654
metagenomeSeq	300	2000	abundant	2	0.926096939	0.003798167	0.862271922	0.072449907	0.315153061	0.036449754	0.459206048	0.036999763	0.006020408	0.004042297	0.993979592	0.004042297	0.137728078	0.072449907
metagenomeSeq	300	2000	abundant	5	0.917845	0.009974638	0.566626981	0.039425651	0.7885	0.027856958	0.658394324	0.028294143	0.067783333	0.011460961	0.932216667	0.011460961	0.433373019	0.039425651
metagenomeSeq	300	2000	abundant	10	0.873925	0.01273712	0.437847427	0.026974347	0.892	0.022618934	0.586836283	0.02521664	0.128083333	0.01433033	0.871916667	0.01433033	0.562152573	0.026974347
metagenomeSeq	300	100	abundant	1	0.994984848	0.000111907	0	0	0	0	0	0	1.52E-05	0.000112469	0.999984772	0.000112469	0.02020202	0.141406779
metagenomeSeq	300	100	abundant	2	0.998050505	0.001086783	0.899872854	0.130625215	0.707070707	0.145161785	0.780653863	0.116142773	0.000487285	0.000794395	0.999512715	0.000794395	0.100127146	0.130625215
metagenomeSeq	300	100	abundant	5	0.994427835	0.002041228	0.488990353	0.110812448	0.862886598	0.116654393	0.616391583	0.098869903	0.004911154	0.002032829	0.995088846	0.002032829	0.511009647	0.110812448
metagenomeSeq	300	100	abundant	10	0.98984	0.002271786	0.337205752	0.051319856	1	0	0.50220889	0.056299941	0.010211055	0.002283202	0.989788945	0.002283202	0.662794248	0.051319856
Wilcox	300	100	abundant	1	0.988945055	0.00039167	0.001666667	0.023570226	5.00E-04	0.007071068	0.000769231	0.010878566	7.22E-05	0.000417935	0.999927778	0.000417935	0.038333333	0.18955854
Wilcox	300	100	abundant	10	0.925873626	0.008098351	0.128816575	0.013591391	0.9845	0.038953006	0.227572369	0.021269624	0.074777778	0.008223263	0.925222222	0.008223263	0.871183425	0.013591391
Wilcox	300	100	abundant	2	0.978703297	0.007105963	0.294315874	0.093913689	0.567	0.175112311	0.373776021	0.092529312	0.016722222	0.008083065	0.983277778	0.008083065	0.705684126	0.093913689
Wilcox	300	100	abundant	5	0.945373626	0.012002312	0.167844481	0.034632523	0.9495	0.075019261	0.283413254	0.047963267	0.054672222	0.01238699	0.945327778	0.01238699	0.832155519	0.034632523
Wilcox	300	1000	abundant	1	0.89998	0.000140351	0	0	0	0	0	0	2.22E-05	0.000155946	0.999977778	0.000155946	0.02	0.140351318
Wilcox	300	1000	abundant	10	0.743135	0.041296778	0.243574887	0.030008244	0.7209	0.055846073	0.362382152	0.032239607	0.254394444	0.049204264	0.745605556	0.049204264	0.756425113	0.030008244
Wilcox	300	1000	abundant	2	0.89057	0.006491982	0.380808988	0.071987579	0.1467	0.038516589	0.209767512	0.047410781	0.026777778	0.007566321	0.973222222	0.007566321	0.619191012	0.071987579
Wilcox	300	1000	abundant	5	0.834155	0.023684929	0.315979565	0.038641471	0.5444	0.060206011	0.39769664	0.037562491	0.13365	0.028499149	0.86635	0.028499149	0.684020435	0.038641471
Wilcox	300	200	abundant	1	0.978206522	0.000322333	0	0	0	0	0	0	5.56E-05	0.000329496	0.999944444	0.000329496	0.035	0.184240939
Wilcox	300	200	abundant	10	0.890211957	0.017490872	0.162821648	0.022517301	0.95225	0.047101275	0.277341109	0.032388911	0.111166667	0.018174574	0.888833333	0.018174574	0.837178352	0.022517301
Wilcox	300	200	abundant	2	0.969266304	0.005807043	0.347768645	0.083398013	0.435	0.119462784	0.3789471	0.081702576	0.018861111	0.006464876	0.981138889	0.006464876	0.652231355	0.083398013
Wilcox	300	200	abundant	5	0.928858696	0.015008693	0.221680362	0.038724312	0.85975	0.087783639	0.349962466	0.047464241	0.069605556	0.016130746	0.930394444	0.016130746	0.778319638	0.038724312
Wilcox	300	2000	abundant	1	0.818172727	0.000128565	0	0	0	0	0	0	1.11E-05	0.000157135	0.999988889	0.000157135	0.005	0.070710678
Wilcox	300	2000	abundant	10	0.636645455	0.046048147	0.276401614	0.027489675	0.601075	0.043159973	0.377152263	0.02514509	0.35545	0.061725866	0.64455	0.061725866	0.723598386	0.027489675
Wilcox	300	2000	abundant	2	0.80775	0.007214786	0.389071998	0.067239099	0.097325	0.025958401	0.15427611	0.035851854	0.034377778	0.010039713	0.965622222	0.010039713	0.610928002	0.067239099
Wilcox	300	2000	abundant	5	0.745122727	0.021086832	0.338759132	0.032334979	0.41285	0.040945208	0.370748639	0.0277937	0.181038889	0.028673785	0.818961111	0.028673785	0.661240868	0.032334979
Wilcox	300	300	abundant	1	0.967715054	0.000313121	0.01	0.099748427	5.00E-04	0.005259858	0.000947581	0.009926299	4.44E-05	0.000269186	0.999955556	0.000269186	0.03	0.171015295
Wilcox	300	300	abundant	10	0.863768817	0.025442809	0.183712181	0.028172227	0.9025	0.054289739	0.304067943	0.038247891	0.137522222	0.026889703	0.862477778	0.026889703	0.816287819	0.028172227
Wilcox	300	300	abundant	2	0.958967742	0.00662265	0.354972846	0.090315545	0.312666667	0.092460624	0.327195406	0.08198149	0.019488889	0.006964179	0.980511111	0.006964179	0.645027154	0.090315545
Wilcox	300	300	abundant	5	0.913870968	0.020233647	0.249554892	0.046084971	0.778333333	0.084852156	0.374662684	0.053163774	0.081611111	0.021900731	0.918388889	0.021900731	0.750445108	0.046084971
Wilcox	300	400	abundant	1	0.957430851	0.000129636	0.0025	0.035355339	5.00E-04	0.007071068	0.000833333	0.011785113	3.89E-05	0.000341106	0.999961111	0.000341106	0.0175	0.126585423
Wilcox	300	400	abundant	10	0.808941489	0.03132897	0.175302332	0.0242117	0.9155	0.044167338	0.293353782	0.033335384	0.195794444	0.033416029	0.804205556	0.033416029	0.824697668	0.0242117
Wilcox	300	400	abundant	2	0.944989362	0.008108615	0.352518664	0.07748595	0.324125	0.084114419	0.332030874	0.067769545	0.027416667	0.009290173	0.972583333	0.009290173	0.647481336	0.07748595
Wilcox	300	400	abundant	5	0.883489362	0.023534855	0.246081456	0.039550322	0.801375	0.074525193	0.374082513	0.045472485	0.112861111	0.025924781	0.887138889	0.025924781	0.753918544	0.039550322
Wilcox	300	500	abundant	1	0.947294737	0.00062884	0	0	0	0	0	0	7.78E-05	0.000663776	0.999922222	0.000663776	0.03	0.171015295
Wilcox	300	500	abundant	10	0.751526316	0.037878387	0.168420196	0.022569848	0.9214	0.039111232	0.284011056	0.031262045	0.257911111	0.040709716	0.742088889	0.040709716	0.831579804	0.022569848
Wilcox	300	500	abundant	2	0.931731579	0.008885874	0.348427608	0.067204335	0.3204	0.086238188	0.327371532	0.062044892	0.034305556	0.011356824	0.965694444	0.011356824	0.651572392	0.067204335
Wilcox	300	500	abundant	5	0.853494737	0.027617881	0.240721999	0.032367228	0.7946	0.068250499	0.36733244	0.036220304	0.143233333	0.031425426	0.856766667	0.031425426	0.759278001	0.032367228
Wilcox	300	800	abundant	1	0.918336735	0.000202279	0	0	0	0	0	0	3.33E-05	0.000220259	0.999966667	0.000220259	0.025	0.156516732
Wilcox	300	800	abundant	10	0.792673469	0.034652343	0.246310589	0.03356711	0.72075	0.055696819	0.365364585	0.036983968	0.200933333	0.039688038	0.799066667	0.039688038	0.753689411	0.03356711
Wilcox	300	800	abundant	2	0.911035714	0.006185433	0.389617142	0.087487976	0.152375	0.046760476	0.216350359	0.056936992	0.021527778	0.006685658	0.978472222	0.006685658	0.610382858	0.087487976
Wilcox	300	800	abundant	5	0.867331633	0.018868569	0.319817156	0.042328217	0.5320625	0.06144943	0.397067698	0.039821703	0.102866667	0.022170336	0.897133333	0.022170336	0.680182844	0.042328217
ZicoSeq	300	100	abundant	1	0.989010989	0	0	0	0	0	0	0	0	0	1	0	0	0
ZicoSeq	300	100	abundant	10	0.988494505	0.002460697	0.010780702	0.051970601	0.022	0.107113803	0.014453249	0.069866143	0.000766667	0.003556445	0.999233333	0.003556445	0.034219298	0.158736526
ZicoSeq	300	100	abundant	2	0.989010989	0	0	0	0	0	0	0	0	0	1	0	0	0
ZicoSeq	300	100	abundant	5	0.988840659	0.001457763	0.003421053	0.029883751	0.0065	0.056779128	0.004482759	0.039158019	0.000244444	0.001999317	0.999755556	0.001999317	0.011578947	0.094704511
ZicoSeq	300	1000	abundant	1	0.9	0	0	0	0	0	0	0	0	0	1	0	0	0
ZicoSeq	300	1000	abundant	10	0.851855	0.00806531	0.372656015	0.019766548	0.70395	0.057045318	0.486855471	0.027434409	0.131711111	0.009449019	0.868288889	0.009449019	0.627343985	0.019766548
ZicoSeq	300	1000	abundant	2	0.886055	0.007895166	0.393298321	0.060505182	0.26065	0.063190527	0.310802363	0.056871542	0.044455556	0.010499049	0.955544444	0.010499049	0.601701679	0.068615815
ZicoSeq	300	1000	abundant	5	0.855995	0.009869754	0.374947433	0.023145765	0.65575	0.061337173	0.476197854	0.029322479	0.121755556	0.012813891	0.878244444	0.012813891	0.625052567	0.023145765
ZicoSeq	300	200	abundant	1	0.97826087	0	0	0	0	0	0	0	0	0	1	0	0	0
ZicoSeq	300	200	abundant	10	0.975304348	0.005338518	0.083916172	0.144645521	0.124	0.215478899	0.099839477	0.172311126	0.005777778	0.009882365	0.994222222	0.009882365	0.176083828	0.299113902
ZicoSeq	300	200	abundant	2	0.97826087	0	0	0	0	0	0	0	0	0	1	0	0	0
ZicoSeq	300	200	abundant	5	0.977657609	0.002819941	0.018095879	0.077580646	0.02625	0.112188989	0.021402377	0.091602393	0.0012	0.005052439	0.9988	0.005052439	0.036904121	0.154537569
ZicoSeq	300	2000	abundant	1	0.818181818	0	0	0	0	0	0	0	0	0	1	0	0	0
ZicoSeq	300	2000	abundant	10	0.769027273	0.009652593	0.396592484	0.019789799	0.51815	0.029233551	0.449194939	0.022777109	0.175222222	0.008075578	0.824777778	0.008075578	0.603407516	0.019789799
ZicoSeq	300	2000	abundant	2	0.798459091	0.009053921	0.399659592	0.042838102	0.215275	0.051891841	0.276731044	0.048355882	0.071944444	0.016671598	0.928055556	0.016671598	0.600340408	0.042838102
ZicoSeq	300	2000	abundant	5	0.772259091	0.010158827	0.400151662	0.021997004	0.506675	0.037993908	0.446917728	0.02699958	0.168722222	0.009503298	0.831277778	0.009503298	0.599848338	0.021997004
ZicoSeq	300	300	abundant	1	0.967741935	0	0	0	0	0	0	0	0	0	1	0	0	0
ZicoSeq	300	300	abundant	10	0.958155914	0.006111016	0.321190515	0.124793516	0.362166667	0.141408623	0.339326726	0.130397806	0.021977778	0.008500855	0.978022222	0.008500855	0.578809485	0.203629014
ZicoSeq	300	300	abundant	2	0.967069892	0.003115749	0.018267881	0.07778521	0.02	0.084605037	0.019058989	0.080849555	0.001361111	0.005751904	0.998638889	0.005751904	0.036732119	0.153580355
ZicoSeq	300	300	abundant	5	0.961672043	0.006151876	0.232647571	0.185567432	0.2585	0.208996365	0.24436394	0.195448567	0.014888889	0.011634251	0.985111111	0.011634251	0.402352429	0.310948248
ZicoSeq	300	400	abundant	1	0.957446809	0	0	0	0	0	0	0	0	0	1	0	0	0
ZicoSeq	300	400	abundant	10	0.943781915	0.006200479	0.353860808	0.067441766	0.397875	0.0796024	0.373704656	0.070485106	0.031955556	0.005793605	0.968044444	0.005793605	0.636139192	0.08593812
ZicoSeq	300	400	abundant	2	0.955829787	0.004746773	0.044812206	0.120936229	0.048125	0.130131782	0.046355649	0.12513348	0.003827778	0.010235576	0.996172222	0.010235576	0.080187794	0.213856863
ZicoSeq	300	400	abundant	5	0.946851064	0.006511623	0.307340869	0.140645172	0.33075	0.153266567	0.318093567	0.14567884	0.025766667	0.011592257	0.974233333	0.011592257	0.537659131	0.235923268
ZicoSeq	300	500	abundant	1	0.947368421	0	0	0	0	0	0	0	0	0	1	0	0	0
ZicoSeq	300	500	abundant	10	0.929868421	0.00745178	0.3555571	0.054807161	0.403	0.067481619	0.376621544	0.056225326	0.040861111	0.006718058	0.959138889	0.006718058	0.6444429	0.054807161
ZicoSeq	300	500	abundant	2	0.945326316	0.005734164	0.0458166	0.120415498	0.0459	0.120481405	0.04582706	0.120315763	0.004705556	0.012292311	0.995294444	0.012292311	0.0841834	0.219195671
ZicoSeq	300	500	abundant	5	0.932573684	0.006762973	0.354660877	0.07897525	0.3732	0.087751133	0.362958301	0.080996346	0.03635	0.007628688	0.96365	0.007628688	0.620339123	0.113632843
ZicoSeq	300	800	abundant	1	0.918346939	0.000288615	0.002272727	0.032141217	0.00125	0.01767767	0.001612903	0.022809896	0.000133333	0.001885618	0.999866667	0.001885618	0.002727273	0.038569461
ZicoSeq	300	800	abundant	10	0.877188776	0.008011157	0.370746565	0.021875487	0.720875	0.055762615	0.489166686	0.028416013	0.108916667	0.008889194	0.891083333	0.008889194	0.629253435	0.021875487
ZicoSeq	300	800	abundant	2	0.90644898	0.007723082	0.394591903	0.059713923	0.2635625	0.061413643	0.312710886	0.052491286	0.036405556	0.009837678	0.963594444	0.009837678	0.605408097	0.059713923
ZicoSeq	300	800	abundant	5	0.880862245	0.009386539	0.370861004	0.026608817	0.65575	0.075696515	0.47236225	0.036682071	0.099127778	0.012235097	0.900872222	0.012235097	0.629138996	0.026608817
