name	Sample	OTU	type	effect	mean_Accuracy	sd_Accuracy	mean_Precision	sd_Precision	mean_TPR	sd_TPR	mean_F1_score	sd_F1_score	mean_FPR	sd_FPR	mean_Specificity	sd_Specificity	mean_FDR	sd_FDR
AAnew_TSS	100	100	abundant	1	0.8673	0.023777377	0.011666667	0.10121318	0.002	0.014070529	0.003068182	0.021959899	0.036555556	0.026298193	0.963444444	0.026298193	0.908333333	0.287579589
AAnew_TSS	100	100	abundant	2	0.9122	0.029044723	0.621688728	0.215006353	0.426	0.177308725	0.485479961	0.160899107	0.033777778	0.025753152	0.966222222	0.025753152	0.378311272	0.215006353
AAnew_TSS	100	100	abundant	5	0.971	0.030797481	0.822548955	0.153873795	0.974	0.052454887	0.883031749	0.103690479	0.029333333	0.033816919	0.970666667	0.033816919	0.177451045	0.153873795
AAnew_TSS	100	100	abundant	10	0.9886	0.019797969	0.921414035	0.110242221	0.994	0.023868326	0.95209143	0.06978208	0.012	0.022091648	0.988	0.022091648	0.078585965	0.110242221
AAnew_TSS	100	200	abundant	1	0.8512	0.025525982	0.031815717	0.068615476	0.0175	0.03128155	0.021028955	0.037006896	0.056166667	0.02914048	0.943833333	0.02914048	0.968184283	0.068615476
AAnew_TSS	100	200	abundant	2	0.8997	0.02357901	0.515888223	0.167601876	0.3455	0.122905688	0.404565588	0.127198058	0.038722222	0.020972952	0.961277778	0.020972952	0.484111777	0.167601876
AAnew_TSS	100	200	abundant	5	0.96385	0.024780399	0.800174295	0.137433889	0.906	0.076303488	0.841237161	0.089840368	0.029722222	0.027289479	0.970277778	0.027289479	0.199825705	0.137433889
AAnew_TSS	100	200	abundant	10	0.9883	0.012456389	0.917172885	0.084190227	0.9825	0.033616224	0.946309047	0.051812304	0.011055556	0.01338875	0.988944444	0.01338875	0.082827115	0.084190227
AAnew_TSS	100	300	abundant	1	0.846233333	0.024170434	0.045420197	0.054801174	0.029666667	0.034130206	0.034717806	0.039600549	0.063037037	0.028063649	0.936962963	0.028063649	0.954579803	0.054801174
AAnew_TSS	100	300	abundant	2	0.901133333	0.017168996	0.518229606	0.138452671	0.318333333	0.109623885	0.386704485	0.109997864	0.034111111	0.016210834	0.965888889	0.016210834	0.481770394	0.138452671
AAnew_TSS	100	300	abundant	5	0.966766667	0.014405191	0.823482416	0.090408562	0.868666667	0.063884717	0.841599754	0.058752406	0.022333333	0.015369841	0.977666667	0.015369841	0.176517584	0.090408562
AAnew_TSS	100	300	abundant	10	0.986033333	0.011851068	0.911537039	0.077616417	0.963666667	0.038517709	0.934547255	0.047807739	0.011481481	0.012900013	0.988518519	0.012900013	0.088462961	0.077616417
AAnew_TSS	100	400	abundant	1	0.842975	0.023408146	0.039249016	0.039161086	0.02575	0.026934029	0.02997908	0.029580702	0.066222222	0.027144062	0.933777778	0.027144062	0.960750984	0.039161086
AAnew_TSS	100	400	abundant	2	0.896375	0.016308171	0.486004293	0.117713712	0.3235	0.087459948	0.382200062	0.087895501	0.039972222	0.016435428	0.960027778	0.016435428	0.513995707	0.117713712
AAnew_TSS	100	400	abundant	5	0.971325	0.012010386	0.840708193	0.079939727	0.89175	0.059887837	0.862674798	0.052846891	0.019833333	0.011712273	0.980166667	0.011712273	0.159291807	0.079939727
AAnew_TSS	100	400	abundant	10	0.98715	0.009184006	0.914527357	0.064722347	0.96725	0.034210984	0.938810636	0.041188807	0.010638889	0.009081243	0.989361111	0.009081243	0.085472643	0.064722347
AAnew_TSS	100	500	abundant	1	0.84228	0.02420121	0.036684526	0.037787268	0.0226	0.022680032	0.027080371	0.026758117	0.066644444	0.027405578	0.933355556	0.027405578	0.963315474	0.037787268
AAnew_TSS	100	500	abundant	2	0.89242	0.018311105	0.464618166	0.117805801	0.3352	0.086742158	0.382625567	0.085310613	0.045666667	0.019491925	0.954333333	0.019491925	0.535381834	0.117805801
AAnew_TSS	100	500	abundant	5	0.9701	0.012244562	0.832389053	0.078985411	0.8896	0.057029498	0.857461803	0.053371362	0.020955556	0.012011779	0.979044444	0.012011779	0.167610947	0.078985411
AAnew_TSS	100	500	abundant	10	0.98764	0.006601989	0.912364496	0.05323796	0.9738	0.025377155	0.941047071	0.030024542	0.010822222	0.007165442	0.989177778	0.007165442	0.087635504	0.05323796
AAnew_TSS	100	800	abundant	1	0.7624125	0.034293121	0.036289346	0.017995482	0.0535	0.026476595	0.042632007	0.020444622	0.158819444	0.039089477	0.841180556	0.039089477	0.963710654	0.017995482
AAnew_TSS	100	800	abundant	2	0.8216	0.024467227	0.211512889	0.04761902	0.280625	0.073584603	0.238318073	0.051728471	0.118291667	0.029372739	0.881708333	0.029372739	0.788487111	0.04761902
AAnew_TSS	100	800	abundant	5	0.913125	0.018640251	0.555268635	0.071610122	0.774	0.074549997	0.642679734	0.055833372	0.071416667	0.021299206	0.928583333	0.021299206	0.444731365	0.071610122
AAnew_TSS	100	800	abundant	10	0.9451375	0.014914418	0.669775179	0.070157121	0.921625	0.03920191	0.773223182	0.048353933	0.05225	0.016922812	0.94775	0.016922812	0.330224821	0.070157121
AAnew_TSS	100	1000	abundant	1	0.74919	0.030969746	0.03671873	0.01535896	0.0604	0.028952068	0.045197322	0.019321248	0.174277778	0.035857436	0.825722222	0.035857436	0.96328127	0.01535896
AAnew_TSS	100	1000	abundant	2	0.82299	0.025238457	0.209232151	0.044315532	0.2676	0.061235099	0.231874291	0.04419887	0.1153	0.030362919	0.8847	0.030362919	0.790767849	0.044315532
AAnew_TSS	100	1000	abundant	5	0.90995	0.019011095	0.54248108	0.070121599	0.7778	0.066660303	0.635810912	0.055458951	0.075366667	0.021426875	0.924633333	0.021426875	0.45751892	0.070121599
AAnew_TSS	100	1000	abundant	10	0.94847	0.012482274	0.683565822	0.061748132	0.9241	0.038483763	0.783809911	0.042020108	0.048822222	0.0142544	0.951177778	0.0142544	0.316434178	0.061748132
AAnew_TSS	100	2000	abundant	1	0.70581	0.034925663	0.045006597	0.013008317	0.096	0.031940601	0.060868131	0.017646464	0.226433333	0.04039887	0.773566667	0.04039887	0.954993403	0.013008317
AAnew_TSS	100	2000	abundant	2	0.77609	0.02693983	0.153709037	0.025762923	0.27215	0.0605499	0.194850119	0.032663655	0.167916667	0.033007987	0.832083333	0.033007987	0.846290963	0.025762923
AAnew_TSS	100	2000	abundant	5	0.87095	0.020441898	0.421146703	0.05238669	0.7213	0.070376405	0.529480606	0.049415153	0.112422222	0.02336945	0.887577778	0.02336945	0.578853297	0.05238669
AAnew_TSS	100	2000	abundant	10	0.912805	0.018626159	0.545654	0.058392839	0.8871	0.040739255	0.673348811	0.045799474	0.084338889	0.021424907	0.915661111	0.021424907	0.454346	0.058392839
ALDEx2_wi	100	100	abundant	1	0.988994505	0.000173402	0	0	0	0	0	0	1.67E-05	0.000175329	0.999983333	0.000175329	0.01	0.099748427
ALDEx2_wi	100	100	abundant	10	0.978027473	0.003858161	0.293198925	0.058572526	0.6935	0.154033704	0.409298301	0.077479773	0.018811111	0.003932727	0.981188889	0.003932727	0.706801075	0.058572526
ALDEx2_wi	100	100	abundant	2	0.987653846	0.002536155	0.402464258	0.213181503	0.2265	0.12817917	0.281032712	0.146477651	0.003888889	0.001973835	0.996111111	0.001973835	0.597535742	0.213181503
ALDEx2_wi	100	100	abundant	5	0.983549451	0.003748733	0.342644047	0.096421763	0.5025	0.144039881	0.401747011	0.103642595	0.011105556	0.003668261	0.988894444	0.003668261	0.657355953	0.096421763
ALDEx2_wi	100	1000	abundant	1	0.9	0	0	0	0	0	0	0	0	0	1	0	0	0
ALDEx2_wi	100	1000	abundant	10	0.88575	0.006608773	0.403179273	0.043764091	0.297	0.043583225	0.341272862	0.042111591	0.048833333	0.005804848	0.951166667	0.005804848	0.596820727	0.043764091
ALDEx2_wi	100	1000	abundant	2	0.899275	0.002042113	0.328557928	0.319209779	0.01395	0.015784271	0.02623351	0.02892328	0.002355556	0.002479671	0.997644444	0.002479671	0.461442072	0.360472999
ALDEx2_wi	100	1000	abundant	5	0.89064	0.006126013	0.399083664	0.065678132	0.18585	0.041628622	0.252306767	0.049505631	0.03105	0.005792488	0.96895	0.005792488	0.600916336	0.065678132
ALDEx2_wi	100	200	abundant	1	0.978255435	7.69E-05	0	0	0	0	0	0	5.56E+06	7.86E-05	0.999994444	7.86E-05	0.005	0.070710678
ALDEx2_wi	100	200	abundant	10	0.966923913	0.004069223	0.360056374	0.045910563	0.664	0.102009951	0.465416006	0.058202099	0.026344444	0.003913878	0.973655556	0.003913878	0.639943626	0.045910563
ALDEx2_wi	100	200	abundant	2	0.976902174	0.002416422	0.372481421	0.23881305	0.10625	0.076338558	0.159343174	0.107005662	0.00375	0.002195364	0.99625	0.002195364	0.607518579	0.248507621
ALDEx2_wi	100	200	abundant	5	0.971663043	0.003973255	0.380189752	0.068675582	0.475	0.113310176	0.418700124	0.079117457	0.0173	0.003976652	0.9827	0.003976652	0.619810248	0.068675582
ALDEx2_wi	100	2000	abundant	1	0.818181818	0	0	0	0	0	0	0	0	0	1	0	0	0
ALDEx2_wi	100	2000	abundant	10	0.800463636	0.007985821	0.399291931	0.045353048	0.194175	0.028610087	0.260891347	0.034421499	0.064805556	0.006882724	0.935194444	0.006882724	0.600708069	0.045353048
ALDEx2_wi	100	2000	abundant	2	0.817286364	0.002034785	0.276064035	0.296505781	0.007625	0.009430218	0.014645732	0.017812244	0.002788889	0.00306067	0.997211111	0.00306067	0.458935965	0.369621783
ALDEx2_wi	100	2000	abundant	5	0.807345455	0.006584852	0.398878199	0.060076651	0.118675	0.02679476	0.182106871	0.036733979	0.039616667	0.007260537	0.960383333	0.007260537	0.601121801	0.060076651
ALDEx2_wi	100	300	abundant	1	0.967741935	0	0	0	0	0	0	0	0	0	1	0	0	0
ALDEx2_wi	100	300	abundant	10	0.956155914	0.005089829	0.380270285	0.04916624	0.5635	0.086083432	0.452642447	0.058082672	0.030755556	0.00463275	0.969244444	0.00463275	0.619729715	0.04916624
ALDEx2_wi	100	300	abundant	2	0.966892473	0.002152131	0.38273	0.280253775	0.061166667	0.052068063	0.101136225	0.079998426	0.002916667	0.002345644	0.997083333	0.002345644	0.53727	0.301608198
ALDEx2_wi	100	300	abundant	5	0.960994624	0.004473158	0.394534918	0.067705294	0.3895	0.091123486	0.389188464	0.073667188	0.019955556	0.004060526	0.980044444	0.004060526	0.605465082	0.067705294
ALDEx2_wi	100	400	abundant	1	0.957446809	0	0	0	0	0	0	0	0	0	1	0	0	0
ALDEx2_wi	100	400	abundant	10	0.942606383	0.005590481	0.385208301	0.039735884	0.57875	0.072973028	0.461352249	0.046702263	0.041222222	0.005524761	0.958777778	0.005524761	0.614791699	0.039735884
ALDEx2_wi	100	400	abundant	2	0.956361702	0.002471335	0.365966004	0.277799082	0.050375	0.045146154	0.084977111	0.071483451	0.003372222	0.002792263	0.996627778	0.002792263	0.524033996	0.307647823
ALDEx2_wi	100	400	abundant	5	0.947632979	0.005828239	0.384323156	0.064829894	0.381	0.088583209	0.379799724	0.07109682	0.027183333	0.005658869	0.972816667	0.005658869	0.615676844	0.064829894
ALDEx2_wi	100	500	abundant	1	0.947357895	0.000148865	0	0	0	0	0	0	1.11E-05	0.000157135	0.999988889	0.000157135	0.005	0.070710678
ALDEx2_wi	100	500	abundant	10	0.928557895	0.006735842	0.380863591	0.040165473	0.566	0.065186243	0.45455772	0.046151373	0.0513	0.005985186	0.9487	0.005985186	0.619136409	0.040165473
ALDEx2_wi	100	500	abundant	2	0.945778947	0.002422513	0.370264656	0.209095812	0.0565	0.041355792	0.094931069	0.064030946	0.004816667	0.003089495	0.995183333	0.003089495	0.604735344	0.222738147
ALDEx2_wi	100	500	abundant	5	0.934978947	0.006365589	0.382755524	0.05759058	0.38	0.078759222	0.378711953	0.061677632	0.034188889	0.006697963	0.965811111	0.006697963	0.617244476	0.05759058
ALDEx2_wi	100	800	abundant	1	0.918367347	0	0	0	0	0	0	0	0	0	1	0	0	0
ALDEx2_wi	100	800	abundant	10	0.906010204	0.006897109	0.399672559	0.056256654	0.3015625	0.049936164	0.343053578	0.051138832	0.040261111	0.005144452	0.959738889	0.005144452	0.600327441	0.056256654
ALDEx2_wi	100	800	abundant	2	0.917811224	0.001990976	0.287250999	0.320359118	0.0164375	0.020764953	0.030459597	0.037605412	0.002066667	0.002272027	0.997933333	0.002272027	0.422749001	0.37699051
ALDEx2_wi	100	800	abundant	5	0.91044898	0.005807761	0.398004874	0.07341559	0.1870625	0.044134216	0.252968086	0.052899056	0.02525	0.005294172	0.97475	0.005294172	0.601995126	0.07341559
Corncob	100	100	abundant	1	0.988972527	0.000230494	0.0075	0.078897873	0.0015	0.015779575	0.002337662	0.023892301	5.56E-05	0.000267104	0.999944444	0.000267104	0.0425	0.199102887
Corncob	100	100	abundant	10	0.959851648	0.008850288	0.199052369	0.038193891	0.841	0.138618453	0.319485141	0.053134306	0.038827778	0.009538125	0.961172222	0.009538125	0.800947631	0.038193891
Corncob	100	100	abundant	2	0.986989011	0.003001772	0.343981505	0.234543889	0.1735	0.124196918	0.2171347	0.141838212	0.003972222	0.002977338	0.996027778	0.002977338	0.636018495	0.246740605
Corncob	100	100	abundant	5	0.974175824	0.007416381	0.258266753	0.070688333	0.652	0.157543964	0.362947801	0.082045058	0.022244444	0.008008433	0.977755556	0.008008433	0.741733247	0.070688333
Corncob	100	1000	abundant	1	0.899985	0.000157796	0	0	0	0	0	0	1.67E-05	0.000175329	0.999983333	0.000175329	0.01	0.099748427
Corncob	100	1000	abundant	10	0.878875	0.008402523	0.38692513	0.041315109	0.35935	0.055084015	0.371270933	0.044022121	0.0634	0.00925049	0.9366	0.00925049	0.61307487	0.041315109
Corncob	100	1000	abundant	2	0.899315	0.002085069	0.370800103	0.304321262	0.0176	0.016172438	0.033057604	0.029568899	0.002716667	0.002469989	0.997283333	0.002469989	0.489199897	0.330561186
Corncob	100	1000	abundant	5	0.88985	0.006466574	0.396322229	0.064804167	0.1956	0.047517677	0.260174697	0.053272472	0.033011111	0.006719122	0.966988889	0.006719122	0.603677771	0.064804167
Corncob	100	200	abundant	1	0.978217391	0.000323986	0.0075	0.078897873	0.001	0.011163472	0.001630037	0.017621556	6.67E-05	0.000396022	0.999933333	0.000396022	0.0325	0.174199533
Corncob	100	200	abundant	10	0.950516304	0.010633183	0.272234602	0.049200496	0.7215	0.105443547	0.392205886	0.058277912	0.044394444	0.011339527	0.955605556	0.011339527	0.727765398	0.049200496
Corncob	100	200	abundant	2	0.976722826	0.002622672	0.3509614	0.249891581	0.0875	0.066262384	0.134696345	0.096884532	0.003516667	0.00252238	0.996483333	0.00252238	0.6140386	0.267768135
Corncob	100	200	abundant	5	0.966891304	0.006279493	0.332437078	0.066960304	0.48675	0.112918957	0.389609712	0.071169371	0.022438889	0.006937275	0.977561111	0.006937275	0.667562922	0.066960304
Corncob	100	2000	abundant	1	0.818181818	0	0	0	0	0	0	0	0	0	1	0	0	0
Corncob	100	2000	abundant	10	0.791559091	0.00913574	0.39340448	0.035087557	0.27	0.033355102	0.319614479	0.03281262	0.092538889	0.010082098	0.907461111	0.010082098	0.60659552	0.035087557
Corncob	100	2000	abundant	2	0.817036364	0.002070721	0.351189623	0.25840887	0.011625	0.011241272	0.022189332	0.020861512	0.003983333	0.003087486	0.996016667	0.003087486	0.563810377	0.291442492
Corncob	100	2000	abundant	5	0.805295455	0.007362645	0.398403162	0.057965308	0.1405	0.032041117	0.206611584	0.040789935	0.046972222	0.008808217	0.953027778	0.008808217	0.601596838	0.057965308
Corncob	100	300	abundant	1	0.967736559	7.60E-05	0	0	0	0	0	0	5.56E+06	7.86E-05	0.999994444	7.86E-05	0.005	0.070710678
Corncob	100	300	abundant	10	0.943263441	0.009979774	0.311524754	0.050627264	0.596666667	0.089355281	0.406127661	0.053784834	0.045183333	0.010918644	0.954816667	0.010918644	0.688475246	0.050627264
Corncob	100	300	abundant	2	0.966715054	0.002220449	0.367029762	0.311641751	0.05	0.045205653	0.084353045	0.072094467	0.002727778	0.002298516	0.997272222	0.002298516	0.552970238	0.334769426
Corncob	100	300	abundant	5	0.957725806	0.005586301	0.357246565	0.068099982	0.375166667	0.093447973	0.361494991	0.070924344	0.022855556	0.006128988	0.977144444	0.006128988	0.642753435	0.068099982
Corncob	100	400	abundant	1	0.957446809	0	0	0	0	0	0	0	0	0	1	0	0	0
Corncob	100	400	abundant	10	0.923159574	0.013509104	0.309871081	0.045979164	0.625625	0.079193386	0.411679871	0.048222416	0.063616667	0.014991777	0.936383333	0.014991777	0.690128919	0.045979164
Corncob	100	400	abundant	2	0.9565	0.002422128	0.382717976	0.301892431	0.042125	0.038549184	0.072850642	0.062916342	0.002861111	0.002658086	0.997138889	0.002658086	0.532282024	0.322359843
Corncob	100	400	abundant	5	0.942930851	0.007697952	0.351326489	0.062668097	0.386375	0.085976416	0.364066571	0.063279188	0.032333333	0.008548044	0.967666667	0.008548044	0.648673511	0.062668097
Corncob	100	500	abundant	1	0.947342105	0.000246073	0.006666667	0.074423149	3.00E-04	0.003155915	0.000553221	0.005749678	4.44E-05	0.000366742	0.999955556	0.000366742	0.018333333	0.13027266
Corncob	100	500	abundant	10	0.902563158	0.014105799	0.303173639	0.038784485	0.6331	0.069386327	0.407777094	0.039297438	0.082466667	0.01626528	0.917533333	0.01626528	0.696826361	0.038784485
Corncob	100	500	abundant	2	0.945394737	0.002692368	0.355214567	0.218618661	0.0526	0.040115912	0.088254272	0.062403201	0.005005556	0.003393277	0.994994444	0.003393277	0.634785433	0.224953054
Corncob	100	500	abundant	5	0.928105263	0.008300513	0.34556735	0.053318894	0.3957	0.07972005	0.365189762	0.054235344	0.042316667	0.009974704	0.957683333	0.009974704	0.65443265	0.053318894
Corncob	100	800	abundant	1	0.918357143	0.000144308	0.005	0.070710678	6.25E-05	0.000883883	0.000123457	0.001745943	1.67E-05	0.000135397	0.999983333	0.000135397	0.015	0.121857483
Corncob	100	800	abundant	10	0.901403061	0.007190996	0.386665411	0.045813708	0.352625	0.055924028	0.367585036	0.04706408	0.049816667	0.007152221	0.950183333	0.007152221	0.613334589	0.045813708
Corncob	100	800	abundant	2	0.917790816	0.001823002	0.352998224	0.320947299	0.01825	0.01891531	0.034026608	0.034301256	0.00225	0.002064286	0.99775	0.002064286	0.487001776	0.352924183
Corncob	100	800	abundant	5	0.909632653	0.005860138	0.3908298	0.07243974	0.1891875	0.047958929	0.252848096	0.054222921	0.026327778	0.006129683	0.973672222	0.006129683	0.6091702	0.07243974
DACOMP	100	100	abundant	1	0.988989011	0.000219227	0	0	0	0	0	0	2.22E-05	0.000221663	0.999977778	0.000221663	0.01	0.099748427
DACOMP	100	100	abundant	10	0.985868132	0.00293761	0.365121418	0.12261364	0.378	0.125277581	0.370789737	0.122943069	0.007377778	0.001778894	0.992622222	0.001778894	0.634878582	0.12261364
DACOMP	100	100	abundant	2	0.984	0.006918241	0.305881268	0.211634915	0.2585	0.161113431	0.257536492	0.14859375	0.007938889	0.007603452	0.992061111	0.007603452	0.644118732	0.24856829
DACOMP	100	100	abundant	5	0.984994505	0.005728199	0.363608965	0.123145527	0.394	0.136223287	0.370759891	0.115356845	0.008438889	0.006141716	0.991561111	0.006141716	0.636391035	0.123145527
DACOMP	100	1000	abundant	1	0.9	0	0	0	0	0	0	0	0	0	1	0	0	0
DACOMP	100	1000	abundant	10	0.882075	0.007109296	0.396097947	0.040280692	0.34275	0.054578674	0.366205749	0.0450018	0.058	0.007717321	0.942	0.007717321	0.603902053	0.040280692
DACOMP	100	1000	abundant	2	0.895655	0.004543035	0.362628842	0.137917867	0.07535	0.040843832	0.122320545	0.061137835	0.0132	0.006615812	0.9868	0.006615812	0.582371158	0.176544324
DACOMP	100	1000	abundant	5	0.88668	0.00660802	0.401867385	0.047501843	0.2731	0.045306217	0.324198675	0.044390559	0.045144444	0.006298517	0.954855556	0.006298517	0.598132615	0.047501843
DACOMP	100	200	abundant	1	0.97826087	0	0	0	0	0	0	0	0	0	1	0	0	0
DACOMP	100	200	abundant	10	0.973086957	0.00418677	0.385639464	0.090659642	0.39475	0.107085358	0.388056461	0.090769505	0.014061111	0.00346313	0.985938889	0.00346313	0.614360536	0.090659642
DACOMP	100	200	abundant	2	0.974407609	0.005310237	0.345450938	0.169809315	0.194	0.105687508	0.238925559	0.115746905	0.00825	0.005863003	0.99175	0.005863003	0.599549062	0.207076866
DACOMP	100	200	abundant	5	0.97311413	0.005033206	0.383361431	0.087243388	0.36825	0.100648338	0.372291762	0.084676989	0.013444444	0.005150505	0.986555556	0.005150505	0.616638569	0.087243388
DACOMP	100	2000	abundant	1	0.818181818	0	0	0	0	0	0	0	0	0	1	0	0	0
DACOMP	100	2000	abundant	10	0.79155	0.008906208	0.398170528	0.034126447	0.28715	0.036603642	0.333022188	0.034198517	0.096361111	0.009699203	0.903638889	0.009699203	0.601829472	0.034126447
DACOMP	100	2000	abundant	2	0.8136	0.00483615	0.367831322	0.143342058	0.04835	0.025500567	0.084321666	0.042033091	0.016344444	0.00823351	0.983655556	0.00823351	0.557168678	0.186597443
DACOMP	100	2000	abundant	5	0.798581818	0.008626146	0.395205231	0.044276854	0.2029	0.03132485	0.26742362	0.035078394	0.069044444	0.009294247	0.930955556	0.009294247	0.604794769	0.044276854
DACOMP	100	300	abundant	1	0.967731183	0.000107256	0.003809524	0.038298096	0.000666667	0.007442315	0.001113841	0.012221065	3.33E-05	0.000350657	0.999966667	0.000350657	0.006190476	0.061933286
DACOMP	100	300	abundant	10	0.960295699	0.004751546	0.3835234	0.071556005	0.377166667	0.08939136	0.378341607	0.072658464	0.020266667	0.004324512	0.979733333	0.004324512	0.6164766	0.071556005
DACOMP	100	300	abundant	2	0.964811828	0.003761993	0.360224797	0.177063695	0.1345	0.079105658	0.189926929	0.100867802	0.007511111	0.004004216	0.992488889	0.004004216	0.589775203	0.20709116
DACOMP	100	300	abundant	5	0.95983871	0.005261926	0.373185372	0.073833567	0.352833333	0.10093242	0.358568132	0.074204349	0.019927778	0.006144725	0.980072222	0.006144725	0.626814628	0.073833567
DACOMP	100	400	abundant	1	0.957446809	0	0	0	0	0	0	0	0	0	1	0	0	0
DACOMP	100	400	abundant	10	0.948356383	0.00532908	0.389561914	0.064629363	0.37475	0.064824367	0.381483629	0.062974398	0.02615	0.003567744	0.97385	0.003567744	0.610438086	0.064629363
DACOMP	100	400	abundant	2	0.953765957	0.004213469	0.361055257	0.157624254	0.13825	0.076056627	0.194331158	0.097426827	0.009988889	0.004972772	0.990011111	0.004972772	0.588944743	0.190518079
DACOMP	100	400	abundant	5	0.947984043	0.005748617	0.381296558	0.06997293	0.3515	0.0753401	0.364049922	0.066374877	0.025505556	0.005205972	0.974494444	0.005205972	0.618703442	0.06997293
DACOMP	100	500	abundant	1	0.947357895	0.000148865	0.001875	0.026516504	3.00E-04	0.004242641	0.000517241	0.007314898	2.78E-05	0.000392837	0.999972222	0.000392837	0.003125	0.044194174
DACOMP	100	500	abundant	10	0.936021053	0.00602353	0.387605329	0.059901349	0.3722	0.062728257	0.379325755	0.059991832	0.032655556	0.003843824	0.967344444	0.003843824	0.612394671	0.059901349
DACOMP	100	500	abundant	2	0.942647368	0.004627559	0.376691592	0.120017952	0.145	0.068339972	0.204003978	0.083280007	0.013038889	0.005462058	0.986961111	0.005462058	0.613308408	0.129546777
DACOMP	100	500	abundant	5	0.935521053	0.006265334	0.376519549	0.061809888	0.3418	0.068704889	0.357059336	0.061166889	0.031494444	0.005583511	0.968505556	0.005583511	0.623480451	0.061809888
DACOMP	100	800	abundant	1	0.918367347	0	0	0	0	0	0	0	0	0	1	0	0	0
DACOMP	100	800	abundant	10	0.904193878	0.007468226	0.397150028	0.051801459	0.3333125	0.058821091	0.360992597	0.051883602	0.045061111	0.007086797	0.954938889	0.007086797	0.602849972	0.051801459
DACOMP	100	800	abundant	2	0.915158163	0.004163367	0.391620444	0.15114238	0.0799375	0.042807003	0.129748553	0.063657949	0.0106	0.005014824	0.9894	0.005014824	0.583379556	0.166319233
DACOMP	100	800	abundant	5	0.90669898	0.006318087	0.392505703	0.057802963	0.2626875	0.051340044	0.313713607	0.052515449	0.036055556	0.005227915	0.963944444	0.005227915	0.607494297	0.057802963
DESeq2	100	100	abundant	1	0.987505495	0.002481326	0.055684524	0.17873417	0.015	0.038502105	0.021394437	0.054303152	0.001688889	0.002609855	0.998311111	0.002609855	0.494315476	0.479918442
DESeq2	100	100	abundant	10	0.957950549	0.007493286	0.186876727	0.036036641	0.82	0.13561696	0.30294662	0.052454609	0.040516667	0.007810712	0.959483333	0.007810712	0.813123273	0.036036641
DESeq2	100	100	abundant	2	0.981879121	0.004937828	0.286914201	0.120114526	0.385	0.142041823	0.321422366	0.117529583	0.011488889	0.004752631	0.988511111	0.004752631	0.713085799	0.120114526
DESeq2	100	100	abundant	5	0.970236264	0.007720873	0.226961905	0.064765133	0.657	0.153193804	0.332637587	0.080864941	0.026283333	0.008038308	0.973716667	0.008038308	0.773038095	0.064765133
DESeq2	100	1000	abundant	1	0.889395	0.005385536	0.027305585	0.060606427	0.00305	0.006434635	0.005353872	0.011089597	0.012122222	0.006052267	0.987877778	0.006052267	0.972694415	0.060606427
DESeq2	100	1000	abundant	10	0.850455	0.011120083	0.348773728	0.028530554	0.5675	0.052272479	0.431439858	0.033381009	0.118105556	0.01169	0.881894444	0.01169	0.651226272	0.028530554
DESeq2	100	1000	abundant	2	0.88389	0.006595864	0.25651147	0.088758687	0.0853	0.036019397	0.126418187	0.049024912	0.027377778	0.007347549	0.972622222	0.007347549	0.74348853	0.088758687
DESeq2	100	1000	abundant	5	0.86293	0.009708573	0.347028427	0.035240564	0.4187	0.053719072	0.378699573	0.039815364	0.087711111	0.009977106	0.912288889	0.009977106	0.652971573	0.035240564
DESeq2	100	200	abundant	1	0.977369565	0.001911643	0.101462482	0.240386967	0.01475	0.031621783	0.023838588	0.049491295	0.001238889	0.002247697	0.998761111	0.002247697	0.333537518	0.435393151
DESeq2	100	200	abundant	10	0.942456522	0.00950442	0.252748344	0.035189587	0.817	0.090564949	0.384367875	0.044114118	0.054755556	0.010247365	0.945244444	0.010247365	0.747251656	0.035189587
DESeq2	100	200	abundant	2	0.971565217	0.004884703	0.328525952	0.111123798	0.281	0.110111866	0.297098046	0.101077181	0.013088889	0.004675937	0.986911111	0.004675937	0.671474048	0.111123798
DESeq2	100	200	abundant	5	0.956896739	0.007411132	0.291704955	0.047956821	0.66225	0.104484557	0.402192193	0.055661165	0.036555556	0.008050187	0.963444444	0.008050187	0.708295045	0.047956821
DESeq2	100	2000	abundant	1	0.725304545	0.023451641	0.001635484	0.005126221	0.000825	0.002339174	0.001074649	0.003093905	0.1137	0.028703202	0.8863	0.028703202	0.998364516	0.005126221
DESeq2	100	2000	abundant	10	0.650227273	0.026754285	0.237646104	0.024047376	0.414375	0.036041355	0.30155382	0.026335833	0.297361111	0.032230296	0.702638889	0.032230296	0.762353896	0.024047376
DESeq2	100	2000	abundant	2	0.719477273	0.024027829	0.083638844	0.032891706	0.0531	0.020609799	0.064290589	0.024174738	0.132438889	0.029543689	0.867561111	0.029543689	0.916361156	0.032891706
DESeq2	100	2000	abundant	5	0.68165	0.02722656	0.221351681	0.031136258	0.293425	0.035175716	0.251527923	0.03000864	0.232077778	0.032863865	0.767922222	0.032863865	0.778648319	0.031136258
DESeq2	100	300	abundant	1	0.967139785	0.001387357	0.082595238	0.231345562	0.007666667	0.021058001	0.01330662	0.034921554	0.000877778	0.001684126	0.999122222	0.001684126	0.297404762	0.432864794
DESeq2	100	300	abundant	10	0.933989247	0.00876659	0.295570034	0.035082205	0.741166667	0.083941001	0.421222795	0.042929927	0.059583333	0.009526567	0.940416667	0.009526567	0.704429966	0.035082205
DESeq2	100	300	abundant	2	0.961919355	0.004591529	0.34799691	0.116259451	0.207	0.088576433	0.254060986	0.0937142	0.012916667	0.004692198	0.987083333	0.004692198	0.65200309	0.116259451
DESeq2	100	300	abundant	5	0.946827957	0.007404112	0.325619786	0.047432651	0.591	0.095966098	0.417624573	0.056146277	0.041311111	0.007974897	0.958688889	0.007974897	0.674380214	0.047432651
DESeq2	100	400	abundant	1	0.956867021	0.001418073	0.112440476	0.268952091	0.005625	0.012886609	0.010489444	0.023855063	0.000855556	0.001522053	0.999144444	0.001522053	0.327559524	0.439780916
DESeq2	100	400	abundant	10	0.913281915	0.010984414	0.300883194	0.031062605	0.768	0.065603116	0.431188459	0.0359092	0.080261111	0.012126664	0.919738889	0.012126664	0.699116806	0.031062605
DESeq2	100	400	abundant	2	0.950473404	0.005019007	0.361613082	0.09717796	0.20725	0.068435037	0.259684009	0.074145352	0.016494444	0.004931565	0.983505556	0.004931565	0.638386918	0.09717796
DESeq2	100	400	abundant	5	0.931468085	0.008473376	0.334759295	0.042015631	0.608125	0.089419453	0.430131787	0.051125614	0.054161111	0.009071955	0.945838889	0.009071955	0.665240705	0.042015631
DESeq2	100	500	abundant	1	0.946552632	0.002041994	0.071502373	0.188776403	0.0061	0.016435958	0.010516763	0.026918295	0.0012	0.002772155	0.9988	0.002772155	0.308497627	0.428149466
DESeq2	100	500	abundant	10	0.892368421	0.011711035	0.299173072	0.026414842	0.7668	0.064080352	0.429406212	0.031153221	0.100655556	0.013371985	0.899344444	0.013371985	0.700826928	0.026414842
DESeq2	100	500	abundant	2	0.938521053	0.005744309	0.358941383	0.084361336	0.209	0.069593219	0.259905926	0.069241617	0.02095	0.006512642	0.97905	0.006512642	0.641058617	0.084361336
DESeq2	100	500	abundant	5	0.913757895	0.009002976	0.326939925	0.035401195	0.5967	0.085531798	0.420756741	0.044335887	0.068627778	0.010625326	0.931372222	0.010625326	0.673060075	0.035401195
DESeq2	100	800	abundant	1	0.91155102	0.003655249	0.020005051	0.064574684	0.002	0.006320581	0.003574176	0.011213048	0.0076	0.003996773	0.9924	0.003996773	0.979994949	0.064574684
DESeq2	100	800	abundant	10	0.878709184	0.009159243	0.350718861	0.0303666	0.5681875	0.060226195	0.433059558	0.037331339	0.093688889	0.009356595	0.906311111	0.009356595	0.649281139	0.0303666
DESeq2	100	800	abundant	2	0.907836735	0.005223916	0.286310832	0.097902309	0.089	0.04189227	0.13363183	0.056203564	0.019377778	0.005955602	0.980622222	0.005955602	0.713689168	0.097902309
DESeq2	100	800	abundant	5	0.890989796	0.008459222	0.357162538	0.039361345	0.416625	0.055804841	0.383690971	0.043057487	0.066844444	0.008424084	0.933155556	0.008424084	0.642837462	0.039361345
edgeR	100	100	abundant	1	0.994765	0.000621399	0.102785714	0.277165281	0.022	0.062893208	0.033621653	0.091621342	0.000346734	0.000604768	0.999653266	0.000604768	0.327214286	0.453913035
edgeR	100	100	abundant	2	0.995355	0.002220537	0.563743139	0.170561438	0.766	0.129661564	0.636145659	0.131916232	0.003492462	0.002036994	0.996507538	0.002036994	0.436256861	0.170561438
edgeR	100	100	abundant	5	0.989565	0.003021518	0.333825203	0.084856964	0.951	0.05411361	0.488411283	0.082576796	0.010241206	0.003090094	0.989758794	0.003090094	0.666174797	0.084856964
edgeR	100	100	abundant	10	0.98822	0.002455997	0.299660617	0.056771969	0.95	0.050251891	0.452875881	0.061729717	0.01158794	0.002456426	0.98841206	0.002456426	0.700339383	0.056771969
edgeR	100	200	abundant	1	0.9899	0.000512471	0.154880952	0.313647627	0.0185	0.039347583	0.031353852	0.063922083	0.000287879	0.000588701	0.999712121	0.000588701	0.215119048	0.369740676
edgeR	100	200	abundant	2	0.99078	0.002484619	0.553931853	0.133070257	0.56	0.111464086	0.55044108	0.104803184	0.004868687	0.002102105	0.995131313	0.002102105	0.446068147	0.133070257
edgeR	100	200	abundant	5	0.987225	0.001830404	0.426521194	0.049030189	0.7765	0.089175516	0.549100066	0.055046981	0.010646465	0.00165211	0.989353535	0.00165211	0.573478806	0.049030189
edgeR	100	200	abundant	10	0.98658	0.001466322	0.406433674	0.037811253	0.733	0.078887466	0.521951849	0.046031087	0.010858586	0.001322672	0.989141414	0.001322672	0.593566326	0.037811253
edgeR	100	300	abundant	1	0.984865	0.000511756	0.114547619	0.279289208	0.008666667	0.020444005	0.01556112	0.036243316	0.000269036	0.000592568	0.999730964	0.000592568	0.215452381	0.382480775
edgeR	100	300	abundant	2	0.98616	0.002545426	0.571766625	0.131101243	0.394666667	0.085899218	0.460380025	0.087967901	0.004832487	0.002211439	0.995167513	0.002211439	0.428233375	0.131101243
edgeR	100	300	abundant	5	0.982135	0.002287267	0.429617854	0.059774414	0.546666667	0.068164981	0.479007315	0.053854339	0.011233503	0.002090651	0.988766497	0.002090651	0.570382146	0.059774414
edgeR	100	300	abundant	10	0.982035	0.001930948	0.419339671	0.052289745	0.509666667	0.068541811	0.459483533	0.056932298	0.010771574	0.001331499	0.989228426	0.001331499	0.580660329	0.052289745
edgeR	100	400	abundant	1	0.979905	0.000505999	0.148583333	0.299908925	0.01025	0.023054339	0.01842192	0.040003907	0.000306122	0.000632191	0.999693878	0.000632191	0.211416667	0.361337643
edgeR	100	400	abundant	2	0.982005	0.00308425	0.584701449	0.125941429	0.39325	0.085712625	0.465073341	0.089082068	0.005979592	0.002431308	0.994020408	0.002431308	0.415298551	0.125941429
edgeR	100	400	abundant	5	0.97665	0.002314316	0.432278113	0.047411182	0.52075	0.068539508	0.470820576	0.049536328	0.014045918	0.00210981	0.985954082	0.00210981	0.567721887	0.047411182
edgeR	100	400	abundant	10	0.97573	0.002203555	0.407945658	0.04642174	0.47	0.06246211	0.435987562	0.050477063	0.01394898	0.001674536	0.98605102	0.001674536	0.592054342	0.04642174
edgeR	100	500	abundant	1	0.9749	0.00048721	0.116751337	0.23393932	0.0098	0.024535277	0.017306028	0.040642441	0.000353846	0.000770335	0.999646154	0.000770335	0.183248663	0.318976358
edgeR	100	500	abundant	2	0.97633	0.003346353	0.546278096	0.106674495	0.3786	0.073043781	0.44346467	0.074909157	0.00834359	0.002751364	0.99165641	0.002751364	0.453721904	0.106674495
edgeR	100	500	abundant	5	0.971125	0.002328323	0.431348272	0.041363641	0.4866	0.05846902	0.4566385	0.046527764	0.016451282	0.00174429	0.983548718	0.00174429	0.568651728	0.041363641
edgeR	100	500	abundant	10	0.970325	0.002471428	0.413395994	0.045733555	0.4478	0.0588712	0.429483823	0.050396416	0.016276923	0.001555837	0.983723077	0.001555837	0.586604006	0.045733555
edgeR	100	800	abundant	1	0.959915	0.00058627	0.126619048	0.298309709	0.00425	0.010839159	0.008064905	0.020238352	0.000265625	0.000651678	0.999734375	0.000651678	0.163380952	0.339636984
edgeR	100	800	abundant	2	0.96071	0.003007717	0.543065896	0.127004353	0.17425	0.038795794	0.261072623	0.051503083	0.006520833	0.002652105	0.993479167	0.002652105	0.456934104	0.127004353
edgeR	100	800	abundant	5	0.956935	0.00252228	0.432422777	0.054532954	0.24275	0.036763818	0.310232397	0.042329249	0.013307292	0.001949307	0.986692708	0.001949307	0.567577223	0.054532954
edgeR	100	800	abundant	10	0.95559	0.002458114	0.397952986	0.057110675	0.21675	0.036722581	0.280329738	0.044259675	0.013625	0.001480042	0.986375	0.001480042	0.602047014	0.057110675
edgeR	100	1000	abundant	1	0.94983	0.000671272	0.16800938	0.292404296	0.0066	0.013043827	0.012415483	0.024109059	0.000526316	0.000919247	0.999473684	0.000919247	0.24199062	0.359986254
edgeR	100	1000	abundant	2	0.951315	0.00317555	0.552059665	0.114293159	0.1755	0.033825906	0.264311555	0.045958506	0.007852632	0.002753355	0.992147368	0.002753355	0.447940335	0.114293159
edgeR	100	1000	abundant	5	0.945825	0.003053707	0.422866281	0.05695998	0.2294	0.036064476	0.296994151	0.043133674	0.016468421	0.00206405	0.983531579	0.00206405	0.577133719	0.05695998
edgeR	100	1000	abundant	10	0.945515	0.002758325	0.413056052	0.053236151	0.2133	0.030018681	0.281136138	0.037872829	0.015947368	0.001700118	0.984052632	0.001700118	0.586943948	0.053236151
edgeR	100	2000	abundant	1	0.89999	0.000460457	0.154127817	0.279247526	0.0036	0.007422325	0.006958734	0.014183733	0.000411111	0.000845386	0.999588889	0.000845386	0.175872183	0.304458643
edgeR	100	2000	abundant	2	0.90097	0.003865034	0.535361758	0.10126491	0.112	0.017865943	0.184190643	0.026863745	0.011366667	0.00391917	0.988633333	0.00391917	0.464638242	0.10126491
edgeR	100	2000	abundant	5	0.89497	0.003097588	0.424541843	0.046586245	0.1417	0.019850705	0.212184753	0.02734805	0.021333333	0.00243765	0.978666667	0.00243765	0.575458157	0.046586245
edgeR	100	2000	abundant	10	0.894345	0.003209593	0.412149774	0.050118399	0.133	0.018174241	0.200984004	0.026359047	0.021061111	0.002098246	0.978938889	0.002098246	0.587850226	0.050118399
fastANCOM	100	100	abundant	1	0.988994505	0.000133909	0	0	0	0	0	0	1.67E-05	0.000135397	0.999983333	0.000135397	0.015	0.121857483
fastANCOM	100	100	abundant	10	0.98256044	0.004546675	0.310879901	0.100691269	0.4355	0.141029061	0.356135248	0.104295967	0.011361111	0.004616219	0.988638889	0.004616219	0.689120099	0.100691269
fastANCOM	100	100	abundant	2	0.98882967	0.001316367	0.241095238	0.36080836	0.055	0.088963885	0.084226907	0.127567839	0.000794444	0.001266996	0.999205556	0.001266996	0.288904762	0.390852998
fastANCOM	100	100	abundant	5	0.986021978	0.002769878	0.370699248	0.120610537	0.381	0.121708937	0.374529809	0.118954306	0.007255556	0.001785404	0.992744444	0.001785404	0.629300752	0.120610537
fastANCOM	100	1000	abundant	1	0.900005	7.07E-05	0.005	0.070710678	5.00E-05	0.000707107	9.90E-05	0.001400211	0	0	1	0	0	0
fastANCOM	100	1000	abundant	10	0.635205	0.081399832	0.154599792	0.044134019	0.5459	0.058069357	0.237515514	0.047914632	0.354872222	0.091470379	0.645127778	0.091470379	0.845400208	0.044134019
fastANCOM	100	1000	abundant	2	0.899405	0.001785192	0.275963181	0.308697087	0.013	0.018045169	0.02419188	0.032232863	0.002105556	0.002526361	0.997894444	0.002526361	0.409036819	0.370705721
fastANCOM	100	1000	abundant	5	0.791655	0.089980768	0.244951577	0.104960678	0.34125	0.07443548	0.263254494	0.060113676	0.1583	0.105544412	0.8417	0.105544412	0.755048423	0.104960678
fastANCOM	100	200	abundant	1	0.97826087	0	0	0	0	0	0	0	0	0	1	0	0	0
fastANCOM	100	200	abundant	10	0.952706522	0.010004932	0.25286766	0.058917569	0.56775	0.128667065	0.344946937	0.067302426	0.038738889	0.011028547	0.961261111	0.011028547	0.74713234	0.058917569
fastANCOM	100	200	abundant	2	0.977494565	0.001779883	0.236694444	0.320310175	0.03975	0.053118219	0.064679872	0.083436134	0.001666667	0.002029621	0.998333333	0.002029621	0.428305556	0.408791991
fastANCOM	100	200	abundant	5	0.968375	0.007684087	0.336514097	0.090876948	0.40275	0.095527825	0.359936396	0.080238277	0.019055556	0.007910058	0.980944444	0.007910058	0.663485903	0.090876948
fastANCOM	100	2000	abundant	1	0.818181818	0	0	0	0	0	0	0	0	0	1	0	0	0
fastANCOM	100	2000	abundant	10	0.329213636	0.128068247	0.139767866	0.043720304	0.48355	0.045684603	0.212751451	0.037048208	0.705083333	0.160952576	0.294916667	0.160952576	0.860232134	0.043720304
fastANCOM	100	2000	abundant	2	0.816077273	0.018315991	0.254314365	0.290245648	0.00935	0.013302718	0.017349227	0.0237167	0.00465	0.023354747	0.99535	0.023354747	0.420685635	0.372269944
fastANCOM	100	2000	abundant	5	0.611081818	0.198044478	0.246981874	0.134790827	0.262875	0.06281791	0.219769128	0.059500526	0.311538889	0.253510172	0.688461111	0.253510172	0.753018126	0.134790827
fastANCOM	100	300	abundant	1	0.967741935	0	0	0	0	0	0	0	0	0	1	0	0	0
fastANCOM	100	300	abundant	10	0.918096774	0.017183726	0.221834591	0.052175305	0.576	0.106628972	0.316462272	0.059150783	0.0705	0.018247137	0.9295	0.018247137	0.778165409	0.052175305
fastANCOM	100	300	abundant	2	0.967091398	0.001822681	0.253509234	0.320847878	0.031	0.044522405	0.052317622	0.070462009	0.001705556	0.002210683	0.998294444	0.002210683	0.396490766	0.391456731
fastANCOM	100	300	abundant	5	0.944806452	0.015398378	0.283598334	0.079782567	0.393333333	0.104931447	0.318576579	0.067013043	0.036811111	0.017297501	0.963188889	0.017297501	0.716401666	0.079782567
fastANCOM	100	400	abundant	1	0.957457447	0.000106115	0.01	0.099748427	0.00025	0.002493711	0.000487805	0.004865777	0	0	1	0	0	0
fastANCOM	100	400	abundant	10	0.878840426	0.020142949	0.202726622	0.038645034	0.609	0.093911377	0.30222002	0.047963399	0.109166667	0.02184372	0.890833333	0.02184372	0.797273378	0.038645034
fastANCOM	100	400	abundant	2	0.956654255	0.002324375	0.272543574	0.34004849	0.028125	0.038578503	0.048501394	0.063503849	0.002077778	0.002780981	0.997922222	0.002780981	0.442456426	0.40534119
fastANCOM	100	400	abundant	5	0.92287234	0.021559384	0.268428799	0.079614808	0.397	0.088559096	0.310390142	0.063159238	0.053755556	0.023956492	0.946244444	0.023956492	0.731571201	0.079614808
fastANCOM	100	500	abundant	1	0.947347368	0.00023502	0	0	0	0	0	0	2.22E-05	0.000248077	0.999977778	0.000248077	0.01	0.099748427
fastANCOM	100	500	abundant	10	0.838752632	0.029476344	0.193374487	0.037905921	0.6235	0.085052452	0.293181254	0.046971973	0.149288889	0.031688829	0.850711111	0.031688829	0.806625513	0.037905921
fastANCOM	100	500	abundant	2	0.945963158	0.002473209	0.305324741	0.291129232	0.0358	0.039320357	0.060430943	0.061766008	0.003472222	0.003757553	0.996527778	0.003757553	0.504675259	0.350461358
fastANCOM	100	500	abundant	5	0.886589474	0.035685435	0.232915985	0.071684356	0.4189	0.090430517	0.288111181	0.057317324	0.087427778	0.040160448	0.912572222	0.040160448	0.767084015	0.071684356
fastANCOM	100	800	abundant	1	0.918367347	0	0	0	0	0	0	0	0	0	1	0	0	0
fastANCOM	100	800	abundant	10	0.723647959	0.058170186	0.163248539	0.043538598	0.5384375	0.067167868	0.247364191	0.047508353	0.259888889	0.064117173	0.740111111	0.064117173	0.836751461	0.043538598
fastANCOM	100	800	abundant	2	0.917826531	0.001883235	0.292447969	0.347990805	0.0144375	0.020093121	0.026709676	0.035973867	0.001872222	0.0023592	0.998127778	0.0023592	0.382552031	0.387980122
fastANCOM	100	800	abundant	5	0.847372449	0.066598602	0.266195901	0.11337875	0.31325	0.067862187	0.267908112	0.067555574	0.10515	0.075433621	0.89485	0.075433621	0.733804099	0.11337875
LEfSe	100	100	abundant	1	0.988965674	0.00027022	0	0	0	0	0	0	4.58E-05	0.000273222	0.999954181	0.000273222	0.030927835	0.173570147
LEfSe	100	100	abundant	10	0.952115385	0.009084803	0.179859802	0.031708397	0.9095	0.099039356	0.298922814	0.044853749	0.047411111	0.009476076	0.952588889	0.009476076	0.820140198	0.031708397
LEfSe	100	100	abundant	2	0.98578022	0.003694484	0.332049254	0.17785833	0.2605	0.147983939	0.279835388	0.144713353	0.006161111	0.003682271	0.993838889	0.003682271	0.662950746	0.182473031
LEfSe	100	100	abundant	5	0.96843956	0.008846367	0.234717831	0.057149559	0.7615	0.155203708	0.353385227	0.070607379	0.029261111	0.009594597	0.970738889	0.009594597	0.765282169	0.057149559
LEfSe	100	1000	abundant	1	0.899994924	0.000236847	0.010152284	0.100501179	0.000152284	0.001589878	0.000299582	0.003123567	2.26E-05	0.000193084	0.999977439	0.000193084	0.015228426	0.122772286
LEfSe	100	1000	abundant	10	0.865615	0.012195096	0.359476372	0.038579207	0.42935	0.050535599	0.389782055	0.036311234	0.085911111	0.014423496	0.914088889	0.014423496	0.640523628	0.038579207
LEfSe	100	1000	abundant	2	0.89853	0.00282649	0.369485459	0.261001656	0.02755	0.023713056	0.049969227	0.040731169	0.004694444	0.003678293	0.995305556	0.003678293	0.575514541	0.281975897
LEfSe	100	1000	abundant	5	0.88283	0.007754467	0.376828184	0.049825804	0.2604	0.051224602	0.306065365	0.04742908	0.048011111	0.009147949	0.951988889	0.009147949	0.623171816	0.049825804
LEfSe	100	200	abundant	1	0.978177684	0.000560503	0.00127551	0.017857143	0.000255102	0.003571429	0.00042517	0.005952381	9.07E-05	0.000599112	0.999909297	0.000599112	0.034438776	0.180171404
LEfSe	100	200	abundant	10	0.939826087	0.01234427	0.243924636	0.039269915	0.80425	0.088791085	0.3721245	0.048790308	0.057161111	0.013083789	0.942838889	0.013083789	0.756075364	0.039269915
LEfSe	100	200	abundant	2	0.975516304	0.003488585	0.354168634	0.192321453	0.14125	0.085718585	0.193294649	0.106752317	0.005944444	0.003579675	0.994055556	0.003579675	0.635831366	0.199545289
LEfSe	100	200	abundant	5	0.960771739	0.008169863	0.30912942	0.059399312	0.6105	0.116220852	0.405742356	0.064777404	0.031444444	0.008953561	0.968555556	0.008953561	0.69087058	0.059399312
LEfSe	100	2000	abundant	1	0.81817725	6.44E-05	0	0	0	0	0	0	5.58E+06	7.88E-05	0.999994417	7.88E-05	0.005025126	0.070888121
LEfSe	100	2000	abundant	10	0.781081818	0.01080635	0.377964515	0.031364506	0.31415	0.03434641	0.342441597	0.03023188	0.115155556	0.013010726	0.884844444	0.013010726	0.622035485	0.031364506
LEfSe	100	2000	abundant	2	0.816431818	0.002855865	0.375951637	0.219809095	0.017175	0.01373271	0.032316515	0.024874855	0.005955556	0.004280969	0.994044444	0.004280969	0.579048363	0.239794323
LEfSe	100	2000	abundant	5	0.800090909	0.00825836	0.391812023	0.04783951	0.180275	0.033524901	0.245862387	0.038300494	0.062172222	0.010058639	0.937827778	0.010058639	0.608187977	0.04783951
LEfSe	100	300	abundant	1	0.96762815	0.000806961	0.008417508	0.081373612	0.000529101	0.004177207	0.000930141	0.007396305	0.000135215	0.000903111	0.999864785	0.000903111	0.044492544	0.202409744
LEfSe	100	300	abundant	10	0.930430108	0.013598204	0.279603204	0.045080175	0.697333333	0.086391782	0.396284065	0.049814484	0.0618	0.014902774	0.9382	0.014902774	0.720396796	0.045080175
LEfSe	100	300	abundant	2	0.965752688	0.00279389	0.363380387	0.226276428	0.081666667	0.060034422	0.126976445	0.082123407	0.004777778	0.003315605	0.995222222	0.003315605	0.611619613	0.239662655
LEfSe	100	300	abundant	5	0.951268817	0.007306963	0.333127278	0.054061463	0.490166667	0.095796494	0.392901757	0.059105862	0.033361111	0.008259725	0.966638889	0.008259725	0.666872722	0.054061463
LEfSe	100	400	abundant	1	0.957343301	0.000992797	0.000900901	0.012253577	0.000135135	0.001838037	0.000235018	0.003196585	0.000114114	0.001065012	0.999885886	0.001065012	0.020720721	0.140167117
LEfSe	100	400	abundant	10	0.903558511	0.019012306	0.271489074	0.0423011	0.7135	0.068538219	0.390667722	0.045473116	0.087994444	0.020838761	0.912005556	0.020838761	0.728510926	0.0423011
LEfSe	100	400	abundant	2	0.955324468	0.003162845	0.36903929	0.209609385	0.074625	0.054362309	0.118651247	0.078381258	0.005533333	0.003795374	0.994466667	0.003795374	0.60096071	0.22567388
LEfSe	100	400	abundant	5	0.933664894	0.010629686	0.325136846	0.050993136	0.4975	0.090815678	0.389798203	0.055310189	0.04695	0.012010499	0.95305	0.012010499	0.674863154	0.050993136
LEfSe	100	500	abundant	1	0.947310265	0.000505114	0.002209945	0.029731766	0.000220994	0.002973177	0.000401808	0.005405776	7.37E-05	0.000580929	0.999926335	0.000580929	0.019889503	0.135162408
LEfSe	100	500	abundant	10	0.877231579	0.021247789	0.264890554	0.037038585	0.7213	0.067907046	0.385352674	0.040611671	0.114105556	0.023852588	0.885894444	0.023852588	0.735109446	0.037038585
LEfSe	100	500	abundant	2	0.943810526	0.004171413	0.366080329	0.15480758	0.0915	0.055833115	0.140169316	0.073850959	0.008838889	0.005616414	0.991161111	0.005616414	0.633919671	0.15480758
LEfSe	100	500	abundant	5	0.916705263	0.011473061	0.320576508	0.047032778	0.5001	0.078388223	0.387522146	0.046909056	0.06015	0.013437928	0.93985	0.013437928	0.679423492	0.047032778
LEfSe	100	800	abundant	1	0.918367347	0.000104692	0.005235602	0.072357461	6.54E-05	0.000904468	0.000129274	0.001786604	5.82E-06	8.04E-05	0.999994183	8.04E-05	0.005235602	0.072357461
LEfSe	100	800	abundant	10	0.889219388	0.011463906	0.355769184	0.044700716	0.4284375	0.057274485	0.387035469	0.043293168	0.069822222	0.012685959	0.930177778	0.012685959	0.644230816	0.044700716
LEfSe	100	800	abundant	2	0.917311224	0.002614836	0.371451384	0.26094504	0.030875	0.028901311	0.055347466	0.048824371	0.003894444	0.003191662	0.996105556	0.003191662	0.528548616	0.289622134
LEfSe	100	800	abundant	5	0.905	0.007339757	0.381798415	0.058908239	0.25925	0.050643472	0.307051833	0.050314063	0.0376	0.007520627	0.9624	0.007520627	0.618201585	0.058908239
limma_voom	100	100	abundant	1	0.988967033	0.000288121	0.0025	0.035355339	0.001	0.014142136	0.001428571	0.020203051	5.56E-05	0.000329496	0.999944444	0.000329496	0.0325	0.174199533
limma_voom	100	100	abundant	10	0.974752747	0.009242409	0.269381376	0.074354049	0.6695	0.182995043	0.375489937	0.088900909	0.021855556	0.010133491	0.978144444	0.010133491	0.730618624	0.074354049
limma_voom	100	100	abundant	2	0.987082418	0.002911585	0.370193515	0.227764376	0.199	0.119878498	0.246967967	0.135665526	0.004161111	0.00275788	0.995838889	0.00275788	0.624806485	0.230556009
limma_voom	100	100	abundant	5	0.980571429	0.005856184	0.31078853	0.094859792	0.553	0.164090305	0.388381301	0.099412087	0.014677778	0.006440988	0.985322222	0.006440988	0.68921147	0.094859792
limma_voom	100	1000	abundant	1	0.860425	0.092687536	0.038301412	0.103239258	0.01715	0.037300592	0.013704173	0.024419985	0.045877778	0.106579656	0.954122222	0.106579656	0.531698588	0.473165155
limma_voom	100	1000	abundant	10	0.624425	0.221496315	0.193183318	0.097134475	0.53675	0.085712723	0.263944033	0.094410886	0.365833333	0.25289435	0.634166667	0.25289435	0.806816682	0.097134475
limma_voom	100	1000	abundant	2	0.82941	0.117454458	0.192026172	0.19562449	0.0688	0.070079352	0.064161615	0.041949644	0.086077778	0.137103722	0.913922222	0.137103722	0.757973828	0.258279929
limma_voom	100	1000	abundant	5	0.73958	0.175660258	0.230024965	0.104495316	0.368	0.098883211	0.25484644	0.073715168	0.219133333	0.204085426	0.780866667	0.204085426	0.769975035	0.104495316
limma_voom	100	200	abundant	1	0.977228261	0.004044696	0.00056928	0.005694794	0.001	0.011163472	0.000691193	0.007122664	0.001077778	0.004349788	0.998922222	0.004349788	0.21443072	0.410800785
limma_voom	100	200	abundant	10	0.944179348	0.022392916	0.252123245	0.073106431	0.676	0.121853359	0.361019507	0.085950361	0.049861111	0.023182742	0.950138889	0.023182742	0.747876755	0.073106431
limma_voom	100	200	abundant	2	0.974320652	0.006993054	0.310619127	0.226871072	0.113	0.083159954	0.153961867	0.105513815	0.006538889	0.007404019	0.993461111	0.007404019	0.654380873	0.252116253
limma_voom	100	200	abundant	5	0.960021739	0.016675429	0.304775998	0.088394417	0.52875	0.122416775	0.376488141	0.083491105	0.030394444	0.017993836	0.969605556	0.017993836	0.695224002	0.088394417
limma_voom	100	2000	abundant	1	0.731531818	0.215608908	0.070563443	0.162515615	0.026875	0.061822077	0.018178762	0.028289487	0.111877778	0.276611205	0.888122222	0.276611205	0.449436557	0.457366685
limma_voom	100	2000	abundant	10	0.172172727	0.480001573	0.174206186	0.109402954	0.526725	0.10821484	0.23214651	0.095128753	0.906616667	0.607465613	0.093383333	0.607465613	0.825793814	0.109402954
limma_voom	100	2000	abundant	2	0.706681818	0.275171486	0.23437564	0.19730794	0.063025	0.09342707	0.055571463	0.044936613	0.150283333	0.355763915	0.849716667	0.355763915	0.67562436	0.280788831
limma_voom	100	2000	abundant	5	0.55195	0.355396425	0.251330641	0.114050126	0.311725	0.11070423	0.238975823	0.065970318	0.394666667	0.455885637	0.605333333	0.455885637	0.748669359	0.114050126
limma_voom	100	300	abundant	1	0.96405914	0.00779083	0.0044554	0.019189285	0.002666667	0.010755908	0.003156488	0.012717604	0.003894444	0.008253383	0.996105556	0.008253383	0.3755446	0.481248054
limma_voom	100	300	abundant	10	0.904887097	0.042065558	0.221264454	0.072569854	0.622666667	0.103309826	0.318034617	0.080844746	0.085705556	0.04447719	0.914294444	0.04447719	0.778735546	0.072569854
limma_voom	100	300	abundant	2	0.95805914	0.014056831	0.222431687	0.213052741	0.0705	0.059325965	0.091616367	0.067642231	0.012355556	0.015446519	0.987644444	0.015446519	0.712568313	0.278227328
limma_voom	100	300	abundant	5	0.932360215	0.030793579	0.262866143	0.088337637	0.457833333	0.112555092	0.320369068	0.081345865	0.051822222	0.033166723	0.948177778	0.033166723	0.737133857	0.088337637
limma_voom	100	400	abundant	1	0.950361702	0.016214453	0.010631471	0.054747151	0.0035	0.013736574	0.003768545	0.013893176	0.007555556	0.017289139	0.992444444	0.017289139	0.424368529	0.487784141
limma_voom	100	400	abundant	10	0.871388298	0.051250638	0.216629804	0.075157964	0.63275	0.090967372	0.315343075	0.085367815	0.118005556	0.0540191	0.881994444	0.0540191	0.783370196	0.075157964
limma_voom	100	400	abundant	2	0.945255319	0.018434663	0.241518558	0.202369341	0.076375	0.060628901	0.100083984	0.068607358	0.016127778	0.020620975	0.983872222	0.020620975	0.718481442	0.245209578
limma_voom	100	400	abundant	5	0.911308511	0.035773434	0.259942921	0.077196692	0.471625	0.099233162	0.32459991	0.071495995	0.06915	0.039145754	0.93085	0.039145754	0.740057079	0.077196692
limma_voom	100	500	abundant	1	0.936878947	0.026380851	0.020674121	0.107644538	0.004	0.01329979	0.00438247	0.013623991	0.011294444	0.028351699	0.988705556	0.028351699	0.434325879	0.488016823
limma_voom	100	500	abundant	10	0.822494737	0.070242776	0.197565968	0.067691974	0.6414	0.082730051	0.295310244	0.078849825	0.167444444	0.075219306	0.832555556	0.075219306	0.802434032	0.067691974
limma_voom	100	500	abundant	2	0.928505263	0.033223067	0.242477722	0.184812415	0.0852	0.062195671	0.106270315	0.063033864	0.024644444	0.037132426	0.975355556	0.037132426	0.757522278	0.184812415
limma_voom	100	500	abundant	5	0.885326316	0.052473886	0.252920538	0.077565573	0.4713	0.098564113	0.318135775	0.072858017	0.091672222	0.057814595	0.908327778	0.057814595	0.747079462	0.077565573
limma_voom	100	800	abundant	1	0.888280612	0.068031192	0.045560877	0.1369696	0.0139375	0.028221394	0.013253787	0.023377645	0.034	0.075950294	0.966	0.075950294	0.514439123	0.475503749
limma_voom	100	800	abundant	10	0.672530612	0.174695497	0.174925508	0.089443873	0.5403125	0.084903484	0.247561002	0.089933332	0.315716667	0.194935772	0.684283333	0.194935772	0.825074492	0.089443873
limma_voom	100	800	abundant	2	0.876760204	0.079356499	0.2038862	0.205826574	0.060125	0.06595822	0.064123726	0.049157007	0.05065	0.091071152	0.94935	0.091071152	0.7361138	0.272871225
limma_voom	100	800	abundant	5	0.797158163	0.125117233	0.224831995	0.102293748	0.3516875	0.087087844	0.24983124	0.071409375	0.163244444	0.141825214	0.836755556	0.141825214	0.775168005	0.102293748
LinDA	100	100	abundant	1	0.988895604	0.000532883	0.001428571	0.020203051	0.001	0.014142136	0.001176471	0.016637807	0.000127778	0.000621966	0.999872222	0.000621966	0.058571429	0.233221719
LinDA	100	100	abundant	10	0.972571429	0.006892933	0.225706979	0.06900788	0.584	0.198091396	0.320220672	0.091680373	0.023111111	0.007286469	0.976888889	0.007286469	0.774293021	0.06900788
LinDA	100	100	abundant	2	0.986604396	0.003110874	0.363680826	0.188568237	0.242	0.128133097	0.279517423	0.135781744	0.005122222	0.002876342	0.994877778	0.002876342	0.636319174	0.188568237
LinDA	100	100	abundant	5	0.980549451	0.005499473	0.286472245	0.10745698	0.4595	0.156948764	0.346487237	0.115155121	0.013661111	0.005274049	0.986338889	0.005274049	0.713527755	0.10745698
LinDA	100	1000	abundant	1	0.899995	0.000212605	0.011666667	0.10233183	2.00E-04	0.001724782	0.000392176	0.003382089	2.78E-05	0.000206522	0.999972222	0.000206522	0.018333333	0.13027266
LinDA	100	1000	abundant	10	0.85601	0.014966626	0.351692085	0.037829482	0.50815	0.057877687	0.413977566	0.037107877	0.105338889	0.017907365	0.894661111	0.017907365	0.648307915	0.037829482
LinDA	100	1000	abundant	2	0.899305	0.001849073	0.291015116	0.30210818	0.01515	0.020249139	0.027938501	0.035654541	0.002455556	0.002790512	0.997544444	0.002790512	0.453984884	0.364740283
LinDA	100	1000	abundant	5	0.880865	0.008892251	0.376213266	0.050018	0.28485	0.053019173	0.322012888	0.046558362	0.052911111	0.010669365	0.947088889	0.010669365	0.623786734	0.050018
LinDA	100	200	abundant	1	0.978108696	0.00067208	0.002214286	0.023449674	0.001	0.011163472	0.00137037	0.015056241	0.000177778	0.000858787	0.999822222	0.000858787	0.072785714	0.257209043
LinDA	100	200	abundant	10	0.949831522	0.008878818	0.271504232	0.040053869	0.7495	0.107972405	0.395891543	0.048489489	0.045716667	0.009917707	0.954283333	0.009917707	0.728495768	0.040053869
LinDA	100	200	abundant	2	0.97623913	0.003051193	0.360243001	0.250250385	0.10575	0.074546788	0.154237402	0.100176337	0.004416667	0.003299545	0.995583333	0.003299545	0.614756999	0.262716728
LinDA	100	200	abundant	5	0.96511413	0.006448129	0.326306958	0.064533455	0.5405	0.121691388	0.402149378	0.072745833	0.02545	0.007074443	0.97455	0.007074443	0.673693042	0.064533455
LinDA	100	2000	abundant	1	0.818181818	0	0	0	0	0	0	0	0	0	1	0	0	0
LinDA	100	2000	abundant	10	0.771777273	0.012401796	0.374787542	0.028551725	0.379325	0.040199495	0.376189926	0.029949699	0.141011111	0.016361126	0.858988889	0.016361126	0.625212458	0.028551725
LinDA	100	2000	abundant	2	0.817318182	0.002059681	0.270428188	0.290193729	0.00845	0.011290922	0.016089384	0.020968272	0.002933333	0.003515478	0.997066667	0.003515478	0.444571812	0.366186748
LinDA	100	2000	abundant	5	0.798113636	0.008594456	0.391203657	0.044619879	0.198375	0.037379412	0.261872235	0.039831964	0.068611111	0.011611699	0.931388889	0.011611699	0.608796343	0.044619879
LinDA	100	300	abundant	1	0.967725806	0.000169673	0.005	0.070710678	0.000166667	0.002357023	0.000322581	0.004561979	2.22E-05	0.000155946	0.999977778	0.000155946	0.02	0.140351318
LinDA	100	300	abundant	10	0.932026882	0.011979934	0.28399134	0.043945626	0.697166667	0.092775162	0.400725018	0.048855461	0.060144444	0.013406328	0.939855556	0.013406328	0.71600866	0.043945626
LinDA	100	300	abundant	2	0.966489247	0.002390506	0.345327069	0.28464336	0.057	0.051940566	0.092703101	0.077998257	0.003194444	0.002921598	0.996805556	0.002921598	0.539672931	0.321689178
LinDA	100	300	abundant	5	0.951876344	0.007695581	0.33488864	0.060889688	0.476833333	0.103062947	0.388960653	0.066187415	0.032288889	0.008629406	0.967711111	0.008629406	0.66511136	0.060889688
LinDA	100	400	abundant	1	0.957425532	0.000183487	0.005	0.070710678	0.000125	0.001767767	0.000243902	0.003449301	2.78E-05	0.000173907	0.999972222	0.000173907	0.025	0.156516732
LinDA	100	400	abundant	10	0.905579787	0.016886258	0.277921314	0.039246551	0.729875	0.074123755	0.400064034	0.041954257	0.086611111	0.018932931	0.913388889	0.018932931	0.722078686	0.039246551
LinDA	100	400	abundant	2	0.956154255	0.002607755	0.345482101	0.29212071	0.048125	0.046344888	0.080133162	0.07129788	0.003488889	0.003332477	0.996511111	0.003332477	0.524517899	0.329736442
LinDA	100	400	abundant	5	0.934021277	0.010921579	0.325332035	0.054804445	0.49025	0.097060762	0.387218036	0.060043919	0.046255556	0.012340331	0.953744444	0.012340331	0.674667965	0.054804445
LinDA	100	500	abundant	1	0.947336842	0.000256542	0.003095238	0.030966643	3.00E-04	0.003155915	0.000539556	0.005622265	5.00E-05	0.000435669	0.99995	0.000435669	0.016904762	0.120665956
LinDA	100	500	abundant	10	0.878531579	0.018854838	0.269244583	0.033528073	0.7388	0.069647786	0.39273439	0.036435815	0.113705556	0.021649595	0.886294444	0.021649595	0.730755417	0.033528073
LinDA	100	500	abundant	2	0.944721053	0.003670739	0.33537395	0.222596277	0.0549	0.045057083	0.088996428	0.065683739	0.005844444	0.005185605	0.994155556	0.005185605	0.62962605	0.244744109
LinDA	100	500	abundant	5	0.917163158	0.012329635	0.321015574	0.047724256	0.4934	0.092537864	0.384766033	0.051293674	0.059294444	0.015002606	0.940705556	0.015002606	0.678984426	0.047724256
LinDA	100	800	abundant	1	0.918362245	0.000125183	0.005	0.070710678	6.25E-05	0.000883883	0.000123457	0.001745943	1.11E-05	0.000110832	0.999988889	0.000110832	0.01	0.099748427
LinDA	100	800	abundant	10	0.88052551	0.013296933	0.344240196	0.040385921	0.49975	0.064520847	0.405916938	0.042235841	0.085627778	0.015280766	0.914372222	0.015280766	0.655759804	0.040385921
LinDA	100	800	abundant	2	0.917709184	0.001815294	0.280802607	0.325022451	0.0163125	0.021712109	0.029944181	0.038452501	0.002166667	0.002455005	0.997833333	0.002455005	0.434197393	0.386751592
LinDA	100	800	abundant	5	0.903352041	0.008036901	0.378549813	0.056265827	0.281375	0.057151692	0.320618525	0.052685954	0.041361111	0.008798703	0.958638889	0.008798703	0.621450187	0.056265827
MaAsLin2	100	100	abundant	1	0.988972334	0.000231059	0	0	0	0	0	0	3.91E-05	0.000233627	0.999960916	0.000233627	0.030150754	0.171433285
MaAsLin2	100	100	abundant	10	0.947631868	0.010317784	0.164483375	0.030264266	0.8895	0.1149164	0.276092074	0.043482155	0.051722222	0.010891606	0.948277778	0.010891606	0.835516625	0.030264266
MaAsLin2	100	100	abundant	2	0.98682967	0.003287445	0.343527244	0.234612534	0.176	0.124100786	0.218466943	0.140425821	0.004161111	0.003317471	0.995838889	0.003317471	0.631472756	0.249555311
MaAsLin2	100	100	abundant	5	0.968285714	0.009932075	0.226694525	0.063594672	0.6985	0.160863718	0.334884584	0.074131323	0.028716667	0.010771526	0.971283333	0.010771526	0.773305475	0.063594672
MaAsLin2	100	1000	abundant	1	0.899994975	0.000235648	0.010050251	0.099997462	0.000150754	0.001581901	0.000296571	0.003107896	2.23E-05	0.000192119	0.999977666	0.000192119	0.015075377	0.122160142
MaAsLin2	100	1000	abundant	10	0.855645	0.014813717	0.350442926	0.037111304	0.5067	0.056480619	0.412691091	0.036196632	0.105583333	0.01781523	0.894416667	0.01781523	0.649557074	0.037111304
MaAsLin2	100	1000	abundant	2	0.899335	0.00196266	0.347661558	0.31031084	0.0169	0.018792439	0.031462015	0.033531739	0.002616667	0.002590618	0.997383333	0.002590618	0.477338442	0.345109127
MaAsLin2	100	1000	abundant	5	0.881155	0.00874318	0.376655843	0.050767767	0.28145	0.05321236	0.319812808	0.046401947	0.052211111	0.010820883	0.947788889	0.010820883	0.623344157	0.050767767
MaAsLin2	100	200	abundant	1	0.978179348	0.000521884	0.002767857	0.031524599	0.001	0.011163472	0.001468254	0.016481084	0.000105556	0.000673863	0.999894444	0.000673863	0.042232143	0.197158774
MaAsLin2	100	200	abundant	10	0.924690217	0.016778439	0.207249028	0.037382815	0.827	0.088374489	0.329051607	0.047705283	0.073138889	0.017847934	0.926861111	0.017847934	0.792750972	0.037382815
MaAsLin2	100	200	abundant	2	0.976423913	0.002957022	0.351235279	0.251695444	0.09525	0.071346965	0.142248008	0.099727385	0.003994444	0.003099158	0.996005556	0.003099158	0.608764721	0.271483957
MaAsLin2	100	200	abundant	5	0.957396739	0.010480075	0.285912064	0.061824022	0.58925	0.131370578	0.378388096	0.067016535	0.034422222	0.011828835	0.965577778	0.011828835	0.714087936	0.061824022
MaAsLin2	100	2000	abundant	1	0.818181818	0	0	0	0	0	0	0	0	0	1	0	0	0
MaAsLin2	100	2000	abundant	10	0.772136364	0.011607659	0.376448623	0.027081181	0.3841	0.040554449	0.379462051	0.02965039	0.141633333	0.015322053	0.858366667	0.015322053	0.623551377	0.027081181
MaAsLin2	100	2000	abundant	2	0.81695	0.002355324	0.323509689	0.278244878	0.01055	0.012048791	0.020055836	0.022219547	0.00385	0.00361782	0.99615	0.00361782	0.536490311	0.327700068
MaAsLin2	100	2000	abundant	5	0.797968182	0.008744414	0.391995684	0.045100963	0.201175	0.036783276	0.264567222	0.039081018	0.069411111	0.011522216	0.930588889	0.011522216	0.608004316	0.045100963
MaAsLin2	100	300	abundant	1	0.967731183	0.000152066	0.005	0.070710678	0.000166667	0.002357023	0.000322581	0.004561979	1.67E-05	0.000135397	0.999983333	0.000135397	0.015	0.121857483
MaAsLin2	100	300	abundant	10	0.912295699	0.019759339	0.240139753	0.043215117	0.747	0.091283423	0.360041549	0.048874884	0.082194444	0.021870595	0.917805556	0.021870595	0.759860247	0.043215117
MaAsLin2	100	300	abundant	2	0.96633871	0.002500785	0.34598326	0.295386653	0.054666667	0.049117278	0.089595775	0.075048983	0.003272222	0.00290298	0.996727778	0.00290298	0.57901674	0.323757027
MaAsLin2	100	300	abundant	5	0.946655914	0.010421099	0.308041265	0.060176515	0.491666667	0.109806693	0.372953642	0.06380106	0.038177778	0.012050229	0.961822222	0.012050229	0.691958735	0.060176515
MaAsLin2	100	400	abundant	1	0.957420213	0.000197734	0.005	0.070710678	0.000125	0.001767767	0.000243902	0.003449301	3.33E-05	0.000190017	0.999966667	0.000190017	0.03	0.171015295
MaAsLin2	100	400	abundant	10	0.878579787	0.027089226	0.2345913	0.040877372	0.770875	0.075220676	0.356664028	0.045737959	0.116633333	0.029996362	0.883366667	0.029996362	0.7654087	0.040877372
MaAsLin2	100	400	abundant	2	0.956163798	0.002766033	0.339761961	0.28385798	0.045603015	0.045810746	0.076672333	0.071325941	0.003366834	0.003222841	0.996633166	0.003222841	0.549685275	0.322335486
MaAsLin2	100	400	abundant	5	0.927484043	0.014751571	0.303218689	0.053570984	0.5085	0.101479012	0.374923197	0.057030831	0.053894444	0.017053212	0.946105556	0.017053212	0.696781311	0.053570984
MaAsLin2	100	500	abundant	1	0.947342105	0.000222297	0.003875	0.038672824	5.00E-04	0.00508718	0.000880878	0.008920535	5.56E-05	0.000482333	0.999944444	0.000482333	0.011125	0.093127456
MaAsLin2	100	500	abundant	10	0.8467178	0.028602897	0.228531993	0.0326264	0.773065327	0.069297709	0.350720888	0.037772998	0.149190396	0.032102544	0.850809604	0.032102544	0.771468007	0.0326264
MaAsLin2	100	500	abundant	2	0.944647368	0.003710418	0.340573631	0.223029293	0.0557	0.044195886	0.090645694	0.064754329	0.005966667	0.005014168	0.994033333	0.005014168	0.629426369	0.241766816
MaAsLin2	100	500	abundant	5	0.907789474	0.015882123	0.294815113	0.047300539	0.5119	0.092276567	0.369433855	0.047062354	0.070216667	0.019314738	0.929783333	0.019314738	0.705184887	0.047300539
MaAsLin2	100	800	abundant	1	0.918367347	0.000102555	0.005025126	0.070888121	6.28E-05	0.000886102	0.000124077	0.001750324	5.58E+06	7.88E-05	0.999994417	7.88E-05	0.005025126	0.070888121
MaAsLin2	100	800	abundant	10	0.879744898	0.01395659	0.342418286	0.040440142	0.50025	0.065678714	0.40464139	0.041843691	0.086522222	0.01632283	0.913477778	0.01632283	0.657581714	0.040440142
MaAsLin2	100	800	abundant	2	0.917598195	0.00201088	0.29433998	0.300741417	0.018404523	0.023124027	0.033725912	0.040765681	0.002473479	0.002455266	0.997526521	0.002455266	0.509680121	0.364500867
MaAsLin2	100	800	abundant	5	0.903704082	0.007524427	0.379443003	0.055934156	0.2785	0.056933797	0.319090599	0.052204354	0.040722222	0.008236644	0.959277778	0.008236644	0.620556997	0.055934156
metagenomeSeq	100	200	abundant	1	0.98995	0.000279791	0.005	0.05	5.00E-04	0.005	0.000909091	0.009090909	5.56E-05	0.000286195	0.999944444	0.000286195	0.055	0.223550324
metagenomeSeq	100	200	abundant	2	0.991653061	0.001219278	0.838601393	0.341030505	0.17244898	0.122920318	0.273869422	0.177011314	7.22E-05	0.000217563	0.99992785	0.000217563	0.028745546	0.088115968
metagenomeSeq	100	200	abundant	5	0.995811224	0.001743198	0.829442368	0.11900771	0.751020408	0.087925575	0.783374524	0.08261058	0.001716141	0.001371663	0.998283859	0.001371663	0.170557632	0.11900771
metagenomeSeq	100	200	abundant	10	0.994495	0.001908904	0.673197811	0.091453715	0.9245	0.066094132	0.774331423	0.063644545	0.00479798	0.001970488	0.99520202	0.001970488	0.326802189	0.091453715
metagenomeSeq	100	300	abundant	1	0.984964646	0.000147298	0	0	0	0	0	0	3.59E-05	0.000149541	0.999964108	0.000149541	0.060606061	0.239820588
metagenomeSeq	100	300	abundant	2	0.986596939	0.001336749	0.79143368	0.368469008	0.116666667	0.095637968	0.193907423	0.144798965	0.000155392	0.000374569	0.999844608	0.000374569	0.045301014	0.112676441
metagenomeSeq	100	300	abundant	5	0.993247423	0.002007958	0.818925618	0.098104155	0.724398625	0.07869236	0.763483996	0.063213349	0.002658433	0.001857557	0.997341567	0.001857557	0.181074382	0.098104155
metagenomeSeq	100	300	abundant	10	0.991505155	0.002502597	0.669321147	0.077563563	0.893127148	0.052910246	0.762079955	0.054821585	0.006996703	0.002495655	0.993003297	0.002495655	0.330678853	0.077563563
metagenomeSeq	100	400	abundant	1	0.98	0	0	0	0	0	0	0	0	0	1	0	0	0
metagenomeSeq	100	400	abundant	2	0.982666667	0.001706829	0.87201327	0.287118714	0.141414141	0.090503243	0.234898358	0.134987483	0.000164914	0.000332639	0.999835086	0.000332639	0.037077639	0.075890672
metagenomeSeq	100	400	abundant	5	0.991116162	0.002452433	0.793168454	0.093608979	0.772727273	0.067677479	0.777940178	0.053218733	0.004426922	0.002526778	0.995573078	0.002526778	0.206831546	0.093608979
metagenomeSeq	100	400	abundant	10	0.98719697	0.003779522	0.632842201	0.072826825	0.91010101	0.043141792	0.743483306	0.053202508	0.011229643	0.004011061	0.988770357	0.004011061	0.367157799	0.072826825
metagenomeSeq	100	500	abundant	1	0.974989899	7.07E-05	0	0	0	0	0	0	1.04E-05	7.25E-05	0.99998964	7.25E-05	0.02020202	0.141406779
metagenomeSeq	100	500	abundant	2	0.978671717	0.002102187	0.916729832	0.182711175	0.160606061	0.091448861	0.262262979	0.133316864	0.00035224	0.000641377	0.99964776	0.000641377	0.052967138	0.083316615
metagenomeSeq	100	500	abundant	5	0.988546875	0.002901069	0.778243671	0.081224877	0.773333333	0.055794108	0.772688451	0.050419538	0.005934829	0.002854531	0.994065171	0.002854531	0.221756329	0.081224877
metagenomeSeq	100	500	abundant	10	0.98325	0.003415587	0.614862678	0.056257754	0.916530612	0.034224909	0.734251115	0.041256294	0.015039246	0.00357254	0.984960754	0.00357254	0.385137322	0.056257754
metagenomeSeq	100	800	abundant	1	0.95997449	0.000131847	0.015306122	0.112471798	0.000255102	0.001776486	0.000500833	0.003487778	3.72E-05	0.000134825	0.999962798	0.000134825	0.066326531	0.244925353
metagenomeSeq	100	800	abundant	2	0.96184	0.001532279	0.828017843	0.290199288	0.054625	0.041615689	0.099618808	0.070808483	0.000359375	0.000701101	0.999640625	0.000701101	0.091982157	0.157283171
metagenomeSeq	100	800	abundant	5	0.976979798	0.00311589	0.799047933	0.070631173	0.574747475	0.053092496	0.665939962	0.044828722	0.006260522	0.0028205	0.993739478	0.0028205	0.200952067	0.070631173
metagenomeSeq	100	800	abundant	10	0.97537	0.00417098	0.670483379	0.059519495	0.773125	0.041794312	0.716249206	0.038259283	0.016203125	0.004336738	0.983796875	0.004336738	0.329516621	0.059519495
metagenomeSeq	100	1000	abundant	1	0.94997	0.000156024	0.01	0.1	1.00E-04	0.001	0.00019802	0.001980198	3.68E-05	0.00015431	0.999963158	0.00015431	0.06	0.238683257
metagenomeSeq	100	1000	abundant	2	0.95245	0.002013214	0.847959423	0.315116354	0.0538	0.045765763	0.097853162	0.077543125	0.000252632	0.000734789	0.999747368	0.000734789	0.052040577	0.137486267
metagenomeSeq	100	1000	abundant	5	0.970757732	0.004022148	0.7810793	0.069727459	0.586804124	0.057419262	0.666904582	0.043593883	0.009034183	0.004044621	0.990965817	0.004044621	0.2189207	0.069727459
metagenomeSeq	100	1000	abundant	10	0.968969388	0.005522128	0.664398835	0.057869495	0.785612245	0.042911232	0.718013076	0.038616626	0.021380236	0.005842511	0.978619764	0.005842511	0.335601165	0.057869495
metagenomeSeq	100	2000	abundant	1	0.899984694	0.000112472	0.020408163	0.122650441	0.000153061	0.000865752	0.000303594	0.001717208	3.40E-05	0.000133875	0.999965986	0.000133875	0.051020408	0.209193295
metagenomeSeq	100	2000	abundant	2	0.903045918	0.002243073	0.858815886	0.303746802	0.032397959	0.023111447	0.061654519	0.0427817	0.00021542	0.000508504	0.99978458	0.000508504	0.04934738	0.130983948
metagenomeSeq	100	2000	abundant	5	0.93535	0.004879611	0.815153813	0.056565702	0.46165	0.046601984	0.587051788	0.038981074	0.012016667	0.004707861	0.987983333	0.004707861	0.184846187	0.056565702
metagenomeSeq	100	2000	abundant	10	0.936625	0.006254443	0.697689864	0.043097648	0.65255	0.03543022	0.673247316	0.027847912	0.031811111	0.0067626	0.968188889	0.0067626	0.302310136	0.043097648
metagenomeSeq	100	100	abundant	1	0.994984848	0.000111907	0.005050505	0.050251891	0.001010101	0.010050378	0.001683502	0.01675063	2.03E-05	0.000122654	0.999979696	0.000122654	0.025252525	0.149382016
metagenomeSeq	100	100	abundant	2	0.995915	0.000748922	0.782833333	0.377387313	0.203	0.14870145	0.307011822	0.200447717	0.000100503	0.000285696	0.999899497	0.000285696	0.047166667	0.126864434
metagenomeSeq	100	100	abundant	5	0.997540816	0.001215606	0.851082663	0.162104367	0.653061224	0.14728056	0.724646516	0.125845731	0.00072813	0.000981761	0.99927187	0.000981761	0.148917337	0.162104367
metagenomeSeq	100	100	abundant	10	0.997365	0.001490466	0.708193854	0.148716487	0.915	0.099873658	0.785653488	0.098054272	0.002221106	0.001537161	0.997778894	0.001537161	0.291806146	0.148716487
Wilcox	100	100	abundant	1	0.988983516	0.000204253	0	0	0	0	0	0	2.78E-05	0.000206522	0.999972222	0.000206522	0.02	0.140351318
Wilcox	100	100	abundant	10	0.953148352	0.009478221	0.182575749	0.03368558	0.901	0.112526937	0.301746728	0.04678655	0.046272222	0.010033691	0.953727778	0.010033691	0.817424251	0.03368558
Wilcox	100	100	abundant	2	0.986516484	0.003531688	0.350942188	0.230351766	0.205	0.136999431	0.242089078	0.146990779	0.0048	0.00349374	0.9952	0.00349374	0.639057812	0.236553526
Wilcox	100	100	abundant	5	0.969873626	0.009147932	0.242089664	0.06548227	0.735	0.163119711	0.35689836	0.075943137	0.027516667	0.009997814	0.972483333	0.009997814	0.757910336	0.06548227
Wilcox	100	1000	abundant	1	0.899985	0.000234628	0.01	0.099748427	1.00E-04	0.000997484	0.00019802	0.001975216	2.78E-05	0.000234647	0.999972222	0.000234647	0.015	0.121857483
Wilcox	100	1000	abundant	10	0.86843	0.011715432	0.364458204	0.038651306	0.4143	0.051113334	0.386182788	0.03663274	0.081111111	0.013970891	0.918888889	0.013970891	0.635541796	0.038651306
Wilcox	100	1000	abundant	2	0.89916	0.002262742	0.309134657	0.301578429	0.0156	0.018745586	0.028987914	0.033699972	0.002666667	0.00285949	0.997333333	0.00285949	0.470865343	0.355962214
Wilcox	100	1000	abundant	5	0.885115	0.007690742	0.382707753	0.055319172	0.241	0.050822383	0.293755248	0.050320972	0.043316667	0.008908046	0.956683333	0.008908046	0.617292247	0.055319172
Wilcox	100	200	abundant	1	0.978195652	0.000444506	0.00125	0.01767767	0.00025	0.003535534	0.000416667	0.005892557	7.22E-05	0.000486527	0.999927778	0.000486527	0.03375	0.178416929
Wilcox	100	200	abundant	10	0.941054348	0.012653814	0.24744202	0.042028334	0.79575	0.09198775	0.374877423	0.051023054	0.055716667	0.013501819	0.944283333	0.013501819	0.75255798	0.042028334
Wilcox	100	200	abundant	2	0.976195652	0.002856137	0.328344253	0.245803673	0.1015	0.081121226	0.14681239	0.108541989	0.004366667	0.003105982	0.995633333	0.003105982	0.631655747	0.269467758
Wilcox	100	200	abundant	5	0.961918478	0.008384465	0.313751899	0.06477812	0.58575	0.119292039	0.403013433	0.068486538	0.029722222	0.009274006	0.970277778	0.009274006	0.686248101	0.06477812
Wilcox	100	2000	abundant	1	0.818181818	0	0	0	0	0	0	0	0	0	1	0	0	0
Wilcox	100	2000	abundant	10	0.7829	0.010689269	0.379261196	0.031895471	0.3023	0.03397028	0.335649692	0.029775332	0.1103	0.01339216	0.8897	0.01339216	0.620738804	0.031895471
Wilcox	100	2000	abundant	2	0.817304545	0.001974499	0.286193146	0.294924392	0.0089	0.011541492	0.016938383	0.021475412	0.00305	0.003431456	0.99695	0.003431456	0.458806854	0.362240364
Wilcox	100	2000	abundant	5	0.802340909	0.007799258	0.394665015	0.049877911	0.163175	0.032957935	0.229635337	0.038935901	0.055622222	0.01016743	0.944377778	0.01016743	0.605334985	0.049877911
Wilcox	100	300	abundant	1	0.96772043	0.000214513	0.005	0.070710678	0.000166667	0.002357023	0.000322581	0.004561979	2.78E-05	0.000206522	0.999972222	0.000206522	0.02	0.140351318
Wilcox	100	300	abundant	10	0.931602151	0.01364929	0.282215921	0.045826992	0.687666667	0.090800153	0.396900756	0.049475937	0.060266667	0.015220219	0.939733333	0.015220219	0.717784079	0.045826992
Wilcox	100	300	abundant	2	0.966494624	0.00237994	0.345522575	0.291540681	0.055666667	0.053164515	0.090515433	0.079728209	0.003144444	0.002881341	0.996855556	0.002881341	0.529477425	0.328794578
Wilcox	100	300	abundant	5	0.952016129	0.007403082	0.333526085	0.058517993	0.466833333	0.101990108	0.384451278	0.0626143	0.031811111	0.008517004	0.968188889	0.008517004	0.666473915	0.058517993
Wilcox	100	400	abundant	1	0.957441489	7.52E-05	0	0	0	0	0	0	5.56E+06	7.86E-05	0.999994444	7.86E-05	0.005	0.070710678
Wilcox	100	400	abundant	10	0.905515957	0.019291284	0.275548338	0.044526379	0.707	0.070406215	0.393648521	0.047196755	0.085661111	0.021190628	0.914338889	0.021190628	0.724451662	0.044526379
Wilcox	100	400	abundant	2	0.956154255	0.002691464	0.316817983	0.276304913	0.04925	0.050680668	0.081028844	0.077696263	0.003538889	0.003471146	0.996461111	0.003471146	0.508182017	0.331664584
Wilcox	100	400	abundant	5	0.935335106	0.010365846	0.328073528	0.052647789	0.473375	0.096908154	0.38316818	0.057925228	0.044133333	0.012047716	0.955866667	0.012047716	0.671926472	0.052647789
Wilcox	100	500	abundant	1	0.947357895	0.000104998	0.003666667	0.036726767	3.00E-04	0.003155915	0.000552316	0.005781725	2.78E-05	0.000282621	0.999972222	0.000282621	0.006333333	0.063262325
Wilcox	100	500	abundant	10	0.879226316	0.022094424	0.267141052	0.038970967	0.7089	0.068485336	0.385509187	0.041058212	0.111311111	0.024942333	0.888688889	0.024942333	0.732858948	0.038970967
Wilcox	100	500	abundant	2	0.944894737	0.00350908	0.346562009	0.207354889	0.0575	0.042671469	0.094232388	0.062928307	0.005805556	0.004739557	0.994194444	0.004739557	0.613437991	0.231785963
Wilcox	100	500	abundant	5	0.918489474	0.011783945	0.323395383	0.049230937	0.4797	0.085006119	0.382196525	0.049124829	0.057133333	0.014308452	0.942866667	0.014308452	0.676604617	0.049230937
Wilcox	100	800	abundant	1	0.918372449	7.22E-05	0.005	0.070710678	6.25E-05	0.000883883	0.000123457	0.001745943	0	0	1	0	0	0
Wilcox	100	800	abundant	10	0.891867347	0.010804754	0.361618415	0.044803367	0.41375	0.059282774	0.384173088	0.044421681	0.065633333	0.012113116	0.934366667	0.012113116	0.638381585	0.044803367
Wilcox	100	800	abundant	2	0.917627551	0.001921814	0.256307554	0.292265534	0.0166875	0.021460402	0.030631939	0.038360856	0.002288889	0.002536758	0.997711111	0.002536758	0.413692446	0.370967852
Wilcox	100	800	abundant	5	0.906403061	0.007263754	0.385173321	0.063248681	0.2396875	0.051583553	0.293339495	0.05236505	0.034333333	0.007685098	0.965666667	0.007685098	0.614826679	0.063248681
ZicoSeq	100	100	abundant	1	0.989010989	0	0	0	0	0	0	0	0	0	1	0	0	0
ZicoSeq	100	100	abundant	10	0.988950549	0.000854744	0.001052632	0.014886459	0.002	0.028284271	0.00137931	0.019506394	8.33E-05	0.001178511	0.999916667	0.001178511	0.003947368	0.05582422
ZicoSeq	100	100	abundant	2	0.988620879	0.003364837	0.001734681	0.014986971	0.005	0.042236472	0.002538267	0.021655838	0.00045	0.003841092	0.99955	0.003841092	0.013265319	0.107885868
ZicoSeq	100	100	abundant	5	0.989010989	0	0	0	0	0	0	0	0	0	1	0	0	0
ZicoSeq	100	1000	abundant	1	0.9	0	0	0	0	0	0	0	0	0	1	0	0	0
ZicoSeq	100	1000	abundant	10	0.866925	0.009539622	0.384332682	0.028719343	0.54855	0.08293848	0.449671726	0.043832307	0.0977	0.01444316	0.9023	0.01444316	0.615667318	0.028719343
ZicoSeq	100	1000	abundant	2	0.89965	0.002198103	0.011192734	0.064690363	0.00525	0.030522049	0.007143396	0.041441144	0.000972222	0.005559393	0.999027778	0.005559393	0.018807266	0.107740684
ZicoSeq	100	1000	abundant	5	0.877805	0.010020932	0.391571572	0.039366564	0.39025	0.086142557	0.385704123	0.052069452	0.068022222	0.016788189	0.931977778	0.016788189	0.608428428	0.039366564
ZicoSeq	100	200	abundant	1	0.97826087	0	0	0	0	0	0	0	0	0	1	0	0	0
ZicoSeq	100	200	abundant	10	0.977597826	0.0027433	0.019349436	0.077771918	0.02775	0.111937875	0.022768235	0.091568805	0.001294444	0.005164672	0.998705556	0.005164672	0.040650564	0.161778086
ZicoSeq	100	200	abundant	2	0.97811413	0.001472798	0.003153153	0.031504033	0.00575	0.057410078	0.004072682	0.040680458	0.000277778	0.002773028	0.999722222	0.002773028	0.006846847	0.068320103
ZicoSeq	100	200	abundant	5	0.978103261	0.001580596	0.002450739	0.02463982	0.0035	0.035269957	0.002882653	0.029008776	0.000238889	0.00238353	0.999761111	0.00238353	0.007549261	0.075365922
ZicoSeq	100	2000	abundant	1	0.818181818	0	0	0	0	0	0	0	0	0	1	0	0	0
ZicoSeq	100	2000	abundant	10	0.777654545	0.010533097	0.395742054	0.025638726	0.42225	0.042969985	0.407813957	0.03018095	0.143366667	0.014058059	0.856633333	0.014058059	0.604257946	0.025638726
ZicoSeq	100	2000	abundant	2	0.817636364	0.002661769	0.022651263	0.095039164	0.007125	0.030018577	0.010832926	0.045579615	0.00225	0.009390137	0.99775	0.009390137	0.032348737	0.135065195
ZicoSeq	100	2000	abundant	5	0.788559091	0.010751982	0.398628468	0.031404403	0.31835	0.057905464	0.351242531	0.043878309	0.10695	0.019390808	0.89305	0.019390808	0.601371532	0.031404403
ZicoSeq	100	300	abundant	1	0.967741935	0	0	0	0	0	0	0	0	0	1	0	0	0
ZicoSeq	100	300	abundant	10	0.962086022	0.00577718	0.21617577	0.185126121	0.231833333	0.199253142	0.223364327	0.19121441	0.013572222	0.011468229	0.986427778	0.011468229	0.37882423	0.316978431
ZicoSeq	100	300	abundant	2	0.967510753	0.002117533	0.004587977	0.038288129	0.005166667	0.042282385	0.004826761	0.03981489	0.000411111	0.003466196	0.999588889	0.003466196	0.010412023	0.085038195
ZicoSeq	100	300	abundant	5	0.965913978	0.004232994	0.071234602	0.147683393	0.076	0.157420582	0.073471015	0.152173607	0.004422222	0.009105376	0.995577778	0.009105376	0.123765398	0.253594507
ZicoSeq	100	400	abundant	1	0.957446809	0	0	0	0	0	0	0	0	0	1	0	0	0
ZicoSeq	100	400	abundant	10	0.948031915	0.006719581	0.299400588	0.155026849	0.31225	0.163177271	0.305209694	0.158108546	0.023711111	0.012023118	0.976288889	0.012023118	0.510599412	0.253698142
ZicoSeq	100	400	abundant	2	0.95718617	0.002223076	0.004645644	0.038310709	0.004875	0.039919635	0.004751825	0.039025402	0.000488889	0.004006385	0.999511111	0.004006385	0.010354356	0.084374451
ZicoSeq	100	400	abundant	5	0.952994681	0.006893644	0.126826191	0.175434173	0.13	0.179806568	0.128246213	0.177232494	0.010427778	0.014271254	0.989572222	0.014271254	0.228173809	0.310604011
ZicoSeq	100	500	abundant	1	0.947368421	0	0	0	0	0	0	0	0	0	1	0	0	0
ZicoSeq	100	500	abundant	10	0.933857895	0.006658913	0.36127039	0.084241159	0.3717	0.087518038	0.365893353	0.084569047	0.034911111	0.007667609	0.965088889	0.007667609	0.60872961	0.120655107
ZicoSeq	100	500	abundant	2	0.947257895	0.001563078	0.001578947	0.022329688	0.0018	0.025455844	0.001682243	0.023790509	0.000216667	0.003064129	0.999783333	0.003064129	0.003421053	0.04838099
ZicoSeq	100	500	abundant	5	0.938347368	0.008557158	0.229296611	0.18210227	0.2281	0.181563256	0.228431984	0.181349906	0.022194444	0.01740695	0.977805556	0.01740695	0.400703389	0.311288356
ZicoSeq	100	800	abundant	1	0.918367347	0	0	0	0	0	0	0	0	0	1	0	0	0
ZicoSeq	100	800	abundant	10	0.890770408	0.009769913	0.380940309	0.03398338	0.5336875	0.096712591	0.440692057	0.049138371	0.077488889	0.014858866	0.922511111	0.014858866	0.619059691	0.03398338
ZicoSeq	100	800	abundant	2	0.917729592	0.002894184	0.022103062	0.089408352	0.011	0.044650373	0.01467701	0.059487172	0.001672222	0.006688961	0.998327778	0.006688961	0.037896938	0.151376023
ZicoSeq	100	800	abundant	5	0.900591837	0.008218432	0.387671954	0.045347956	0.373	0.095002645	0.374681444	0.062199352	0.052511111	0.013221305	0.947488889	0.013221305	0.612328046	0.045347956
