name	Sample	OTU	type	effect	mean_Accuracy	sd_Accuracy	mean_Precision	sd_Precision	mean_TPR	sd_TPR	mean_F1_score	sd_F1_score	mean_FPR	sd_FPR	mean_Specificity	sd_Specificity	mean_FDR	sd_FDR
ALDEx2_wi	500	100	mix	1	0.989010989	0	0	0	0	0	0	0	0	0	1	0	0	0
Corncob	500	100	mix	1	0.988989011	0.000290638	0.0125	0.105591181	0.0015	0.012185748	0.002651515	0.021558309	3.89E-05	0.000281301	0.999961111	0.000281301	0.0225	0.14438833
DACOMP	500	100	mix	1	0.988956044	0.000343993	0	0	0	0	0	0	5.56E-05	0.000347815	0.999944444	0.000347815	0.025	0.156516732
DESeq2	500	100	mix	1	0.986010989	0.003892941	0.067922539	0.156742093	0.0355	0.067917701	0.041404183	0.079933161	0.003427778	0.004254421	0.996572222	0.004254421	0.642077461	0.438075016
fastANCOM	500	100	mix	1	0.989010989	0	0	0	0	0	0	0	0	0	1	0	0	0
LEfSe	500	100	mix	1	0.988983516	0.000232069	0.005	0.070710678	5.00E-04	0.007071068	0.000909091	0.012856487	3.33E-05	0.000220259	0.999966667	0.000220259	0.025	0.156516732
limma_voom	500	100	mix	1	0.988945055	0.00071089	0.000454545	0.006428243	5.00E-04	0.007071068	0.00047619	0.00673435	7.22E-05	0.000796087	0.999927778	0.000796087	0.019545455	0.137275011
LinDA	500	100	mix	1	0.988807692	0.000998066	0.008659091	0.075373838	0.003	0.01982334	0.003742424	0.024010448	0.000238889	0.001172918	0.999761111	0.001172918	0.066340909	0.243526213
MaAsLin2	500	100	mix	1	0.988983516	0.000232069	0.00875	0.080737415	0.0015	0.012185748	0.00245671	0.020054788	4.44E-05	0.000291322	0.999955556	0.000291322	0.02625	0.153267387
Wilcox	500	100	mix	1	0.988989011	0.000219227	0.011666667	0.10233183	0.0015	0.012185748	0.002587413	0.021081965	3.89E-05	0.000233055	0.999961111	0.000233055	0.028333333	0.162948475
ZicoSeq	500	100	mix	1	0.989010989	0	0	0	0	0	0	0	0	0	1	0	0	0
ALDEx2_wi	500	100	mix	10	0.955653846	0.0070445	0.099115173	0.038732378	0.374	0.16234463	0.155683453	0.061101845	0.037883333	0.007208226	0.962116667	0.007208226	0.900884827	0.038732378
Corncob	500	100	mix	10	0.947247253	0.016389	0.0999752	0.035720827	0.471	0.228956558	0.159347022	0.053063339	0.047461111	0.018468027	0.952538889	0.018468027	0.9000248	0.035720827
DACOMP	500	100	mix	10	0.979967033	0.002333619	0.101587393	0.088304701	0.104	0.090136691	0.102312211	0.087935858	0.0103	0.001742496	0.9897	0.001742496	0.898412607	0.088304701
DESeq2	500	100	mix	10	0.94406044	0.012761943	0.094829663	0.031780462	0.48	0.191003696	0.156479942	0.051077151	0.050783333	0.014066391	0.949216667	0.014066391	0.905170337	0.031780462
fastANCOM	500	100	mix	10	0.974357143	0.008189614	0.100701663	0.072441113	0.168	0.139547006	0.119126968	0.082951367	0.016683333	0.009098913	0.983316667	0.009098913	0.899298337	0.072441113
LEfSe	500	100	mix	10	0.94039011	0.016172822	0.100729409	0.029564074	0.5515	0.226171434	0.166317011	0.045679017	0.055288889	0.018187367	0.944711111	0.018187367	0.899270591	0.029564074
limma_voom	500	100	mix	10	0.965802198	0.010990425	0.100628835	0.056866049	0.2615	0.170331483	0.138781029	0.073910464	0.026372222	0.012129989	0.973627778	0.012129989	0.899371165	0.056866049
LinDA	500	100	mix	10	0.964813187	0.011287546	0.099711002	0.05668538	0.27	0.177078468	0.138860362	0.075025489	0.027466667	0.012459331	0.972533333	0.012459331	0.900288998	0.05668538
MaAsLin2	500	100	mix	10	0.940483516	0.019016761	0.10041271	0.032750426	0.549	0.250625349	0.164062765	0.048532162	0.055166667	0.021464395	0.944833333	0.021464395	0.89958729	0.032750426
Wilcox	500	100	mix	10	0.942247253	0.0171267	0.102250488	0.033082756	0.535	0.233984495	0.166062647	0.04761924	0.053227778	0.019265499	0.946772222	0.019265499	0.897749512	0.033082756
ZicoSeq	500	100	mix	10	0.988928571	0.001165561	0.000526316	0.007443229	0.001	0.014142136	0.000689655	0.009753197	9.44E-05	0.001335646	0.999905556	0.001335646	0.004473684	0.063267449
ALDEx2_wi	500	100	mix	2	0.982587912	0.002978755	0.101546675	0.118688025	0.0745	0.084471458	0.083538448	0.092511653	0.007322222	0.002875047	0.992677778	0.002875047	0.898453325	0.118688025
Corncob	500	100	mix	2	0.981868132	0.003722889	0.101309821	0.118539097	0.0815	0.097236953	0.086477071	0.097287868	0.008127778	0.003708762	0.991872222	0.003708762	0.893690179	0.134288229
DACOMP	500	100	mix	2	0.97743956	0.012074054	0.093520983	0.096168179	0.129	0.170600477	0.091969988	0.086087641	0.013133333	0.013754632	0.986866667	0.013754632	0.906479017	0.096168179
DESeq2	500	100	mix	2	0.973796703	0.006255343	0.094184449	0.06869559	0.159	0.116993321	0.114907758	0.080917797	0.01715	0.006572551	0.98285	0.006572551	0.905815551	0.06869559
fastANCOM	500	100	mix	2	0.983225275	0.002269731	0.097611472	0.122414918	0.0645	0.075619718	0.076367692	0.090250377	0.006566667	0.001993195	0.993433333	0.001993195	0.897388528	0.13785642
LEfSe	500	100	mix	2	0.979604396	0.005111316	0.100675744	0.104430658	0.109	0.108061959	0.098584145	0.090813977	0.010722222	0.005545776	0.989277778	0.005545776	0.899324256	0.104430658
limma_voom	500	100	mix	2	0.980593407	0.003695798	0.100465211	0.099700131	0.097	0.094528717	0.09591507	0.090219295	0.009588889	0.00373	0.990411111	0.00373	0.899534789	0.099700131
LinDA	500	100	mix	2	0.980620879	0.003312638	0.098505922	0.103448751	0.0925	0.09129856	0.093212377	0.091826832	0.009511111	0.003190967	0.990488889	0.003190967	0.901494078	0.103448751
MaAsLin2	500	100	mix	2	0.980582418	0.00390135	0.101256024	0.104470783	0.097	0.101699133	0.095918936	0.095025154	0.0096	0.003890747	0.9904	0.003890747	0.898743976	0.104470783
Wilcox	500	100	mix	2	0.98082967	0.004368875	0.098524394	0.100833666	0.0915	0.096040977	0.090404102	0.087022219	0.009288889	0.0046545	0.990711111	0.0046545	0.901475606	0.100833666
ZicoSeq	500	100	mix	2	0.98893956	0.001010153	0.000789474	0.011164844	0.0015	0.021213203	0.001034483	0.014629795	8.89E-05	0.001257079	0.999911111	0.001257079	0.004210526	0.059545834
ALDEx2_wi	500	100	mix	5	0.969313187	0.006866558	0.093387041	0.056907252	0.211	0.134795583	0.126393793	0.074787311	0.022261111	0.007470086	0.977738889	0.007470086	0.906612959	0.056907252
Corncob	500	100	mix	5	0.965423077	0.01256851	0.090054984	0.057909791	0.242	0.169646395	0.12477729	0.074973744	0.026538889	0.013966529	0.973461111	0.013966529	0.909945016	0.057909791
DACOMP	500	100	mix	5	0.980010989	0.002371485	0.089026696	0.088368986	0.0895	0.088764552	0.088828563	0.087859012	0.010094444	0.001876441	0.989905556	0.001876441	0.910973304	0.088368986
DESeq2	500	100	mix	5	0.95728022	0.010990633	0.094329323	0.041064657	0.3395	0.175624514	0.144736321	0.06225528	0.035855556	0.012114243	0.964144444	0.012114243	0.905670677	0.041064657
fastANCOM	500	100	mix	5	0.979296703	0.003013877	0.088466343	0.0830222	0.0945	0.088651256	0.090547777	0.084206822	0.010872222	0.002732751	0.989127778	0.002732751	0.911533657	0.0830222
LEfSe	500	100	mix	5	0.959813187	0.013967412	0.091581112	0.04939535	0.314	0.203249976	0.136566423	0.071859144	0.033011111	0.015731868	0.966988889	0.015731868	0.908418888	0.04939535
limma_voom	500	100	mix	5	0.972467033	0.0085072	0.09287356	0.068884525	0.171	0.137672687	0.115315825	0.081864644	0.018627778	0.009306212	0.981372222	0.009306212	0.90712644	0.068884525
LinDA	500	100	mix	5	0.975065934	0.006327003	0.091911505	0.072176039	0.1415	0.113985585	0.107838015	0.082066877	0.015672222	0.006686549	0.984327778	0.006686549	0.908088495	0.072176039
MaAsLin2	500	100	mix	5	0.962593407	0.015109537	0.089023665	0.05443407	0.2705	0.198941293	0.12692705	0.0740358	0.029716667	0.016890916	0.970283333	0.016890916	0.910976335	0.05443407
Wilcox	500	100	mix	5	0.962027473	0.014296414	0.092040051	0.053120667	0.2895	0.203091063	0.132561788	0.073878069	0.0305	0.016101433	0.9695	0.016101433	0.907959949	0.053120667
ZicoSeq	500	100	mix	5	0.988846154	0.001647891	0.00125	0.012717949	0.0025	0.025435898	0.001666667	0.016957266	0.000194444	0.001940352	0.999805556	0.001940352	0.00875	0.087315851
ALDEx2_wi	500	1000	mix	1	0.9	0	0	0	0	0	0	0	0	0	1	0	0	0
Corncob	500	1000	mix	1	0.89999	0.00017335	0.005	0.070710678	5.00E-05	0.000707107	9.90E-05	0.001400211	1.67E-05	0.000175329	0.999983333	0.000175329	0.01	0.099748427
DACOMP	500	1000	mix	1	0.89997	0.000424264	0	0	0	0	0	0	3.33E-05	0.000471405	0.999966667	0.000471405	0.005	0.070710678
DESeq2	500	1000	mix	1	0.89893	0.00187421	0.063666667	0.198588168	0.00145	0.003933812	0.002787157	0.007512107	0.00135	0.002188118	0.99865	0.002188118	0.456333333	0.478397738
fastANCOM	500	1000	mix	1	0.89999	9.97E-05	0	0	0	0	0	0	1.11E-05	0.000110832	0.999988889	0.000110832	0.01	0.099748427
LEfSe	500	1000	mix	1	0.899860215	0.000976385	0.005376344	0.073323558	5.38E-05	0.000733236	0.000106462	0.001451952	0.00016129	0.001080913	0.99983871	0.001080913	0.043010753	0.203428904
limma_voom	500	1000	mix	1	0.87158	0.066964054	0.068742627	0.111314347	0.0352	0.085572033	0.028924113	0.045012176	0.035488889	0.083699189	0.964511111	0.083699189	0.606257373	0.433544723
LinDA	500	1000	mix	1	0.89997	0.000198233	0.005	0.070710678	5.00E-05	0.000707107	9.90E-05	0.001400211	3.89E-05	0.000204712	0.999961111	0.000204712	0.035	0.184240939
MaAsLin2	500	1000	mix	1	0.899975	0.00023377	0.005	0.070710678	5.00E-05	0.000707107	9.90E-05	0.001400211	3.33E-05	0.000246824	0.999966667	0.000246824	0.02	0.140351318
Wilcox	500	1000	mix	1	0.89992	0.00062895	0.005	0.070710678	5.00E-05	0.000707107	9.90E-05	0.001400211	9.44E-05	0.000693643	0.999905556	0.000693643	0.035	0.184240939
ZicoSeq	500	1000	mix	1	0.9	0	0	0	0	0	0	0	0	0	1	0	0	0
ALDEx2_wi	500	1000	mix	10	0.846955	0.017305792	0.098584545	0.040021266	0.0652	0.0319069	0.076505437	0.032676519	0.066183333	0.020939405	0.933816667	0.020939405	0.901415455	0.040021266
Corncob	500	1000	mix	10	0.79417	0.035795358	0.098764027	0.026478269	0.1298	0.053094776	0.109429803	0.032381514	0.132011111	0.043709642	0.867988889	0.043709642	0.901235973	0.026478269
DACOMP	500	1000	mix	10	0.8445	0.021058903	0.097310831	0.038478416	0.06745	0.033535363	0.07720572	0.032874434	0.069161111	0.025664806	0.930838889	0.025664806	0.902689169	0.038478416
DESeq2	500	1000	mix	10	0.799235	0.024358499	0.100952747	0.026459975	0.1272	0.044666942	0.110942285	0.030712048	0.126094444	0.029616105	0.873905556	0.029616105	0.899047253	0.026459975
fastANCOM	500	1000	mix	10	0.680175	0.1044717	0.097832476	0.020308247	0.2683	0.132952971	0.135900057	0.034677177	0.274061111	0.129822788	0.725938889	0.129822788	0.902167524	0.020308247
LEfSe	500	1000	mix	10	0.767185	0.039181202	0.099673247	0.022272558	0.1646	0.056664755	0.121972399	0.029250836	0.165861111	0.04782313	0.834138889	0.04782313	0.900326753	0.022272558
limma_voom	500	1000	mix	10	0.349095	0.154955678	0.098782615	0.008653194	0.6809	0.199945193	0.169453715	0.020886271	0.687772222	0.193602677	0.312227778	0.193602677	0.901217385	0.008653194
LinDA	500	1000	mix	10	0.76181	0.047344285	0.10066065	0.023088934	0.173	0.067085785	0.123939985	0.030823222	0.172766667	0.05825587	0.827233333	0.05825587	0.89933935	0.023088934
MaAsLin2	500	1000	mix	10	0.729145	0.062970632	0.09970184	0.020779803	0.21185	0.084918391	0.131952854	0.030150393	0.213377778	0.077797863	0.786622222	0.077797863	0.90029816	0.020779803
Wilcox	500	1000	mix	10	0.771495	0.040251471	0.099451511	0.02347793	0.1585	0.05725505	0.119735421	0.030261947	0.160394444	0.049070003	0.839605556	0.049070003	0.900548489	0.02347793
ZicoSeq	500	1000	mix	10	0.89957	0.004307887	0.000510204	0.007215375	0.00025	0.003535534	0.00033557	0.004745683	0.000505556	0.005045604	0.999494444	0.005045604	0.009489796	0.09479731
ALDEx2_wi	500	1000	mix	2	0.892695	0.00370413	0.097904454	0.100371243	0.00865	0.008721112	0.015712017	0.015710522	0.009077778	0.004089862	0.990922222	0.004089862	0.902095546	0.100371243
Corncob	500	1000	mix	2	0.891385	0.004309249	0.103836851	0.091834186	0.01115	0.010281344	0.019826084	0.017905251	0.010811111	0.004918481	0.989188889	0.004918481	0.896163149	0.091834186
DACOMP	500	1000	mix	2	0.88812	0.004786455	0.10685253	0.07653197	0.01615	0.012786515	0.027694817	0.021385965	0.014994444	0.005411301	0.985005556	0.005411301	0.89314747	0.07653197
DESeq2	500	1000	mix	2	0.8781	0.006811902	0.102940843	0.055483679	0.02875	0.017734431	0.044312741	0.025774599	0.027527778	0.008058227	0.972472222	0.008058227	0.897059157	0.055483679
fastANCOM	500	1000	mix	2	0.886755	0.012236981	0.100463567	0.074771979	0.01715	0.018331879	0.02786546	0.023640209	0.016622222	0.015014867	0.983377778	0.015014867	0.899536433	0.074771979
LEfSe	500	1000	mix	2	0.888	0.006054194	0.10201204	0.076750785	0.01535	0.013104815	0.025995992	0.02079059	0.015038889	0.007285513	0.984961111	0.007285513	0.89798796	0.076750785
limma_voom	500	1000	mix	2	0.82125	0.091800896	0.101842809	0.04583741	0.10035	0.119262295	0.080389866	0.047292051	0.09865	0.114798171	0.90135	0.114798171	0.898157191	0.04583741
LinDA	500	1000	mix	2	0.885825	0.005887076	0.104112877	0.068183466	0.0189	0.014099075	0.031420616	0.02212621	0.01785	0.007022937	0.98215	0.007022937	0.895887123	0.068183466
MaAsLin2	500	1000	mix	2	0.88504	0.005920614	0.103557065	0.068460568	0.01995	0.015154066	0.032855582	0.02346488	0.018838889	0.007084695	0.981161111	0.007084695	0.896442935	0.068460568
Wilcox	500	1000	mix	2	0.88891	0.00562406	0.103232435	0.079603762	0.01445	0.012388092	0.024745025	0.019937991	0.013927778	0.006777304	0.986072222	0.006777304	0.896767565	0.079603762
ZicoSeq	500	1000	mix	2	0.9	0	0	0	0	0	0	0	0	0	1	0	0	0
ALDEx2_wi	500	1000	mix	5	0.86973	0.014600788	0.096469807	0.051015446	0.0363	0.024583158	0.050492629	0.030018543	0.037666667	0.017807764	0.962333333	0.017807764	0.903530193	0.051015446
Corncob	500	1000	mix	5	0.847415	0.021717065	0.098044533	0.038108801	0.06405	0.034497069	0.074679419	0.032203785	0.065544444	0.026591881	0.934455556	0.026591881	0.901955467	0.038108801
DACOMP	500	1000	mix	5	0.86747	0.013655455	0.097584574	0.04751605	0.03985	0.023606436	0.054938592	0.028829572	0.040572222	0.016593354	0.959427778	0.016593354	0.902415426	0.04751605
DESeq2	500	1000	mix	5	0.83268	0.019044977	0.100156469	0.030459805	0.08455	0.035013242	0.08992476	0.030317911	0.084194444	0.023351655	0.915805556	0.023351655	0.899843531	0.030459805
fastANCOM	500	1000	mix	5	0.79537	0.077206459	0.101003948	0.028741533	0.13285	0.10162191	0.102953986	0.040395199	0.131016667	0.096360392	0.868983333	0.096360392	0.898996052	0.028741533
LEfSe	500	1000	mix	5	0.828735	0.026508457	0.098224406	0.033602154	0.0872	0.041927911	0.089534771	0.033386217	0.088872222	0.03253072	0.911127778	0.03253072	0.901775594	0.033602154
limma_voom	500	1000	mix	5	0.572485	0.192999518	0.097426113	0.01625874	0.3982	0.24418413	0.145193521	0.033076323	0.40815	0.241055393	0.59185	0.241055393	0.902573887	0.01625874
LinDA	500	1000	mix	5	0.82338	0.030576794	0.099246893	0.030749574	0.0947	0.045917886	0.093616761	0.032416015	0.095655556	0.037674044	0.904344444	0.037674044	0.900753107	0.030749574
MaAsLin2	500	1000	mix	5	0.808105	0.034770952	0.099161005	0.027755077	0.11355	0.052129501	0.102632272	0.032002069	0.114722222	0.042944937	0.885277778	0.042944937	0.900838995	0.027755077
Wilcox	500	1000	mix	5	0.83258	0.026636273	0.098070186	0.033879848	0.0824	0.04089747	0.086551689	0.033132069	0.084066667	0.032697156	0.915933333	0.032697156	0.901929814	0.033879848
ZicoSeq	500	1000	mix	5	0.89985	0.00212132	0.000795455	0.011249426	0.00035	0.004949747	0.000486111	0.006874649	0.000205556	0.002906995	0.999794444	0.002906995	0.004204545	0.059461252
ALDEx2_wi	500	200	mix	1	0.97826087	0	0	0	0	0	0	0	0	0	1	0	0	0
Corncob	500	200	mix	1	0.978163043	0.000618246	0	0	0	0	0	0	1.00E-04	0.000631985	0.9999	0.000631985	0.045	0.207824336
DACOMP	500	200	mix	1	0.978195652	0.000728053	0	0	0	0	0	0	6.67E-05	0.000744231	0.999933333	0.000744231	0.01	0.099748427
DESeq2	500	200	mix	1	0.975695652	0.003404352	0	0	0	0	0	0	0.002622222	0.003480004	0.997377778	0.003480004	0.625	0.485337783
fastANCOM	500	200	mix	1	0.97825	0.000108422	0	0	0	0	0	0	1.11E-05	0.000110832	0.999988889	0.000110832	0.01	0.099748427
LEfSe	500	200	mix	1	0.978206249	0.000323123	0	0	0	0	0	0	5.58E-05	0.000330303	0.999944165	0.000330303	0.035175879	0.184688775
limma_voom	500	200	mix	1	0.977722826	0.002270096	0	0	0	0	0	0	0.00055	0.002320543	0.99945	0.002320543	0.125	0.331548825
LinDA	500	200	mix	1	0.978206522	0.000261297	0	0	0	0	0	0	5.56E-05	0.000267104	0.999944444	0.000267104	0.045	0.207824336
MaAsLin2	500	200	mix	1	0.978206522	0.000432455	0	0	0	0	0	0	5.56E-05	0.000442065	0.999944444	0.000442065	0.025	0.156516732
Wilcox	500	200	mix	1	0.978195652	0.000444506	0	0	0	0	0	0	6.67E-05	0.000454384	0.999933333	0.000454384	0.035	0.184240939
ZicoSeq	500	200	mix	1	0.97826087	0	0	0	0	0	0	0	0	0	1	0	0	0
ALDEx2_wi	500	200	mix	10	0.929483696	0.012769749	0	0	0	0	0	0	0.049861111	0.013053521	0.950138889	0.013053521	1	0
Corncob	500	200	mix	10	0.909086957	0.030540143	0	0	0	0	0	0	0.070711111	0.031218813	0.929288889	0.031218813	1	0
DACOMP	500	200	mix	10	0.958326087	0.002798261	0	0	0	0	0	0	0.020377778	0.002860445	0.979622222	0.002860445	1	0
DESeq2	500	200	mix	10	0.894728261	0.025104097	0	0	0	0	0	0	0.085388889	0.025661966	0.914611111	0.025661966	1	0
fastANCOM	500	200	mix	10	0.93323913	0.022185006	0	0	0	0	0	0	0.046022222	0.022678006	0.953977778	0.022678006	1	0
LEfSe	500	200	mix	10	0.897315217	0.030610217	0	0	0	0	0	0	0.082744444	0.031290444	0.917255556	0.031290444	1	0
limma_voom	500	200	mix	10	0.912880435	0.035139019	0	0	0	0	0	0	0.066833333	0.035919886	0.933166667	0.035919886	1	0
LinDA	500	200	mix	10	0.92151087	0.023344582	0	0	0	0	0	0	0.058011111	0.023863351	0.941988889	0.023863351	1	0
MaAsLin2	500	200	mix	10	0.889771739	0.040608712	0	0	0	0	0	0	0.090455556	0.041511128	0.909544444	0.041511128	1	0
Wilcox	500	200	mix	10	0.900418478	0.031492754	0	0	0	0	0	0	0.079572222	0.032192593	0.920427778	0.032192593	1	0
ZicoSeq	500	200	mix	10	0.977559783	0.004939645	0	0	0	0	0	0	0.000716667	0.005049415	0.999283333	0.005049415	0.02	0.140351318
ALDEx2_wi	500	200	mix	2	0.970445652	0.003613071	0	0	0	0	0	0	0.007988889	0.003693362	0.992011111	0.003693362	1	0
Corncob	500	200	mix	2	0.968690217	0.004627884	0	0	0	0	0	0	0.009783333	0.004730726	0.990216667	0.004730726	1	0
DACOMP	500	200	mix	2	0.964733696	0.013020562	0	0	0	0	0	0	0.013827778	0.013309908	0.986172222	0.013309908	0.99	0.099748427
DESeq2	500	200	mix	2	0.953375	0.007655291	0	0	0	0	0	0	0.025438889	0.007825409	0.974561111	0.007825409	1	0
fastANCOM	500	200	mix	2	0.968815217	0.003671751	0	0	0	0	0	0	0.009655556	0.003753345	0.990344444	0.003753345	1	0
LEfSe	500	200	mix	2	0.96573913	0.006215939	0	0	0	0	0	0	0.0128	0.006354071	0.9872	0.006354071	1	0
limma_voom	500	200	mix	2	0.962934783	0.006388375	0	0	0	0	0	0	0.015666667	0.006530339	0.984333333	0.006530339	1	0
LinDA	500	200	mix	2	0.963728261	0.004565386	0	0	0	0	0	0	0.014855556	0.004666839	0.985144444	0.004666839	1	0
MaAsLin2	500	200	mix	2	0.96436413	0.005479798	0	0	0	0	0	0	0.014205556	0.005601571	0.985794444	0.005601571	1	0
Wilcox	500	200	mix	2	0.966695652	0.005416772	0	0	0	0	0	0	0.011822222	0.005537144	0.988177778	0.005537144	1	0
ZicoSeq	500	200	mix	2	0.97826087	0	0	0	0	0	0	0	0	0	1	0	0	0
ALDEx2_wi	500	200	mix	5	0.950277174	0.012085181	0	0	0	0	0	0	0.028605556	0.01235374	0.971394444	0.01235374	1	0
Corncob	500	200	mix	5	0.938913043	0.01980559	0	0	0	0	0	0	0.040222222	0.020245714	0.959777778	0.020245714	1	0
DACOMP	500	200	mix	5	0.959798913	0.002943111	0	0	0	0	0	0	0.018872222	0.003008513	0.981127778	0.003008513	1	0
DESeq2	500	200	mix	5	0.920304348	0.019147075	0	0	0	0	0	0	0.059244444	0.019572565	0.940755556	0.019572565	1	0
fastANCOM	500	200	mix	5	0.951059783	0.011149145	0	0	0	0	0	0	0.027805556	0.011396904	0.972194444	0.011396904	1	0
LEfSe	500	200	mix	5	0.929494565	0.023426607	0	0	0	0	0	0	0.04985	0.023947198	0.95015	0.023947198	1	0
limma_voom	500	200	mix	5	0.938929348	0.018455942	0	0	0	0	0	0	0.040205556	0.018866074	0.959794444	0.018866074	1	0
LinDA	500	200	mix	5	0.941907609	0.01556178	0	0	0	0	0	0	0.037161111	0.015907597	0.962838889	0.015907597	1	0
MaAsLin2	500	200	mix	5	0.92826087	0.027426075	0	0	0	0	0	0	0.051111111	0.028035543	0.948888889	0.028035543	1	0
Wilcox	500	200	mix	5	0.933315217	0.023788519	0	0	0	0	0	0	0.045944444	0.024317152	0.954055556	0.024317152	1	0
ZicoSeq	500	200	mix	5	0.978043478	0.003074377	0	0	0	0	0	0	0.000222222	0.003142697	0.999777778	0.003142697	0.005	0.070710678
ALDEx2_wi	500	2000	mix	1	0.818181818	0	0	0	0	0	0	0	0	0	1	0	0	0
Corncob	500	2000	mix	1	0.818172727	9.07E-05	0	0	0	0	0	0	1.11E-05	0.000110832	0.999988889	0.000110832	0.01	0.099748427
DACOMP	500	2000	mix	1	0.818181818	0	0	0	0	0	0	0	0	0	1	0	0	0
DESeq2	500	2000	mix	1	0.81715	0.001787492	0.061566558	0.197809143	0.000825	0.002284836	0.0016079	0.004436332	0.001444444	0.00236031	0.998555556	0.00236031	0.423433442	0.475842822
fastANCOM	500	2000	mix	1	0.818177273	6.43E-05	0	0	0	0	0	0	5.56E-06	7.86E-05	0.999994444	7.86E-05	0.005	0.070710678
LEfSe	500	2000	mix	1	0.818119835	0.000395857	0	0	0	0	0	0	7.58E-05	0.000483825	0.999924242	0.000483825	0.039772727	0.195982374
limma_voom	500	2000	mix	1	0.736218182	0.189855419	0.068999872	0.115220526	0.057725	0.132920233	0.033790547	0.05393164	0.113005556	0.261301101	0.886994444	0.261301101	0.546000128	0.444796255
LinDA	500	2000	mix	1	0.818159091	0.000212518	0	0	0	0	0	0	2.78E-05	0.000259744	0.999972222	0.000259744	0.015	0.121857483
MaAsLin2	500	2000	mix	1	0.818172635	9.11E-05	0	0	0	0	0	0	1.12E-05	0.000111387	0.999988777	0.000111387	0.01010101	0.100248371
Wilcox	500	2000	mix	1	0.818154545	0.000180212	0	0	0	0	0	0	3.33E-05	0.000220259	0.999966667	0.000220259	0.025	0.156516732
ZicoSeq	500	2000	mix	1	0.818181818	0	0	0	0	0	0	0	0	0	1	0	0	0
ALDEx2_wi	500	2000	mix	10	0.751759091	0.019483781	0.095089889	0.027956709	0.0431	0.017375255	0.058240855	0.020502945	0.090761111	0.02624612	0.909238889	0.02624612	0.904910111	0.027956709
Corncob	500	2000	mix	10	0.685490909	0.039986588	0.097706969	0.019878223	0.08845	0.0311722	0.090949157	0.022586789	0.181833333	0.054036376	0.818166667	0.054036376	0.902293031	0.019878223
DACOMP	500	2000	mix	10	0.726222727	0.02359259	0.099304379	0.025924466	0.062875	0.022614519	0.075853987	0.023638605	0.126366667	0.031559485	0.873633333	0.031559485	0.900695621	0.025924466
DESeq2	500	2000	mix	10	0.6999	0.02947705	0.098469204	0.022965638	0.07925	0.025231342	0.086510312	0.022043331	0.162177778	0.039331191	0.837822222	0.039331191	0.901530796	0.022965638
fastANCOM	500	2000	mix	10	0.410554545	0.177894665	0.09748037	0.01172891	0.273225	0.124831442	0.136979371	0.027954078	0.558927778	0.24428959	0.441072222	0.24428959	0.90251963	0.01172891
LEfSe	500	2000	mix	10	0.635972727	0.046915181	0.099015966	0.017452929	0.123675	0.037808953	0.108363102	0.022141822	0.250183333	0.063655014	0.749816667	0.063655014	0.900984034	0.017452929
limma_voom	500	2000	mix	10	-0.3262	0.257853911	0.099845099	0.004418758	0.78345	0.175967812	0.174708816	0.013298583	1.572788889	0.353709789	-0.572788889	0.353709789	0.900154901	0.004418758
LinDA	500	2000	mix	10	0.6371	0.058318449	0.099091101	0.018563392	0.122675	0.043542498	0.107042014	0.024260228	0.248583333	0.079048402	0.751416667	0.079048402	0.900908899	0.018563392
MaAsLin2	500	2000	mix	10	0.587659091	0.076935925	0.099198336	0.015763401	0.15625	0.055212586	0.118471266	0.022478352	0.316472222	0.10476568	0.683527778	0.10476568	0.900801664	0.015763401
Wilcox	500	2000	mix	10	0.644231818	0.047943254	0.098966822	0.018012916	0.118075	0.038465143	0.105835862	0.02287407	0.238844444	0.065181278	0.761155556	0.065181278	0.901033178	0.018012916
ZicoSeq	500	2000	mix	10	0.817640909	0.005577343	0.000897566	0.009474927	3.00E-04	0.003034144	0.000446756	0.004558809	0.000727778	0.007436976	0.999272222	0.007436976	0.009102434	0.090848291
ALDEx2_wi	500	2000	mix	2	0.809218182	0.00351681	0.104671449	0.09067678	0.006725	0.005943568	0.012548715	0.010988256	0.01245	0.00443228	0.98755	0.00443228	0.895328551	0.09067678
Corncob	500	2000	mix	2	0.806563636	0.004927448	0.102486682	0.081219973	0.008425	0.007063557	0.015407649	0.012686137	0.016072222	0.006374461	0.983927778	0.006374461	0.897513318	0.081219973
DACOMP	500	2000	mix	2	0.800536364	0.006111082	0.100099138	0.061403402	0.012175	0.007871096	0.021519613	0.013652286	0.024272222	0.007769476	0.975727778	0.007769476	0.899900862	0.061403402
DESeq2	500	2000	mix	2	0.791740909	0.006910688	0.09605944	0.053214332	0.0175	0.01057398	0.029396393	0.017312321	0.036205556	0.008673606	0.963794444	0.008673606	0.90394056	0.053214332
fastANCOM	500	2000	mix	2	0.79825	0.01467081	0.098989067	0.06036398	0.01435	0.016190682	0.023814815	0.01981418	0.02755	0.020849059	0.97245	0.020849059	0.901010933	0.06036398
LEfSe	500	2000	mix	2	0.802568182	0.006497922	0.099639393	0.06573975	0.01065	0.007557319	0.01901127	0.013147123	0.02145	0.0083907	0.97855	0.0083907	0.900360607	0.06573975
limma_voom	500	2000	mix	2	0.646309091	0.242303285	0.097732247	0.035277368	0.118075	0.167592079	0.074678589	0.051880345	0.236305556	0.333049534	0.763694444	0.333049534	0.902267753	0.035277368
LinDA	500	2000	mix	2	0.800504545	0.005574066	0.101703184	0.060715589	0.012475	0.007877796	0.022058323	0.013664257	0.024377778	0.007040196	0.975622222	0.007040196	0.898296816	0.060715589
MaAsLin2	500	2000	mix	2	0.798881818	0.006711258	0.102612288	0.05940136	0.013625	0.008296295	0.023830791	0.014170261	0.026616667	0.008532278	0.973383333	0.008532278	0.897387712	0.05940136
Wilcox	500	2000	mix	2	0.804190909	0.005511195	0.101738724	0.07084134	0.0098	0.007209012	0.017697558	0.012777419	0.019277778	0.007034122	0.980722222	0.007034122	0.898261276	0.07084134
ZicoSeq	500	2000	mix	2	0.818181818	0	0	0	0	0	0	0	0	0	1	0	0	0
ALDEx2_wi	500	2000	mix	5	0.786236364	0.014615535	0.101747066	0.050301002	0.0223	0.013652544	0.035605685	0.020098381	0.044	0.019487509	0.956	0.019487509	0.898252934	0.050301002
Corncob	500	2000	mix	5	0.758495455	0.020830308	0.102551114	0.033219724	0.04165	0.017335805	0.057977506	0.02078577	0.082205556	0.027638282	0.917794444	0.027638282	0.897448886	0.033219724
DACOMP	500	2000	mix	5	0.764990909	0.015802256	0.102628575	0.034191771	0.03795	0.016205263	0.054604187	0.021204721	0.073444444	0.021022914	0.926555556	0.021022914	0.897371425	0.034191771
DESeq2	500	2000	mix	5	0.746781818	0.019203337	0.100628394	0.030468997	0.049275	0.018262447	0.06524711	0.021386778	0.098216667	0.025404452	0.901783333	0.025404452	0.899371606	0.030468997
fastANCOM	500	2000	mix	5	0.622995455	0.157287971	0.101616462	0.025456197	0.134325	0.104634657	0.100904865	0.038874902	0.268411111	0.214770064	0.731588889	0.214770064	0.898383538	0.025456197
LEfSe	500	2000	mix	5	0.732213636	0.026108321	0.100210382	0.027981015	0.05885	0.022510243	0.072656928	0.022514103	0.11815	0.035079214	0.88185	0.035079214	0.899789618	0.027981015
limma_voom	500	2000	mix	5	0.21265	0.3956149	0.100212034	0.013357374	0.415625	0.271067561	0.145046727	0.036170372	0.832455556	0.543342868	0.167544444	0.543342868	0.899787966	0.013357374
LinDA	500	2000	mix	5	0.730254545	0.029578228	0.10109899	0.028659982	0.061175	0.025336814	0.074432107	0.024285536	0.121061111	0.040063895	0.878938889	0.040063895	0.89890101	0.028659982
MaAsLin2	500	2000	mix	5	0.71324349	0.030426802	0.101431119	0.02592282	0.073819095	0.0281139	0.083890016	0.025040155	0.1446622	0.041437218	0.8553378	0.041437218	0.898568881	0.02592282
Wilcox	500	2000	mix	5	0.739159091	0.02546791	0.099620133	0.030182097	0.05375	0.022048086	0.068294512	0.022986035	0.108527778	0.034255065	0.891472222	0.034255065	0.900379867	0.030182097
ZicoSeq	500	2000	mix	5	0.818181818	0	0	0	0	0	0	0	0	0	1	0	0	0
ALDEx2_wi	500	300	mix	1	0.967741935	0	0	0	0	0	0	0	0	0	1	0	0	0
Corncob	500	300	mix	1	0.967693548	0.000270514	0	0	0	0	0	0	5.00E-05	0.000279531	0.99995	0.000279531	0.035	0.184240939
DACOMP	500	300	mix	1	0.96772043	0.000304132	0	0	0	0	0	0	2.22E-05	0.00031427	0.999977778	0.00031427	0.005	0.070710678
DESeq2	500	300	mix	1	0.966322581	0.002440971	0.056154762	0.18751091	0.005166667	0.013817628	0.008985767	0.024140812	0.001638889	0.00263582	0.998361111	0.00263582	0.508845238	0.482773495
fastANCOM	500	300	mix	1	0.967741935	0	0	0	0	0	0	0	0	0	1	0	0	0
LEfSe	500	300	mix	1	0.967714919	0.000227642	0.005025126	0.070888121	0.000167504	0.002362937	0.000324202	0.004573427	3.35E-05	0.000220802	0.999966499	0.000220802	0.025125628	0.156901369
limma_voom	500	300	mix	1	0.964887097	0.006506849	0.03619428	0.133640265	0.011	0.031897029	0.013731952	0.0372939	0.003316667	0.00751323	0.996683333	0.00751323	0.40380572	0.474085025
LinDA	500	300	mix	1	0.96766129	0.000456548	0.005	0.070710678	0.000166667	0.002357023	0.000322581	0.004561979	8.89E-05	0.00046411	0.999911111	0.00046411	0.045	0.207824336
MaAsLin2	500	300	mix	1	0.967709677	0.000321769	0.005	0.070710678	0.000166667	0.002357023	0.000322581	0.004561979	3.89E-05	0.000322406	0.999961111	0.000322406	0.015	0.121857483
Wilcox	500	300	mix	1	0.967698925	0.000354912	0.005	0.070710678	0.000166667	0.002357023	0.000322581	0.004561979	5.00E-05	0.000357447	0.99995	0.000357447	0.03	0.171015295
ZicoSeq	500	300	mix	1	0.967741935	0	0	0	0	0	0	0	0	0	1	0	0	0
ALDEx2_wi	500	300	mix	10	0.928430108	0.013497698	0.10063748	0.043385119	0.1525	0.077757336	0.11751581	0.050492954	0.045705556	0.015127999	0.954294444	0.015127999	0.89936252	0.043385119
Corncob	500	300	mix	10	0.905026882	0.026303046	0.10093362	0.034200565	0.2455	0.126242678	0.138149492	0.047677121	0.072988889	0.030154058	0.927011111	0.030154058	0.89906638	0.034200565
DACOMP	500	300	mix	10	0.950715054	0.004367799	0.107645302	0.068766592	0.072833333	0.04773806	0.086180976	0.055290972	0.020022222	0.004130389	0.979977778	0.004130389	0.892354698	0.068766592
DESeq2	500	300	mix	10	0.896365591	0.019413454	0.101352481	0.029463086	0.282666667	0.113320523	0.147048106	0.04391973	0.083177778	0.022209667	0.916822222	0.022209667	0.898647519	0.029463086
fastANCOM	500	300	mix	10	0.902005376	0.030382169	0.098280373	0.03700159	0.248333333	0.132398313	0.133959302	0.048998522	0.076205556	0.034864031	0.923794444	0.034864031	0.901719627	0.03700159
LEfSe	500	300	mix	10	0.894650538	0.027556229	0.099612808	0.032021998	0.2825	0.133623533	0.143343137	0.046819244	0.084944444	0.031563031	0.915055556	0.031563031	0.900387192	0.032021998
limma_voom	500	300	mix	10	0.857446237	0.052101	0.096682564	0.025829882	0.412333333	0.218371977	0.149886895	0.040729283	0.127716667	0.060391653	0.872283333	0.060391653	0.903317436	0.025829882
LinDA	500	300	mix	10	0.905403226	0.023485447	0.099949258	0.033949198	0.2395	0.112683996	0.136921555	0.046704684	0.0724	0.026650479	0.9276	0.026650479	0.900050742	0.033949198
MaAsLin2	500	300	mix	10	0.881526882	0.040668338	0.099617077	0.030512853	0.331333333	0.172919232	0.146978135	0.044794153	0.100133333	0.046855797	0.899866667	0.046855797	0.900382923	0.030512853
Wilcox	500	300	mix	10	0.897387097	0.028765671	0.100088747	0.033100747	0.271833333	0.134712196	0.141328811	0.04657104	0.081761111	0.032976553	0.918238889	0.032976553	0.899911253	0.033100747
ZicoSeq	500	300	mix	10	0.967607527	0.001900825	0.000483871	0.006842969	5.00E-04	0.007071068	0.000491803	0.006955149	0.000155556	0.002199888	0.999844444	0.002199888	0.004516129	0.063867709
ALDEx2_wi	500	300	mix	2	0.96222043	0.00306165	0.116597105	0.133440647	0.025666667	0.029076614	0.040590365	0.043737555	0.006561111	0.003221842	0.993438889	0.003221842	0.883402895	0.133440647
Corncob	500	300	mix	2	0.961021505	0.003884797	0.113434976	0.121674475	0.031666667	0.033207468	0.047468682	0.047551621	0.008	0.004251828	0.992	0.004251828	0.886565024	0.121674475
DACOMP	500	300	mix	2	0.957575269	0.010609517	0.111996185	0.102481698	0.0425	0.04507423	0.056460132	0.048744104	0.011922222	0.011836568	0.988077778	0.011836568	0.873003815	0.148239587
DESeq2	500	300	mix	2	0.948075269	0.006005341	0.102455403	0.067981858	0.079	0.052338929	0.087949323	0.057251967	0.022955556	0.006164243	0.977044444	0.006164243	0.897544597	0.067981858
fastANCOM	500	300	mix	2	0.959903226	0.003942457	0.112256551	0.107241365	0.034666667	0.033557038	0.051276318	0.047745989	0.009255556	0.004129112	0.990744444	0.004129112	0.887743449	0.107241365
LEfSe	500	300	mix	2	0.958553763	0.004975957	0.11009505	0.09923578	0.040833333	0.038889886	0.05695464	0.050405532	0.010855556	0.005487252	0.989144444	0.005487252	0.88990495	0.09923578
limma_voom	500	300	mix	2	0.948602151	0.012026461	0.100029985	0.072060496	0.072333333	0.065407711	0.077457161	0.053817124	0.022188889	0.013735291	0.977811111	0.013735291	0.899970015	0.072060496
LinDA	500	300	mix	2	0.956241935	0.00444483	0.104604716	0.087237797	0.046833333	0.04011395	0.063035778	0.051488877	0.013444444	0.004626371	0.986555556	0.004626371	0.895395284	0.087237797
MaAsLin2	500	300	mix	2	0.956462366	0.00491391	0.102840576	0.087139239	0.045333333	0.038688725	0.061246063	0.050270161	0.013166667	0.005190998	0.986833333	0.005190998	0.897159424	0.087139239
Wilcox	500	300	mix	2	0.959430108	0.004302034	0.107570852	0.100395314	0.036333333	0.036329345	0.052212146	0.048510039	0.0098	0.004721619	0.9902	0.004721619	0.892429148	0.100395314
ZicoSeq	500	300	mix	2	0.967741935	0	0	0	0	0	0	0	0	0	1	0	0	0
ALDEx2_wi	500	300	mix	5	0.946876344	0.010075445	0.10278434	0.072725872	0.084	0.061250691	0.087775926	0.058539917	0.024361111	0.011280087	0.975638889	0.011280087	0.89721566	0.072725872
Corncob	500	300	mix	5	0.934048387	0.014481828	0.099302194	0.051001507	0.129333333	0.081208076	0.107730062	0.05544869	0.039127778	0.016368211	0.960872222	0.016368211	0.900697806	0.051001507
DACOMP	500	300	mix	5	0.952951613	0.004170072	0.110078562	0.077435499	0.0635	0.044155643	0.079892029	0.055120234	0.0174	0.003715218	0.9826	0.003715218	0.889921438	0.077435499
DESeq2	500	300	mix	5	0.918607527	0.013660952	0.102345686	0.039564775	0.195166667	0.086587872	0.132126115	0.050450543	0.057277778	0.015121466	0.942722222	0.015121466	0.897654314	0.039564775
fastANCOM	500	300	mix	5	0.933268817	0.019135553	0.102753415	0.052920801	0.132833333	0.081682305	0.110504502	0.05420833	0.04005	0.021307907	0.95995	0.021307907	0.897246585	0.052920801
LEfSe	500	300	mix	5	0.925865591	0.01706875	0.098640767	0.045834161	0.161666667	0.099003973	0.117604225	0.05583767	0.048661111	0.019586677	0.951338889	0.019586677	0.901359233	0.045834161
limma_voom	500	300	mix	5	0.908634409	0.035288387	0.09783151	0.03605544	0.222833333	0.143521068	0.128423278	0.049239733	0.068505556	0.040398259	0.931494444	0.040398259	0.90216849	0.03605544
LinDA	500	300	mix	5	0.928209677	0.014252412	0.101540794	0.045624649	0.155833333	0.0827998	0.119711725	0.053239436	0.046044444	0.016018725	0.953955556	0.016018725	0.898459206	0.045624649
MaAsLin2	500	300	mix	5	0.92088172	0.020480059	0.099946993	0.045613243	0.182166667	0.109099021	0.124142884	0.056612761	0.054494444	0.023406282	0.945505556	0.023406282	0.900053007	0.045613243
Wilcox	500	300	mix	5	0.928833333	0.016798338	0.098177505	0.04882931	0.150833333	0.09895814	0.113719102	0.057318076	0.045233333	0.019406029	0.954766667	0.019406029	0.901822495	0.04882931
ZicoSeq	500	300	mix	5	0.967741935	0	0	0	0	0	0	0	0	0	1	0	0	0
ALDEx2_wi	500	400	mix	1	0.957446809	0	0	0	0	0	0	0	0	0	1	0	0	0
Corncob	500	400	mix	1	0.957414894	0.00023632	0.01	0.099748427	0.00025	0.002493711	0.000487805	0.004865777	4.44E-05	0.000218279	0.999955556	0.000218279	0.04	0.196450922
DACOMP	500	400	mix	1	0.957425532	0.000300897	0	0	0	0	0	0	2.22E-05	0.00031427	0.999977778	0.00031427	0.005	0.070710678
DESeq2	500	400	mix	1	0.955382979	0.002739139	0.062294733	0.176191112	0.0055	0.01329979	0.00962513	0.022997636	0.0024	0.003020783	0.9976	0.003020783	0.612705267	0.459157536
fastANCOM	500	400	mix	1	0.957446809	0	0	0	0	0	0	0	0	0	1	0	0	0
LEfSe	500	400	mix	1	0.957388004	0.00032423	0.003768844	0.039547527	0.000251256	0.002499937	0.000467706	0.004654833	7.26E-05	0.000388052	0.999927415	0.000388052	0.041457286	0.194241303
limma_voom	500	400	mix	1	0.952202128	0.012338946	0.032193713	0.077909843	0.014625	0.039649651	0.017139095	0.039927388	0.006127778	0.014288762	0.993872222	0.014288762	0.432806287	0.470610981
LinDA	500	400	mix	1	0.95737766	0.000354962	0.005	0.049874214	0.00025	0.002493711	0.00047619	0.004749925	8.33E-05	0.00038486	0.999916667	0.00038486	0.05	0.212664362
MaAsLin2	500	400	mix	1	0.957425532	0.000212231	0.0075	0.078897873	0.00025	0.002493711	0.000481998	0.004808203	3.33E-05	0.000220259	0.999966667	0.000220259	0.0225	0.14438833
Wilcox	500	400	mix	1	0.95737234	0.000392002	0.00625	0.072800667	0.00025	0.002493711	0.000471175	0.004702854	8.89E-05	0.000436558	0.999911111	0.000436558	0.04875	0.213691972
ZicoSeq	500	400	mix	1	0.957446809	0	0	0	0	0	0	0	0	0	1	0	0	0
ALDEx2_wi	500	400	mix	10	0.906484043	0.017746754	0.100196378	0.04012284	0.148625	0.071689829	0.115806387	0.04574707	0.059833333	0.020204227	0.940166667	0.020204227	0.899803622	0.04012284
Corncob	500	400	mix	10	0.873670213	0.034755241	0.099095693	0.028989143	0.240125	0.109987936	0.135596322	0.039243293	0.098172222	0.040087208	0.901827778	0.040087208	0.900904307	0.028989143
DACOMP	500	400	mix	10	0.934590426	0.005923612	0.100134693	0.05427359	0.067875	0.040905079	0.079945553	0.04460724	0.026888889	0.006344339	0.973111111	0.006344339	0.899865307	0.05427359
DESeq2	500	400	mix	10	0.865138298	0.024960349	0.099500137	0.026453319	0.267	0.090287091	0.14300271	0.037370402	0.108277778	0.028287726	0.891722222	0.028287726	0.900499863	0.026453319
fastANCOM	500	400	mix	10	0.868196809	0.041244359	0.100313786	0.031450279	0.26075	0.134208783	0.1376508	0.043017652	0.104805556	0.048014739	0.895194444	0.048014739	0.899686214	0.031450279
LEfSe	500	400	mix	10	0.860388298	0.036274461	0.098334379	0.027183944	0.275625	0.11404061	0.141038456	0.037602881	0.113622222	0.041772746	0.886377778	0.041772746	0.901665621	0.027183944
limma_voom	500	400	mix	10	0.813138298	0.069154878	0.098611309	0.021766733	0.41925	0.216886227	0.152691492	0.035691958	0.169355556	0.081285759	0.830644444	0.081285759	0.901388691	0.021766733
LinDA	500	400	mix	10	0.874824468	0.031691595	0.097536487	0.029598113	0.230625	0.098079469	0.133024081	0.039070936	0.096544444	0.036138402	0.903455556	0.036138402	0.902463513	0.029598113
MaAsLin2	500	400	mix	10	0.845510638	0.051798082	0.10031843	0.025344299	0.32375	0.154227488	0.147168559	0.035854603	0.1313	0.060059539	0.8687	0.060059539	0.89968157	0.025344299
Wilcox	500	400	mix	10	0.86387234	0.037704764	0.097998817	0.027385224	0.26375	0.11424182	0.138301346	0.037345494	0.109455556	0.043404927	0.890544444	0.043404927	0.902001183	0.027385224
ZicoSeq	500	400	mix	10	0.95681383	0.005231391	0.001517796	0.012788816	0.002	0.018135448	0.001700392	0.014692598	0.00075	0.006232799	0.99925	0.006232799	0.013482204	0.10957973
ALDEx2_wi	500	400	mix	2	0.949835106	0.003586829	0.098607597	0.111279262	0.021875	0.024031164	0.035134846	0.038083936	0.008922222	0.003617876	0.991077778	0.003617876	0.901392403	0.111279262
Corncob	500	400	mix	2	0.947968085	0.004721823	0.09814292	0.100041715	0.0275	0.027908681	0.041901621	0.041363612	0.011122222	0.004988964	0.988877778	0.004988964	0.90185708	0.100041715
DACOMP	500	400	mix	2	0.944989362	0.009893522	0.103330893	0.091506132	0.039	0.045296344	0.052924541	0.046985861	0.014744444	0.011599918	0.985255556	0.011599918	0.891669107	0.111062463
DESeq2	500	400	mix	2	0.931723404	0.008115745	0.099162887	0.054901728	0.07425	0.043619961	0.083510491	0.046272538	0.030166667	0.008696801	0.969833333	0.008696801	0.900837113	0.054901728
fastANCOM	500	400	mix	2	0.94662234	0.004634596	0.10446952	0.093182716	0.03325	0.029024119	0.049394131	0.042405165	0.012783333	0.004796236	0.987216667	0.004796236	0.89553048	0.093182716
LEfSe	500	400	mix	2	0.944739362	0.006636504	0.102710043	0.090782191	0.0365	0.030883148	0.052032292	0.042301557	0.014894444	0.007071373	0.985105556	0.007071373	0.897289957	0.090782191
limma_voom	500	400	mix	2	0.929920213	0.018061644	0.095838104	0.059606464	0.075375	0.057287816	0.079013148	0.048502024	0.0321	0.020326081	0.9679	0.020326081	0.904161896	0.059606464
LinDA	500	400	mix	2	0.941590426	0.005677141	0.102056197	0.072030632	0.047	0.033956076	0.063216088	0.044333712	0.01865	0.005882483	0.98135	0.005882483	0.897943803	0.072030632
MaAsLin2	500	400	mix	2	0.941925532	0.005942029	0.101790325	0.073083482	0.046	0.034221419	0.062175485	0.044701725	0.018255556	0.006218422	0.981744444	0.006218422	0.898209675	0.073083482
Wilcox	500	400	mix	2	0.945787234	0.006116204	0.101433062	0.090859339	0.03425	0.030418975	0.049906021	0.042918412	0.0137	0.006453997	0.9863	0.006453997	0.898566938	0.090859339
ZicoSeq	500	400	mix	2	0.957446809	0	0	0	0	0	0	0	0	0	1	0	0	0
ALDEx2_wi	500	400	mix	5	0.929957447	0.012501011	0.103222395	0.060919321	0.0825	0.052988574	0.087508408	0.049998811	0.032377778	0.014116687	0.967622222	0.014116687	0.896777605	0.060919321
Corncob	500	400	mix	5	0.912260638	0.017388172	0.101377946	0.041179525	0.1345	0.06907319	0.111885223	0.045655696	0.053172222	0.019951986	0.946827778	0.019951986	0.898622054	0.041179525
DACOMP	500	400	mix	5	0.938473404	0.006058221	0.110102216	0.067458493	0.060375	0.034933309	0.077005362	0.044261489	0.0225	0.006009639	0.9775	0.006009639	0.889897784	0.067458493
DESeq2	500	400	mix	5	0.894074468	0.016298089	0.100201649	0.032007098	0.18725	0.07497864	0.128813921	0.042191773	0.074511111	0.018552575	0.925488889	0.018552575	0.899798351	0.032007098
fastANCOM	500	400	mix	5	0.909351064	0.025251181	0.099176973	0.040668859	0.138625	0.083342451	0.109804884	0.045152035	0.056394444	0.02919022	0.943605556	0.02919022	0.900823027	0.040668859
LEfSe	500	400	mix	5	0.902808511	0.020846459	0.10188012	0.037621111	0.164	0.080577376	0.121673508	0.045189422	0.064355556	0.024092013	0.935644444	0.024092013	0.89811988	0.037621111
limma_voom	500	400	mix	5	0.876398936	0.047246052	0.096807536	0.030041173	0.225875	0.140180642	0.127958175	0.039777961	0.094688889	0.054922825	0.905311111	0.054922825	0.903192464	0.030041173
LinDA	500	400	mix	5	0.904888298	0.01859814	0.099007389	0.034601538	0.152125	0.070611894	0.116938451	0.041444198	0.061655556	0.021349121	0.938344444	0.021349121	0.900992611	0.034601538
MaAsLin2	500	400	mix	5	0.896335106	0.025361323	0.101069996	0.034357578	0.18275	0.094622697	0.125748136	0.044425892	0.07195	0.029544277	0.92805	0.029544277	0.898930004	0.034357578
Wilcox	500	400	mix	5	0.905867021	0.020860351	0.101385232	0.039013742	0.154	0.080217982	0.117872384	0.046101285	0.060716667	0.024141028	0.939283333	0.024141028	0.898614768	0.039013742
ZicoSeq	500	400	mix	5	0.957265957	0.00255762	0.000375	0.005303301	0.000375	0.005303301	0.000375	0.005303301	0.000205556	0.002906995	0.999794444	0.002906995	0.004625	0.065407377
ALDEx2_wi	500	500	mix	1	0.947373684	7.44E-05	0.005	0.070710678	1.00E-04	0.001414214	0.000196078	0.002772968	0	0	1	0	0	0
Corncob	500	500	mix	1	0.947284211	0.000487714	0.000714286	0.010101525	1.00E-04	0.001414214	0.000175439	0.002481076	9.44E-05	0.000576409	0.999905556	0.000576409	0.044285714	0.20474827
DACOMP	500	500	mix	1	0.947294737	0.000764691	0	0	0	0	0	0	7.78E-05	0.000807174	0.999922222	0.000807174	0.01	0.099748427
DESeq2	500	500	mix	1	0.944994737	0.003242278	0.056235689	0.168483738	0.004	0.01022363	0.00708584	0.017444579	0.002727778	0.003579757	0.997272222	0.003579757	0.593764311	0.466333775
fastANCOM	500	500	mix	1	0.947363158	7.44E-05	0	0	0	0	0	0	5.56E-06	7.86E-05	0.999994444	7.86E-05	0.005	0.070710678
LEfSe	500	500	mix	1	0.9472	0.00104701	0.000714286	0.010101525	2.00E-04	0.002828427	0.0003125	0.004419417	0.000188889	0.001220775	0.999811111	0.001220775	0.059285714	0.235448195
limma_voom	500	500	mix	1	0.941173684	0.015211013	0.050829121	0.143189611	0.0161	0.041319809	0.018139499	0.038190622	0.007433333	0.0181765	0.992566667	0.0181765	0.434170879	0.46788496
LinDA	500	500	mix	1	0.947157895	0.000919966	0.001458333	0.014695815	2.00E-04	0.001994969	0.000350985	0.003501567	0.000233333	0.001036525	0.999766667	0.001036525	0.078541667	0.267374267
MaAsLin2	500	500	mix	1	0.947242105	0.000501227	0	0	0	0	0	0	0.000133333	0.000529073	0.999866667	0.000529073	0.07	0.255787286
Wilcox	500	500	mix	1	0.947278947	0.000613308	0.005	0.070710678	1.00E-04	0.001414214	0.000196078	0.002772968	1.00E-04	0.000641726	0.9999	0.000641726	0.045	0.207824336
ZicoSeq	500	500	mix	1	0.947368421	0	0	0	0	0	0	0	0	0	1	0	0	0
ALDEx2_wi	500	500	mix	10	0.881847368	0.017908732	0.09907117	0.032482885	0.1548	0.063443561	0.118854673	0.041454008	0.077761111	0.020485296	0.922238889	0.020485296	0.90092883	0.032482885
Corncob	500	500	mix	10	0.831552632	0.039133196	0.09795758	0.023697301	0.2706	0.114196516	0.140778213	0.037073801	0.137283333	0.046202485	0.862716667	0.046202485	0.90204242	0.023697301
DACOMP	500	500	mix	10	0.918147368	0.007961712	0.103967819	0.048742368	0.0727	0.037088919	0.084565001	0.040318796	0.034883333	0.008631748	0.965116667	0.008631748	0.896032181	0.048742368
DESeq2	500	500	mix	10	0.831647368	0.028224773	0.099908695	0.023891572	0.2752	0.09243202	0.144904512	0.035856536	0.137438889	0.032909684	0.862561111	0.032909684	0.900091305	0.023891572
fastANCOM	500	500	mix	10	0.820142105	0.047533894	0.097820172	0.023606909	0.2922	0.120781209	0.141901601	0.035613297	0.150527778	0.055647934	0.849472222	0.055647934	0.902179828	0.023606909
LEfSe	500	500	mix	10	0.816126316	0.040586022	0.099499696	0.021390076	0.3097	0.112513137	0.148080057	0.033506527	0.155738889	0.047544165	0.844261111	0.047544165	0.900500304	0.021390076
limma_voom	500	500	mix	10	0.745694737	0.079555565	0.098816219	0.015515692	0.4714	0.196148954	0.158460208	0.027380079	0.239066667	0.094205099	0.760933333	0.094205099	0.901183781	0.015515692
LinDA	500	500	mix	10	0.834905263	0.034777843	0.098686102	0.023623837	0.2631	0.098370595	0.140886885	0.035802113	0.133327778	0.040541422	0.866672222	0.040541422	0.901313898	0.023623837
MaAsLin2	500	500	mix	10	0.792868421	0.059696886	0.098647983	0.018667557	0.3626	0.156549605	0.151132101	0.03167388	0.183227778	0.070731433	0.816772222	0.070731433	0.901352017	0.018667557
Wilcox	500	500	mix	10	0.820836842	0.042681497	0.099003784	0.022895629	0.2973	0.117198067	0.145458499	0.035666578	0.150077778	0.050081949	0.849922222	0.050081949	0.900996216	0.022895629
ZicoSeq	500	500	mix	10	0.9469	0.004675107	0.000993651	0.011561023	0.0012	0.014408261	0.001084956	0.012816925	0.000561111	0.005603918	0.999438889	0.005603918	0.009006349	0.090033832
ALDEx2_wi	500	500	mix	2	0.937747368	0.004222464	0.09090841	0.099708166	0.0211	0.024325886	0.033505648	0.037248064	0.011327778	0.004476015	0.988672222	0.004476015	0.90909159	0.099708166
Corncob	500	500	mix	2	0.934394737	0.005718896	0.094443193	0.08377399	0.0295	0.028137316	0.043772125	0.039749538	0.015333333	0.006288354	0.984666667	0.006288354	0.905556807	0.08377399
DACOMP	500	500	mix	2	0.932952632	0.005742467	0.092694009	0.073374261	0.0321	0.028418799	0.046821156	0.038574504	0.017	0.006359965	0.983	0.006359965	0.907305991	0.073374261
DESeq2	500	500	mix	2	0.9167	0.007313185	0.094469216	0.046321681	0.0681	0.035928321	0.078303287	0.038961534	0.036155556	0.007903067	0.963844444	0.007903067	0.905530784	0.046321681
fastANCOM	500	500	mix	2	0.933352632	0.005758328	0.093444531	0.08439556	0.0314	0.029638356	0.045953879	0.041823465	0.016538889	0.006220086	0.983461111	0.006220086	0.906555469	0.08439556
LEfSe	500	500	mix	2	0.930526316	0.007082132	0.092976149	0.071303041	0.0375	0.031251131	0.051922025	0.040268376	0.019861111	0.007964137	0.980138889	0.007964137	0.907023851	0.071303041
limma_voom	500	500	mix	2	0.909757895	0.023520214	0.09607981	0.050280875	0.0826	0.057948513	0.083076239	0.043364216	0.044288889	0.027015456	0.955711111	0.027015456	0.90392019	0.050280875
LinDA	500	500	mix	2	0.927778947	0.006190047	0.098574098	0.064549222	0.0457	0.032662581	0.061447244	0.041223896	0.023216667	0.006624094	0.976783333	0.006624094	0.901425902	0.064549222
MaAsLin2	500	500	mix	2	0.927410526	0.006362203	0.095405601	0.064346334	0.0454	0.033950008	0.060463719	0.042392938	0.023588889	0.006905017	0.976411111	0.006905017	0.904594399	0.064346334
Wilcox	500	500	mix	2	0.932263158	0.006152115	0.093514279	0.076797254	0.0336	0.028760665	0.048226245	0.039279954	0.017811111	0.006782824	0.982188889	0.006782824	0.906485721	0.076797254
ZicoSeq	500	500	mix	2	0.947368421	0	0	0	0	0	0	0	0	0	1	0	0	0
ALDEx2_wi	500	500	mix	5	0.913726316	0.013926742	0.103538226	0.052127136	0.0831	0.048623153	0.088976257	0.046014002	0.040127778	0.015876164	0.959872222	0.015876164	0.896461774	0.052127136
Corncob	500	500	mix	5	0.889847368	0.022143114	0.101996198	0.036449345	0.1404	0.070317585	0.114654794	0.042631572	0.068516667	0.025880434	0.931483333	0.025880434	0.898003802	0.036449345
DACOMP	500	500	mix	5	0.923478947	0.005678112	0.101138099	0.05338337	0.0581	0.033705643	0.073103396	0.039837862	0.028444444	0.006021242	0.971555556	0.006021242	0.898861901	0.05338337
DESeq2	500	500	mix	5	0.870457895	0.018714094	0.100947067	0.029882365	0.185	0.069708654	0.129132497	0.039601139	0.091461111	0.021370204	0.908538889	0.021370204	0.899052933	0.029882365
fastANCOM	500	500	mix	5	0.888378947	0.032770917	0.099869252	0.040108673	0.1382	0.086824261	0.109435474	0.043669176	0.069944444	0.038376662	0.930055556	0.038376662	0.900130748	0.040108673
LEfSe	500	500	mix	5	0.877678947	0.025825164	0.10112183	0.033231303	0.1683	0.079502915	0.12274013	0.041879503	0.082911111	0.030239559	0.917088889	0.030239559	0.89887817	0.033231303
limma_voom	500	500	mix	5	0.846689474	0.050793604	0.099591753	0.026599028	0.2368	0.128484635	0.133765621	0.038374311	0.119427778	0.059771986	0.880572222	0.059771986	0.900408247	0.026599028
LinDA	500	500	mix	5	0.882073684	0.022091256	0.099584964	0.033612076	0.1552	0.071852445	0.118637873	0.042009382	0.077544444	0.025720365	0.922455556	0.025720365	0.900415036	0.033612076
MaAsLin2	500	500	mix	5	0.8699	0.031461316	0.099904643	0.029895605	0.1839	0.088396037	0.125569384	0.03972826	0.091988889	0.03687858	0.908011111	0.03687858	0.900095357	0.029895605
Wilcox	500	500	mix	5	0.882336842	0.026105195	0.101860734	0.036022326	0.1575	0.077730044	0.119717323	0.043431576	0.077394444	0.030410798	0.922605556	0.030410798	0.898139266	0.036022326
ZicoSeq	500	500	mix	5	0.947131579	0.003349453	0.000655738	0.009273532	8.00E-04	0.011313708	0.000720721	0.01019253	0.000294444	0.004164073	0.999705556	0.004164073	0.004344262	0.061437147
ALDEx2_wi	500	800	mix	1	0.918362245	7.22E-05	0	0	0	0	0	0	5.56E-06	7.86E-05	0.999994444	7.86E-05	0.005	0.070710678
Corncob	500	800	mix	1	0.918346939	0.000175998	0	0	0	0	0	0	2.22E-05	0.000191642	0.999977778	0.000191642	0.015	0.121857483
DACOMP	500	800	mix	1	0.918367347	0	0	0	0	0	0	0	0	0	1	0	0	0
DESeq2	500	800	mix	1	0.917295918	0.002078289	0.041097222	0.167960338	0.0013125	0.004586806	0.002474032	0.00854711	0.001283333	0.002365817	0.998716667	0.002365817	0.418902778	0.482960533
fastANCOM	500	800	mix	1	0.918367347	0	0	0	0	0	0	0	0	0	1	0	0	0
LEfSe	500	800	mix	1	0.918340352	0.00019503	0	0	0	0	0	0	2.94E-05	0.000212366	0.999970606	0.000212366	0.021164021	0.144313192
limma_voom	500	800	mix	1	0.893535714	0.054398695	0.087930918	0.174748551	0.037625	0.087135728	0.030456427	0.046538547	0.030383333	0.066777462	0.969616667	0.066777462	0.607069082	0.435511034
LinDA	500	800	mix	1	0.918331633	0.000237221	0	0	0	0	0	0	3.89E-05	0.000258307	0.999961111	0.000258307	0.025	0.156516732
MaAsLin2	500	800	mix	1	0.918311224	0.00032667	0.0025	0.035355339	6.25E-05	0.000883883	0.000121951	0.001724651	6.67E-05	0.000363343	0.999933333	0.000363343	0.0375	0.187133226
Wilcox	500	800	mix	1	0.918326531	0.000286431	0.00125	0.01767767	6.25E-05	0.000883883	0.000119048	0.001683588	5.00E-05	0.000357447	0.99995	0.000357447	0.02375	0.149533403
ZicoSeq	500	800	mix	1	0.918367347	0	0	0	0	0	0	0	0	0	1	0	0	0
ALDEx2_wi	500	800	mix	10	0.874076531	0.015797532	0.100817802	0.041317597	0.0680625	0.036291185	0.078411398	0.035852104	0.054277778	0.018905386	0.945722222	0.018905386	0.899182198	0.041317597
Corncob	500	800	mix	10	0.833362245	0.02913831	0.100604565	0.029559567	0.1309375	0.057466091	0.110652401	0.035597154	0.1042	0.035092278	0.8958	0.035092278	0.899395435	0.029559567
DACOMP	500	800	mix	10	0.876658163	0.01630342	0.099731868	0.04438341	0.0635625	0.034221821	0.075040764	0.03442786	0.051066667	0.019455278	0.948933333	0.019455278	0.900268132	0.04438341
DESeq2	500	800	mix	10	0.831515306	0.022219668	0.099138602	0.029702631	0.1318125	0.051665075	0.111285502	0.03498264	0.106288889	0.026584286	0.893711111	0.026584286	0.900861398	0.029702631
fastANCOM	500	800	mix	10	0.755188776	0.082985204	0.099564851	0.022537592	0.2464375	0.128703781	0.133384545	0.035912435	0.199588889	0.100834493	0.800411111	0.100834493	0.900435149	0.022537592
LEfSe	500	800	mix	10	0.812066327	0.032671874	0.099208514	0.025129866	0.160875	0.062710825	0.12004892	0.032898635	0.13005	0.039344826	0.86995	0.039344826	0.900791486	0.025129866
limma_voom	500	800	mix	10	0.48952551	0.141902382	0.09886217	0.009804517	0.6461875	0.216934579	0.167266284	0.021310015	0.5244	0.173192431	0.4756	0.173192431	0.90113783	0.009804517
LinDA	500	800	mix	10	0.806846939	0.041678866	0.100708932	0.02419096	0.172125	0.07404872	0.123140794	0.033485109	0.136733333	0.050575648	0.863266667	0.050575648	0.899291068	0.02419096
MaAsLin2	500	800	mix	10	0.781596939	0.052617141	0.101204029	0.021104151	0.2115625	0.08804958	0.132691154	0.030780452	0.167733333	0.06391238	0.832266667	0.06391238	0.898795971	0.021104151
Wilcox	500	800	mix	10	0.816030612	0.033854022	0.099886635	0.025878702	0.1560625	0.063428746	0.118715015	0.033615339	0.125305556	0.040818969	0.874694444	0.040818969	0.900113365	0.025878702
ZicoSeq	500	800	mix	10	0.918209184	0.002236766	0.000609756	0.008623253	0.0003125	0.004419417	0.000413223	0.005843858	2.00E-04	0.002828427	0.9998	0.002828427	0.004390244	0.062087425
ALDEx2_wi	500	800	mix	2	0.912193878	0.003284272	0.094483606	0.108134401	0.008875	0.010148861	0.016006201	0.018092062	0.007511111	0.003578791	0.992488889	0.003578791	0.905516394	0.108134401
Corncob	500	800	mix	2	0.911178571	0.00401611	0.10147152	0.106578486	0.011125	0.011263601	0.019723344	0.019713922	0.008816667	0.004447343	0.991183333	0.004447343	0.89852848	0.106578486
DACOMP	500	800	mix	2	0.907346939	0.006572525	0.097042678	0.084047237	0.015875	0.015281591	0.026434526	0.022753583	0.013411111	0.007716927	0.986588889	0.007716927	0.897957322	0.105302587
DESeq2	500	800	mix	2	0.899137755	0.006349907	0.099788223	0.062852971	0.029125	0.019377482	0.044409711	0.028310968	0.023527778	0.007098815	0.976472222	0.007098815	0.900211777	0.062852971
fastANCOM	500	800	mix	2	0.9075	0.005792885	0.094183174	0.084549605	0.0154375	0.014286721	0.02600862	0.023255517	0.013205556	0.006492397	0.986794444	0.006492397	0.905816826	0.084549605
LEfSe	500	800	mix	2	0.908566327	0.005576726	0.095852112	0.09040144	0.014375	0.013007898	0.024441867	0.021625163	0.01195	0.006374091	0.98805	0.006374091	0.904147888	0.09040144
limma_voom	500	800	mix	2	0.851163265	0.079070924	0.099531751	0.045075659	0.1001875	0.121499203	0.078902298	0.045942158	0.082083333	0.096439431	0.917916667	0.096439431	0.900468249	0.045075659
LinDA	500	800	mix	2	0.906316327	0.005546142	0.09329964	0.081523251	0.0170625	0.014836711	0.028303185	0.023873924	0.014638889	0.006281876	0.985361111	0.006281876	0.90670036	0.081523251
MaAsLin2	500	800	mix	2	0.90569898	0.005950195	0.096336724	0.077500215	0.018375	0.015032941	0.030168196	0.023849394	0.015427778	0.006807718	0.984572222	0.006807718	0.903663276	0.077500215
Wilcox	500	800	mix	2	0.909219388	0.005016071	0.095069844	0.090992744	0.0135	0.013044666	0.023136774	0.021683651	0.011161111	0.005757144	0.988838889	0.005757144	0.904930156	0.090992744
ZicoSeq	500	800	mix	2	0.918188776	0.002525381	0.00025641	0.003626189	0.000125	0.001767767	0.000168067	0.00237683	0.000205556	0.002906995	0.999794444	0.002906995	0.00474359	0.067084489
ALDEx2_wi	500	800	mix	5	0.896795918	0.010142383	0.10446111	0.070249856	0.034875	0.025515723	0.050125534	0.033287681	0.026588889	0.012180025	0.973411111	0.012180025	0.89553889	0.070249856
Corncob	500	800	mix	5	0.880244898	0.013915399	0.099113678	0.043751099	0.0581875	0.032426896	0.071146248	0.033107393	0.046683333	0.016820794	0.953316667	0.016820794	0.900886322	0.043751099
DACOMP	500	800	mix	5	0.893556122	0.010678921	0.104183992	0.059976075	0.0394375	0.026821152	0.055483357	0.034056602	0.030522222	0.012431291	0.969477778	0.012431291	0.895816008	0.059976075
DESeq2	500	800	mix	5	0.864954082	0.01457384	0.099929379	0.040032092	0.0815	0.036726957	0.08836495	0.035717754	0.065405556	0.016944338	0.934594444	0.016944338	0.900070621	0.040032092
fastANCOM	500	800	mix	5	0.849515306	0.047028974	0.096402658	0.0332148	0.1015625	0.073390792	0.091488629	0.03718912	0.084	0.057083076	0.916	0.057083076	0.903597342	0.0332148
LEfSe	500	800	mix	5	0.866903061	0.017467796	0.099959215	0.039008206	0.0785	0.037597445	0.085550969	0.034088292	0.063016667	0.020926305	0.936983333	0.020926305	0.900040785	0.039008206
limma_voom	500	800	mix	5	0.681678571	0.144653549	0.099217177	0.019822849	0.3544375	0.217991407	0.143049965	0.034018088	0.289233333	0.176301956	0.710766667	0.176301956	0.900782823	0.019822849
LinDA	500	800	mix	5	0.861760204	0.019727639	0.097407492	0.035055619	0.0844375	0.040904839	0.088111717	0.034089018	0.069144444	0.023723888	0.930855556	0.023723888	0.902592508	0.035055619
MaAsLin2	500	800	mix	5	0.851397959	0.020727254	0.096858576	0.032419898	0.099	0.044523581	0.095824056	0.033551655	0.081722222	0.025024276	0.918277778	0.025024276	0.903141424	0.032419898
Wilcox	500	800	mix	5	0.870566327	0.017067062	0.098181855	0.039278146	0.0720625	0.037801915	0.080615058	0.034558543	0.058455556	0.020645273	0.941544444	0.020645273	0.901818145	0.039278146
ZicoSeq	500	800	mix	5	0.918204082	0.00230892	0.000595238	0.008417938	0.0003125	0.004419417	0.000409836	0.005795957	0.000205556	0.002906995	0.999794444	0.002906995	0.004404762	0.06229274
edgeR	500	2000	mix	1	0.899435	0.001182052	0.028816239	0.120140219	7.00E-04	0.002249579	0.001339555	0.004280518	0.000705556	0.001487477	0.999294444	0.001487477	0.291183761	0.441186703
edgeR	500	2000	mix	2	0.899405	0.003750889	0.588135366	0.248185082	0.0391	0.012917375	0.071488939	0.021546809	0.005005556	0.004802169	0.994994444	0.004802169	0.411864634	0.248185082
edgeR	500	2000	mix	5	0.889955	0.007859593	0.28488105	0.181257078	0.0375	0.011817211	0.063062167	0.01725165	0.015327778	0.009518622	0.984672222	0.009518622	0.71511895	0.181257078
edgeR	500	2000	mix	10	0.88443	0.008018608	0.205017828	0.13804217	0.03885	0.012509693	0.062201626	0.017411076	0.021616667	0.009741674	0.978383333	0.009741674	0.794982172	0.13804217
edgeR	500	1000	mix	1	0.94955	0.000866025	0.041878788	0.143239	0.0014	0.004927761	0.002646899	0.009104474	0.000547368	0.001000629	0.999452632	0.001000629	0.318121212	0.446204406
edgeR	500	1000	mix	2	0.949575	0.0029451	0.574841878	0.233193913	0.0645	0.025795427	0.111606422	0.039066405	0.003842105	0.003605912	0.996157895	0.003605912	0.425158122	0.233193913
edgeR	500	1000	mix	5	0.942905	0.006201863	0.328257404	0.230384924	0.0602	0.022562148	0.09361023	0.027370386	0.010636842	0.007250247	0.989363158	0.007250247	0.671742596	0.230384924
edgeR	500	1000	mix	10	0.93777	0.006297915	0.208642857	0.143546063	0.0621	0.021569479	0.089344655	0.026075682	0.016142105	0.007254012	0.983857895	0.007254012	0.791357143	0.143546063
edgeR	500	500	mix	1	0.97459	0.000919431	0.011	0.06012613	0.001	0.00522233	0.001778555	0.009129836	0.000446154	0.000990475	0.999553846	0.000990475	0.249	0.426044765
edgeR	500	500	mix	2	0.974535	0.00395317	0.593083021	0.250363834	0.14	0.046362646	0.213376841	0.056964746	0.004066667	0.004488607	0.995933333	0.004488607	0.406916979	0.250363834
edgeR	500	500	mix	5	0.966935	0.006913482	0.303243267	0.18148034	0.1338	0.046510127	0.166643679	0.040149598	0.011702564	0.007837321	0.988297436	0.007837321	0.696756733	0.18148034
edgeR	500	500	mix	10	0.96269	0.00672166	0.212586226	0.170056319	0.1208	0.040193472	0.138666851	0.039322078	0.015723077	0.007376661	0.984276923	0.007376661	0.787413774	0.170056319
edgeR	500	400	mix	1	0.979565	0.001021622	0.039095238	0.143442835	0.00275	0.008627388	0.004999846	0.015853296	5.00E-04	0.00108529	0.9995	0.00108529	0.280904762	0.43205004
edgeR	500	400	mix	2	0.97982	0.003076893	0.610574413	0.249415816	0.15175	0.049779184	0.22878084	0.057681441	0.003280612	0.003537961	0.996719388	0.003537961	0.389425587	0.249415816
edgeR	500	400	mix	5	0.97296	0.006060586	0.326758861	0.2401891	0.14075	0.048416204	0.171912554	0.04514392	0.010056122	0.006685876	0.989943878	0.006685876	0.673241139	0.2401891
edgeR	500	400	mix	10	0.970635	0.006125314	0.229244546	0.149334748	0.12975	0.049453452	0.147355826	0.043041	0.012204082	0.006917963	0.987795918	0.006917963	0.760755454	0.166342009
edgeR	500	300	mix	1	0.98469	0.000695512	0.05422619	0.193090404	0.004333333	0.014721508	0.007359128	0.023550637	0.000380711	0.000833237	0.999619289	0.000833237	0.30577381	0.44710239
edgeR	500	300	mix	2	0.984695	0.00301921	0.626105104	0.278729037	0.168	0.066146116	0.244795242	0.080580313	0.00286802	0.003314446	0.99713198	0.003314446	0.373894896	0.278729037
edgeR	500	300	mix	5	0.97973	0.005014837	0.341674858	0.231264389	0.153333333	0.056058331	0.18360282	0.049652334	0.007685279	0.005603541	0.992314721	0.005603541	0.658325142	0.231264389
edgeR	500	300	mix	10	0.977905	0.005208625	0.265261691	0.213431102	0.145	0.058675045	0.161393307	0.048082545	0.009411168	0.00588996	0.990588832	0.00588996	0.724738309	0.224040205
edgeR	500	200	mix	1	0.989615	0.000819137	0.039675325	0.175676181	0.0045	0.016041298	0.007267743	0.025232401	0.000434343	0.000899518	0.999565657	0.000899518	0.320324675	0.460751564
edgeR	500	200	mix	2	0.989655	0.002343802	0.576761369	0.233553062	0.256	0.085658471	0.328354375	0.080944706	0.002934343	0.002715224	0.997065657	0.002715224	0.423238631	0.233553062
edgeR	500	200	mix	5	0.985535	0.004643479	0.35135794	0.22455032	0.2185	0.080294596	0.234497573	0.067363393	0.006717172	0.005144769	0.993282828	0.005144769	0.64864206	0.22455032
edgeR	500	200	mix	10	0.98301	0.005237771	0.277433636	0.229115893	0.211	0.08835763	0.198843612	0.062023967	0.009191919	0.00579459	0.990808081	0.00579459	0.722566364	0.229115893
edgeR	500	100	mix	1	0.994695	0.000813072	0.037	0.158478668	0.007	0.02564324	0.011251748	0.041440842	0.000341709	0.000826423	0.999658291	0.000826423	0.313	0.45423299
edgeR	500	100	mix	2	0.995375	0.002105038	0.636377082	0.222920328	0.5	0.139262125	0.527945676	0.120432994	0.002135678	0.002269189	0.997864322	0.002269189	0.363622918	0.222920328
edgeR	500	100	mix	5	0.990975	0.004789706	0.396736072	0.255645337	0.458	0.145073997	0.363762779	0.110576987	0.006346734	0.005241597	0.993653266	0.005241597	0.603263928	0.255645337
edgeR	500	100	mix	10	0.98775	0.005133815	0.262541444	0.190171608	0.444	0.134329611	0.286355315	0.100283784	0.009517588	0.005466538	0.990482412	0.005466538	0.737458556	0.190171608
edgeR	500	800	mix	1	0.959645	0.000769675	0.017	0.107777778	0.000625	0.003263956	0.00116488	0.006005676	0.000395833	0.000854118	0.999604167	0.000854118	0.323	0.464344753
edgeR	500	800	mix	2	0.95963	0.00292034	0.577805365	0.252421336	0.07125	0.022438187	0.122651584	0.034709127	0.003354167	0.003289311	0.996645833	0.003289311	0.412194635	0.249085718
edgeR	500	800	mix	5	0.952875	0.005546577	0.317246338	0.239498765	0.071125	0.027563918	0.105187717	0.032585787	0.010385417	0.006536645	0.989614583	0.006536645	0.682753662	0.239498765
edgeR	500	800	mix	10	0.94988	0.00570403	0.21290809	0.156035707	0.06375	0.023737038	0.090855477	0.029503968	0.013197917	0.006433721	0.986802083	0.006433721	0.78709191	0.156035707
metagenomeSeq	500	800	mix	1	0.960005155	0.000113991	0.030927835	0.174021565	0.000386598	0.00217527	0.00076365	0.004296829	1.07E-05	7.44E-05	0.999989261	7.44E-05	0.020618557	0.142841801
metagenomeSeq	500	800	mix	2	0.969545	0.002205474	0.936528787	0.075000933	0.25975	0.058077904	0.402048697	0.071139805	0.000880208	0.001255632	0.999119792	0.001255632	0.063471213	0.075000933
metagenomeSeq	500	800	mix	5	0.982885	0.004675238	0.784518575	0.08767828	0.80875	0.049667455	0.79266996	0.046774206	0.009859375	0.005106998	0.990140625	0.005106998	0.215481425	0.08767828
metagenomeSeq	500	800	mix	10	0.975128866	0.008692753	0.641756578	0.092243705	0.925128866	0.03111925	0.753852593	0.065335107	0.022787801	0.009100321	0.977212199	0.009100321	0.358243422	0.092243705
metagenomeSeq	500	1000	mix	1	0.949965	0.000227581	0.001666667	0.016666667	1.00E-04	0.001	0.000188679	0.001886792	4.21E-05	0.00028662	0.999957895	0.00028662	0.028333333	0.162498381
metagenomeSeq	500	1000	mix	2	0.961637755	0.002464993	0.945161701	0.05880634	0.249693878	0.056137792	0.390838647	0.068298735	0.000891515	0.001053738	0.999108485	0.001053738	0.054838299	0.05880634
metagenomeSeq	500	1000	mix	5	0.978433673	0.006643591	0.792555993	0.095894985	0.794897959	0.048973902	0.789206659	0.050354646	0.011906552	0.007466794	0.988093448	0.007466794	0.207444007	0.095894985
metagenomeSeq	500	1000	mix	10	0.96753	0.011039145	0.632627612	0.097620554	0.9177	0.02939989	0.744354308	0.065541974	0.029847368	0.011856255	0.970152632	0.011856255	0.367372388	0.097620554
metagenomeSeq	500	500	mix	1	0.975	0	0	0	0	0	0	0	0	0	1	0	0	0
metagenomeSeq	500	500	mix	2	0.986343434	0.002175521	0.939117294	0.076181843	0.490909091	0.082029001	0.63913388	0.070653606	0.000953121	0.001496031	0.999046879	0.001496031	0.060882706	0.076181843
metagenomeSeq	500	500	mix	5	0.985908163	0.006010449	0.663763035	0.106420809	0.961836735	0.029718505	0.780328657	0.073997573	0.013474621	0.006248189	0.986525379	0.006248189	0.336236965	0.106420809
metagenomeSeq	500	500	mix	10	0.971882653	0.009747799	0.48693052	0.091621659	0.994285714	0.01112256	0.648652583	0.080350842	0.028691784	0.010040652	0.971308216	0.010040652	0.51306948	0.091621659
metagenomeSeq	500	2000	mix	1	0.899979798	0.00012204	0	0	0	0	0	0	2.24E-05	0.0001356	0.999977553	0.0001356	0.03030303	0.172292197
metagenomeSeq	500	2000	mix	2	0.91615	0.003207866	0.952693228	0.074604816	0.1721	0.031181936	0.289782189	0.04329006	0.001177778	0.002253262	0.998822222	0.002253262	0.047306772	0.074604816
metagenomeSeq	500	2000	mix	5	0.949678571	0.007062771	0.823635747	0.075668714	0.643367347	0.040024319	0.719352016	0.030145911	0.016286848	0.008956145	0.983713152	0.008956145	0.176364253	0.075668714
metagenomeSeq	500	2000	mix	10	0.94210101	0.011609721	0.689737598	0.070345231	0.788383838	0.029785186	0.733342222	0.039216863	0.040819304	0.013566402	0.959180696	0.013566402	0.310262402	0.070345231
metagenomeSeq	500	400	mix	1	0.98	0	0	0	0	0	0	0	0	0	1	0	0	0
metagenomeSeq	500	400	mix	2	0.988969072	0.002128446	0.924973809	0.096046679	0.496134021	0.09272637	0.638575497	0.084222593	0.00097307	0.001381801	0.99902693	0.001381801	0.075026191	0.096046679
metagenomeSeq	500	400	mix	5	0.989030303	0.004850215	0.673368867	0.115078853	0.959343434	0.032258889	0.785160967	0.075862	0.010363843	0.005078897	0.989636157	0.005078897	0.326631133	0.115078853
metagenomeSeq	500	400	mix	10	0.978035	0.008042581	0.494649357	0.099320042	0.996	0.00987293	0.65535752	0.08497322	0.022331633	0.008229304	0.977668367	0.008229304	0.505350643	0.099320042
metagenomeSeq	500	300	mix	1	0.984994845	5.08E-05	0	0	0	0	0	0	5.23E-06	5.15E-05	0.999994767	5.15E-05	0.010309278	0.101534617
metagenomeSeq	500	300	mix	2	0.991340206	0.001756752	0.935540882	0.092754814	0.46185567	0.109501151	0.608490907	0.10198383	0.000596578	0.001025776	0.999403422	0.001025776	0.064459118	0.092754814
metagenomeSeq	500	300	mix	5	0.992234375	0.004232054	0.695252088	0.134012495	0.959722222	0.041015378	0.797761786	0.086647603	0.007270516	0.004476161	0.992729484	0.004476161	0.304747912	0.134012495
metagenomeSeq	500	300	mix	10	0.984020202	0.007060569	0.510248193	0.121923074	0.995622896	0.011315377	0.666669558	0.102676593	0.016156489	0.007139098	0.983843511	0.007139098	0.489751807	0.121923074
metagenomeSeq	500	200	mix	1	0.989943878	0.000560204	0.011564626	0.101771485	0.001530612	0.01124718	0.002137998	0.014951315	7.22E-05	0.000664666	0.99992785	0.000664666	0.019047619	0.132989247
metagenomeSeq	500	200	mix	2	0.995127551	0.001383465	0.910970356	0.101076614	0.582653061	0.136052984	0.69718574	0.107954111	0.00070604	0.00099367	0.99929396	0.00099367	0.089029644	0.101076614
metagenomeSeq	500	200	mix	5	0.993752525	0.003740548	0.658047852	0.152699678	0.957575758	0.04863632	0.769100519	0.107490223	0.005882053	0.003822805	0.994117947	0.003822805	0.341952148	0.152699678
metagenomeSeq	500	200	mix	10	0.985597938	0.006442308	0.439491437	0.120881623	0.993814433	0.016548118	0.599985777	0.11035931	0.014485057	0.006546424	0.985514943	0.006546424	0.560508563	0.120881623
metagenomeSeq	500	100	mix	1	0.994963918	0.000355371	0.001145475	0.011281624	0.001030928	0.010153462	0.001085187	0.010687854	4.14E-05	0.000408179	0.999958556	0.000408179	0.009163803	0.090252992
metagenomeSeq	500	100	mix	2	0.997852632	0.001157477	0.873238329	0.147591344	0.710526316	0.1440107	0.767277109	0.108420046	0.000703518	0.001117419	0.999296482	0.001117419	0.126761671	0.147591344
metagenomeSeq	500	100	mix	5	0.99372449	0.003531247	0.496238149	0.172420449	0.964285714	0.063000573	0.63587428	0.137038969	0.006127577	0.003654187	0.993872423	0.003654187	0.503761851	0.172420449
metagenomeSeq	500	100	mix	10	0.987280612	0.004754307	0.305727898	0.09799622	0.994897959	0.022117069	0.45983536	0.104999939	0.012757666	0.004792107	0.987242334	0.004792107	0.694272102	0.09799622
AAMAVD	500	100	mix	1	0.99487	0.000280872	0.013333333	0.105089348	0.002	0.014070529	0.003356643	0.023698396	0.000140704	0.000286409	0.999859296	0.000286409	0.216666667	0.411329453
AAMAVD	500	100	mix	2	0.997285	0.000985386	0.912602092	0.136864114	0.512	0.162231908	0.641298155	0.153213873	0.000276382	0.000453838	0.999723618	0.000453838	0.087397908	0.136864114
AAMAVD	500	100	mix	5	0.999595	0.001050962	0.950125507	0.114673259	0.996	0.019694639	0.968145452	0.07401612	0.000386935	0.001054212	0.999613065	0.001054212	0.049874493	0.114673259
AAMAVD	500	100	mix	10	0.999765	0.000871707	0.970616693	0.095002551	1	0	0.982177937	0.061123152	0.000236181	0.000876088	0.999763819	0.000876088	0.029383307	0.095002551
AAMAVD	500	200	mix	1	0.989215	0.000829552	0.045880952	0.145006619	0.0075	0.020566473	0.01230599	0.033568221	0.000868687	0.000885255	0.999131313	0.000885255	0.664119048	0.449585328
AAMAVD	500	200	mix	2	0.993315	0.001317434	0.874648712	0.13205952	0.394	0.117696751	0.53253838	0.119239767	0.000631313	0.000722766	0.999368687	0.000722766	0.125351288	0.13205952
AAMAVD	500	200	mix	5	0.999415	0.001178629	0.95659725	0.077487523	0.996	0.013632996	0.974033803	0.046610495	0.000550505	0.001186285	0.999449495	0.001186285	0.04340275	0.077487523
AAMAVD	500	200	mix	10	0.99972	0.000798736	0.977010254	0.055809525	1	0	0.987461482	0.032630311	0.000282828	0.000806804	0.999717172	0.000806804	0.022989746	0.055809525
AAMAVD	500	300	mix	1	0.983115	0.001514	0.08847914	0.158952953	0.015	0.022410816	0.024622671	0.036318893	0.002142132	0.00158987	0.997857868	0.00158987	0.80152086	0.323253614
AAMAVD	500	300	mix	2	0.98882	0.001530036	0.807228876	0.128945441	0.344	0.084071478	0.475499507	0.090479073	0.001360406	0.00104025	0.998639594	0.00104025	0.192771124	0.128945441
AAMAVD	500	300	mix	5	0.999085	0.001392721	0.95357628	0.064535768	0.993	0.01727509	0.971696711	0.039025517	0.000822335	0.001343563	0.999177665	0.001343563	0.04642372	0.064535768
AAMAVD	500	300	mix	10	0.99956	0.001164023	0.975932183	0.055514832	0.999666667	0.003333333	0.986755512	0.032188838	0.000441624	0.001182575	0.999558376	0.001182575	0.024067817	0.055514832
AAMAVD	500	400	mix	1	0.978085	0.00166675	0.119003279	0.177076576	0.0175	0.025251263	0.028992199	0.040052639	0.002311224	0.001838073	0.997688776	0.001838073	0.820996721	0.271847698
AAMAVD	500	400	mix	2	0.984985	0.002096721	0.814218906	0.142348127	0.343	0.075468235	0.47415598	0.081298046	0.001913265	0.00186212	0.998086735	0.00186212	0.185781094	0.142348127
AAMAVD	500	400	mix	5	0.998679104	0.002152696	0.954740282	0.064520892	0.987686567	0.021921491	0.969507237	0.040293905	0.001096558	0.002152285	0.998903442	0.002152285	0.045259718	0.064520892
AAMAVD	500	400	mix	10	0.999585	0.000647665	0.981019101	0.028959233	0.9995	0.003517632	0.989958664	0.015469937	0.000413265	0.000647376	0.999586735	0.000647376	0.018980899	0.028959233
AAMAVD	500	500	mix	1	0.97258	0.002161088	0.109640492	0.18070882	0.0122	0.015800524	0.020860057	0.026267503	0.002794872	0.002308843	0.997205128	0.002308843	0.790359508	0.318457492
AAMAVD	500	500	mix	2	0.98218	0.002195634	0.8439906	0.112171789	0.3614	0.076025248	0.499717864	0.079027475	0.001902564	0.0016156	0.998097436	0.0016156	0.1560094	0.112171789
AAMAVD	500	500	mix	5	0.99883	0.001531191	0.963700799	0.048229133	0.9936	0.011327984	0.977737134	0.027024045	0.001035897	0.001546178	0.998964103	0.001546178	0.036299201	0.048229133
AAMAVD	500	500	mix	10	0.999505	0.000600904	0.981290616	0.022279597	0.9998	0.002	0.990329551	0.011585117	0.000502564	0.000614088	0.999497436	0.000614088	0.018709384	0.022279597
AAMAVD	500	800	mix	1	0.935265	0.009595994	0.092355257	0.040307437	0.07225	0.039869579	0.07813539	0.037497619	0.028776042	0.011033001	0.971223958	0.011033001	0.907644743	0.040307437
AAMAVD	500	800	mix	2	0.959155	0.007914855	0.52337758	0.122319284	0.44975	0.08759879	0.468213632	0.05365158	0.019619792	0.010270987	0.980380208	0.010270987	0.47662242	0.122319284
AAMAVD	500	800	mix	5	0.988454545	0.005657541	0.795021442	0.091347573	0.981331169	0.022727593	0.875204228	0.054264743	0.011248647	0.006069358	0.988751353	0.006069358	0.204978558	0.091347573
AAMAVD	500	800	mix	10	0.99342	0.004406561	0.86660321	0.077232929	0.999	0.004591934	0.926221227	0.045341302	0.0068125	0.004605043	0.9931875	0.004605043	0.13339679	0.077232929
AAMAVD	500	1000	mix	1	0.92501	0.013487551	0.100933949	0.049524986	0.0655	0.047934615	0.07361923	0.044389	0.029752632	0.016075985	0.970247368	0.016075985	0.899066051	0.049524986
AAMAVD	500	1000	mix	2	0.94894	0.009985666	0.529859839	0.136177356	0.4388	0.080594759	0.462749429	0.049044064	0.024210526	0.013006358	0.975789474	0.013006358	0.470140161	0.136177356
AAMAVD	500	1000	mix	5	0.985215	0.008669654	0.793901165	0.101378172	0.9817	0.020891978	0.873928059	0.062780433	0.0146	0.009315419	0.9854	0.009315419	0.206098835	0.101378172
AAMAVD	500	1000	mix	10	0.99222	0.0060546	0.875272815	0.083571737	0.9981	0.005448566	0.930442056	0.049228482	0.008089474	0.006404942	0.991910526	0.006404942	0.124727185	0.083571737
AAMAVD	500	2000	mix	1	0.802695	0.037149636	0.098479218	0.023035272	0.12065	0.052327905	0.103938304	0.032205109	0.121522222	0.046302196	0.878477778	0.046302196	0.901520782	0.023035272
AAMAVD	500	2000	mix	2	0.867365	0.026510038	0.401934214	0.087869163	0.50865	0.080072111	0.436295106	0.035539182	0.092777778	0.036269058	0.907222222	0.036269058	0.598065786	0.087869163
AAMAVD	500	2000	mix	5	0.944985	0.02103922	0.664638364	0.100386984	0.975	0.016096301	0.785805358	0.066790184	0.05835	0.024139829	0.94165	0.024139829	0.335361636	0.100386984
AAMAVD	500	2000	mix	10	0.968965	0.016138331	0.776660317	0.092954001	0.9948	0.007484664	0.869168796	0.058992252	0.033905556	0.018017197	0.966094444	0.018017197	0.223339683	0.092954001
