name	Sample	OTU	type	effect	mean_Accuracy	sd_Accuracy	mean_Precision	sd_Precision	mean_TPR	sd_TPR	mean_F1_score	sd_F1_score	mean_FPR	sd_FPR	mean_Specificity	sd_Specificity	mean_FDR	sd_FDR
ALDEx2_wi	200	100	mix	1	0.989	0.000109614	0	0	0	0	0	0	1.11E-05	0.000110832	0.999988889	0.000110832	0.01	0.099748427
Corncob	200	100	mix	1	0.988928571	0.000396253	0	0	0	0	0	0	8.33E-05	0.000400656	0.999916667	0.000400656	0.05	0.218491861
DACOMP	200	100	mix	1	0.989010989	0	0	0	0	0	0	0	0	0	1	0	0	0
DESeq2	200	100	mix	1	0.986648352	0.003215164	0.040368548	0.118247109	0.019	0.047436813	0.023282913	0.056427073	0.0026	0.003455674	0.9974	0.003455674	0.599631452	0.465111552
fastANCOM	200	100	mix	1	0.989005495	7.77E-05	0	0	0	0	0	0	5.56E-06	7.86E-05	0.999994444	7.86E-05	0.005	0.070710678
LEfSe	200	100	mix	1	0.988971942	0.000301471	0.010152284	0.100501179	0.001015228	0.010050118	0.00184587	0.018272942	5.08E-05	0.000281593	0.999949239	0.000281593	0.035532995	0.185594316
limma_voom	200	100	mix	1	0.988917582	0.000601162	0.015625	0.122100479	0.002	0.014035132	0.003282828	0.023442846	0.000116667	0.000653295	0.999883333	0.000653295	0.059375	0.235755461
LinDA	200	100	mix	1	0.988763736	0.001319406	0.014967949	0.108186625	0.003	0.01710153	0.004310074	0.025526877	0.000283333	0.001430819	0.999716667	0.001430819	0.075032051	0.258142101
MaAsLin2	200	100	mix	1	0.988967033	0.000327547	0.01	0.099748427	0.001	0.009974843	0.001818182	0.018136078	5.56E-05	0.000310096	0.999944444	0.000310096	0.04	0.196450922
Wilcox	200	100	mix	1	0.988961538	0.000297601	0.005	0.070710678	5.00E-04	0.007071068	0.000909091	0.012856487	5.56E-05	0.0002894	0.999944444	0.0002894	0.04	0.196450922
ZicoSeq	200	100	mix	1	0.989010989	0	0	0	0	0	0	0	0	0	1	0	0	0
ALDEx2_wi	200	100	mix	10	0.97043956	0.006894835	0.09123252	0.067846066	0.195	0.151955429	0.12097238	0.088190547	0.020944444	0.00737932	0.979055556	0.00737932	0.90876748	0.067846066
Corncob	200	100	mix	10	0.963763736	0.012301852	0.090369979	0.059308006	0.261	0.197672385	0.127841815	0.080344239	0.028427778	0.013730488	0.971572222	0.013730488	0.909630021	0.059308006
DACOMP	200	100	mix	10	0.980038462	0.002278537	0.086959975	0.088809657	0.086	0.089689582	0.086024184	0.088144742	0.010027778	0.001690918	0.989972222	0.001690918	0.913040025	0.088809657
DESeq2	200	100	mix	10	0.96182967	0.010269372	0.09164379	0.052887369	0.2915	0.191470769	0.136378708	0.079012072	0.030722222	0.011362729	0.969277778	0.011362729	0.90835621	0.052887369
fastANCOM	200	100	mix	10	0.978923077	0.003920976	0.088393414	0.090977666	0.1005	0.105857352	0.092384595	0.094439527	0.011316667	0.003897179	0.988683333	0.003897179	0.911606586	0.090977666
LEfSe	200	100	mix	10	0.957587912	0.013713371	0.090209319	0.048474445	0.3255	0.213135836	0.135887484	0.070949906	0.035388889	0.015427305	0.964611111	0.015427305	0.909790681	0.048474445
limma_voom	200	100	mix	10	0.974357143	0.006434364	0.091412464	0.076558101	0.1515	0.133366725	0.110441272	0.090547662	0.0165	0.006824622	0.9835	0.006824622	0.908587536	0.076558101
LinDA	200	100	mix	10	0.972846154	0.007374196	0.086623665	0.073799714	0.157	0.144065172	0.107334472	0.089234914	0.018088889	0.007942469	0.981911111	0.007942469	0.913376335	0.073799714
MaAsLin2	200	100	mix	10	0.959274725	0.015446669	0.090795286	0.051746621	0.3085	0.221637918	0.132998517	0.073646932	0.033494444	0.017354465	0.966505556	0.017354465	0.909204714	0.051746621
Wilcox	200	100	mix	10	0.958862637	0.014173591	0.09094536	0.050146853	0.318	0.219125718	0.134786295	0.072058959	0.034016667	0.016026483	0.965983333	0.016026483	0.90905464	0.050146853
ZicoSeq	200	100	mix	10	0.988835165	0.001767604	0.001291667	0.01513243	0.003	0.036020653	0.001803922	0.02130171	0.000211111	0.0021058	0.999788889	0.0021058	0.008708333	0.087226071
ALDEx2_wi	200	100	mix	2	0.985653846	0.002040888	0.095845599	0.150424639	0.0425	0.063750062	0.057076826	0.084365795	0.003866667	0.002017235	0.996133333	0.002017235	0.884154401	0.196145291
Corncob	200	100	mix	2	0.985917582	0.002265985	0.095253968	0.15789454	0.0405	0.061878061	0.054625083	0.082595324	0.003577778	0.002312944	0.996422222	0.002312944	0.854746032	0.251189403
DACOMP	200	100	mix	2	0.984104396	0.005010885	0.102297323	0.13854281	0.0595	0.081504385	0.069427037	0.086436542	0.005622222	0.005397115	0.994377778	0.005397115	0.857702677	0.222625615
DESeq2	200	100	mix	2	0.97889011	0.004241872	0.101914658	0.086410069	0.124	0.110839646	0.108831186	0.09188746	0.011611111	0.004456642	0.988388889	0.004456642	0.898085342	0.086410069
fastANCOM	200	100	mix	2	0.986648352	0.001754891	0.085968254	0.172182207	0.0305	0.05509015	0.042797167	0.076082738	0.002727778	0.001829637	0.997272222	0.001829637	0.814031746	0.320653899
LEfSe	200	100	mix	2	0.984675824	0.002632935	0.103487188	0.134795065	0.057	0.073334095	0.070207162	0.086517319	0.005016667	0.002735247	0.994983333	0.002735247	0.891512812	0.148760335
limma_voom	200	100	mix	2	0.984895604	0.002588306	0.097972222	0.141829421	0.051	0.070168498	0.064641761	0.087188439	0.004727778	0.002605185	0.995272222	0.002605185	0.892027778	0.167618741
LinDA	200	100	mix	2	0.983950549	0.003094264	0.101635462	0.128787439	0.0595	0.072359724	0.072238624	0.08654723	0.005777778	0.003088937	0.994222222	0.003088937	0.893364538	0.143404123
MaAsLin2	200	100	mix	2	0.984950549	0.00237355	0.095865079	0.135299921	0.05	0.070175659	0.063507232	0.086341292	0.004661111	0.002370009	0.995338889	0.002370009	0.894134921	0.162261767
Wilcox	200	100	mix	2	0.984895604	0.002671375	0.103762663	0.146815426	0.0525	0.072940741	0.066495449	0.088953849	0.004744444	0.002693495	0.995255556	0.002693495	0.891237337	0.159724539
ZicoSeq	200	100	mix	2	0.989010989	0	0	0	0	0	0	0	0	0	1	0	0	0
ALDEx2_wi	200	100	mix	5	0.978785714	0.004784545	0.097089476	0.098171543	0.112	0.107768596	0.100149852	0.09464021	0.011583333	0.004913089	0.988416667	0.004913089	0.902910524	0.098171543
Corncob	200	100	mix	5	0.976071429	0.007796473	0.101871538	0.091099988	0.1415	0.121662479	0.111183872	0.090798475	0.014655556	0.00830015	0.985344444	0.00830015	0.898128462	0.091099988
DACOMP	200	100	mix	5	0.98089011	0.002315555	0.09505612	0.095969459	0.0865	0.086050996	0.089980213	0.089502608	0.009172222	0.001799551	0.990827778	0.001799551	0.90494388	0.095969459
DESeq2	200	100	mix	5	0.969565934	0.007115042	0.092942944	0.058585227	0.2055	0.141491517	0.125015459	0.078436137	0.021944444	0.007634681	0.978055556	0.007634681	0.907057056	0.058585227
fastANCOM	200	100	mix	5	0.981126374	0.002282953	0.094847312	0.097267407	0.083	0.081512092	0.087960693	0.087329166	0.008894444	0.001777001	0.991105556	0.001777001	0.905152688	0.097267407
LEfSe	200	100	mix	5	0.972016484	0.009952118	0.100099064	0.076738477	0.188	0.14922244	0.122345171	0.085761421	0.019272222	0.010901767	0.980727778	0.010901767	0.899900936	0.076738477
limma_voom	200	100	mix	5	0.978412088	0.003771307	0.092556164	0.082554538	0.109	0.098322615	0.0984359	0.086382748	0.011927778	0.003654672	0.988072222	0.003654672	0.907443836	0.082554538
LinDA	200	100	mix	5	0.978208791	0.003958482	0.095446739	0.082284885	0.115	0.101124333	0.102273312	0.086212372	0.0122	0.003919217	0.9878	0.003919217	0.904553261	0.082284885
MaAsLin2	200	100	mix	5	0.973802198	0.009112149	0.097963288	0.076000614	0.162	0.132072768	0.115128844	0.084404521	0.017177778	0.009862156	0.982822222	0.009862156	0.902036712	0.076000614
Wilcox	200	100	mix	5	0.974230769	0.009365233	0.099580722	0.082998179	0.165	0.142395161	0.115794543	0.087896038	0.016777778	0.01030101	0.983222222	0.01030101	0.900419278	0.082998179
ZicoSeq	200	100	mix	5	0.988917582	0.001320969	0.00047619	0.00673435	0.001	0.014142136	0.000645161	0.009123958	0.000105556	0.001492781	0.999894444	0.001492781	0.00452381	0.063976328
ALDEx2_wi	200	1000	mix	1	0.9	0	0	0	0	0	0	0	0	0	1	0	0	0
Corncob	200	1000	mix	1	0.89999	9.97E-05	0	0	0	0	0	0	1.11E-05	0.000110832	0.999988889	0.000110832	0.01	0.099748427
DACOMP	200	1000	mix	1	0.9	0	0	0	0	0	0	0	0	0	1	0	0	0
DESeq2	200	1000	mix	1	0.898775	0.001481672	0.023666667	0.133525406	0.00045	0.002307406	0.000874059	0.004466148	0.001411111	0.001643558	0.998588889	0.001643558	0.596333333	0.486349567
fastANCOM	200	1000	mix	1	0.899995	7.07E-05	0	0	0	0	0	0	5.56E-06	7.86E-05	0.999994444	7.86E-05	0.005	0.070710678
LEfSe	200	1000	mix	1	0.899968421	0.000270318	0	0	0	0	0	0	3.51E-05	0.000300353	0.999964912	0.000300353	0.015789474	0.124989557
limma_voom	200	1000	mix	1	0.87259	0.073057229	0.058433449	0.110421013	0.0329	0.089339227	0.025310068	0.043457186	0.034111111	0.090944612	0.965888889	0.090944612	0.546566551	0.453843897
LinDA	200	1000	mix	1	0.899985	0.000212132	0.0025	0.035355339	5.00E-05	0.000707107	9.80E-05	0.001386484	2.22E-05	0.000248077	0.999977778	0.000248077	0.0075	0.078897873
MaAsLin2	200	1000	mix	1	0.899995	7.07E-05	0	0	0	0	0	0	5.56E-06	7.86E-05	0.999994444	7.86E-05	0.005	0.070710678
Wilcox	200	1000	mix	1	0.89998	0.000223269	0	0	0	0	0	0	2.22E-05	0.000248077	0.999977778	0.000248077	0.01	0.099748427
ZicoSeq	200	1000	mix	1	0.9	0	0	0	0	0	0	0	0	0	1	0	0	0
ALDEx2_wi	200	1000	mix	10	0.874775	0.012567581	0.102264749	0.058876537	0.0331	0.023433644	0.048047383	0.030441733	0.031705556	0.015428563	0.968294444	0.015428563	0.897735251	0.058876537
Corncob	200	1000	mix	10	0.863135	0.017261418	0.10244922	0.048479326	0.0479	0.0297154	0.062673697	0.033020526	0.046283333	0.021188579	0.953716667	0.021188579	0.89755078	0.048479326
DACOMP	200	1000	mix	10	0.86608	0.012004756	0.104769026	0.048188978	0.0454	0.024777198	0.061941776	0.030432726	0.042733333	0.014595839	0.957266667	0.014595839	0.895230974	0.048188978
DESeq2	200	1000	mix	10	0.85412	0.014855268	0.103102546	0.038091552	0.05945	0.02710852	0.073802754	0.028909968	0.057583333	0.018058379	0.942416667	0.018058379	0.896897454	0.038091552
fastANCOM	200	1000	mix	10	0.803	0.080916422	0.103749507	0.038543448	0.1257	0.108458871	0.097643669	0.045419711	0.121744444	0.101272964	0.878255556	0.101272964	0.896250493	0.038543448
LEfSe	200	1000	mix	10	0.8433	0.023663682	0.105048477	0.035943576	0.07515	0.039071864	0.084199578	0.033539733	0.07135	0.02928536	0.92865	0.02928536	0.894951523	0.035943576
limma_voom	200	1000	mix	10	0.461525	0.189397403	0.100101343	0.011789467	0.5414	0.232940651	0.160379205	0.026035391	0.54735	0.235772518	0.45265	0.235772518	0.899898657	0.011789467
LinDA	200	1000	mix	10	0.83708	0.028356375	0.103265233	0.034159097	0.08195	0.043729381	0.087330914	0.033474971	0.079016667	0.035300625	0.920983333	0.035300625	0.896734767	0.034159097
MaAsLin2	200	1000	mix	10	0.83745	0.02826201	0.102883409	0.034037979	0.08155	0.044756151	0.086919977	0.034368385	0.078561111	0.035281748	0.921438889	0.035281748	0.897116591	0.034037979
Wilcox	200	1000	mix	10	0.84853	0.023293606	0.106113056	0.040443559	0.06865	0.03704781	0.079837336	0.033873439	0.064816667	0.028673396	0.935183333	0.028673396	0.893886944	0.040443559
ZicoSeq	200	1000	mix	10	0.89981	0.002687006	0.000340909	0.004821183	0.00015	0.00212132	0.000208333	0.002946278	0.000227778	0.003221264	0.999772222	0.003221264	0.004659091	0.065889496
ALDEx2_wi	200	1000	mix	2	0.896175	0.002118209	0.097130342	0.150117319	0.00465	0.006564523	0.008798767	0.012354112	0.004766667	0.002254346	0.995233333	0.002254346	0.897869658	0.1629694
Corncob	200	1000	mix	2	0.896505	0.002279464	0.093087302	0.14849442	0.00405	0.005679683	0.007696104	0.010767362	0.004333333	0.002493244	0.995666667	0.002493244	0.886912698	0.194953538
DACOMP	200	1000	mix	2	0.894425	0.004430862	0.078152284	0.098846134	0.00725	0.009716458	0.013126916	0.017386287	0.007	0.005219899	0.993	0.005219899	0.696847716	0.386880551
DESeq2	200	1000	mix	2	0.887745	0.00434099	0.0988436	0.079204366	0.0148	0.011944596	0.025503305	0.020346778	0.015261111	0.004652417	0.984738889	0.004652417	0.9011564	0.079204366
fastANCOM	200	1000	mix	2	0.895235	0.003692962	0.096927263	0.149610061	0.00565	0.008540621	0.010391536	0.014639095	0.005922222	0.004402524	0.994077778	0.004402524	0.893072737	0.174311883
LEfSe	200	1000	mix	2	0.89443	0.004599006	0.09997411	0.142714516	0.00645	0.00801365	0.011905007	0.014669443	0.006905556	0.005146742	0.993094444	0.005146742	0.90002589	0.142714516
limma_voom	200	1000	mix	2	0.842435	0.084992851	0.101199305	0.075424136	0.0709	0.102947467	0.058106647	0.050643761	0.071838889	0.105493243	0.928161111	0.105493243	0.898800695	0.075424136
LinDA	200	1000	mix	2	0.894905	0.002998488	0.095715104	0.13917183	0.0057	0.007195057	0.010626509	0.013333685	0.006294444	0.003282277	0.993705556	0.003282277	0.899284896	0.152992932
MaAsLin2	200	1000	mix	2	0.89498	0.003009132	0.093236097	0.139236901	0.0055	0.007071068	0.010267601	0.013157	0.006188889	0.003288381	0.993811111	0.003288381	0.906763903	0.139236901
Wilcox	200	1000	mix	2	0.895365	0.002532557	0.093701701	0.140168518	0.0053	0.007011118	0.009924276	0.013068255	0.005738889	0.00276637	0.994261111	0.00276637	0.901298299	0.153965866
ZicoSeq	200	1000	mix	2	0.9	0	0	0	0	0	0	0	0	0	1	0	0	0
ALDEx2_wi	200	1000	mix	5	0.88737	0.006372294	0.096958626	0.081752792	0.01575	0.014782765	0.026425633	0.023688018	0.015783333	0.007600923	0.984216667	0.007600923	0.903041374	0.081752792
Corncob	200	1000	mix	5	0.883105	0.008035347	0.096183692	0.069857789	0.02065	0.01619844	0.033153044	0.024719231	0.021066667	0.009604655	0.978933333	0.009604655	0.903816308	0.069857789
DACOMP	200	1000	mix	5	0.87835	0.007553328	0.100567885	0.059275699	0.02675	0.016743333	0.04167442	0.025078713	0.027027778	0.008544369	0.972972222	0.008544369	0.899432115	0.059275699
DESeq2	200	1000	mix	5	0.869265	0.00901728	0.093000477	0.049861951	0.035	0.019491011	0.050156324	0.026848128	0.038038889	0.010430273	0.961961111	0.010430273	0.906999523	0.049861951
fastANCOM	200	1000	mix	5	0.862785	0.039415309	0.094771591	0.052976416	0.04565	0.055777533	0.053026467	0.038134973	0.046422222	0.049487122	0.953577778	0.049487122	0.905228409	0.052976416
LEfSe	200	1000	mix	5	0.87488	0.011841737	0.100226477	0.063114501	0.0314	0.021665339	0.046131259	0.029144958	0.0314	0.014330496	0.9686	0.014330496	0.899773523	0.063114501
limma_voom	200	1000	mix	5	0.68782	0.165008657	0.097990234	0.022568434	0.259	0.205602436	0.122845361	0.043505716	0.264533333	0.205718615	0.735466667	0.205718615	0.902009766	0.022568434
LinDA	200	1000	mix	5	0.87108	0.01144151	0.096327497	0.054509453	0.0349	0.022572942	0.049945095	0.029551946	0.036011111	0.013768801	0.963988889	0.013768801	0.903672503	0.054509453
MaAsLin2	200	1000	mix	5	0.87141	0.010836005	0.095613606	0.053378888	0.03425	0.021488281	0.049344744	0.028846486	0.035572222	0.012944487	0.964427778	0.012944487	0.904386394	0.053378888
Wilcox	200	1000	mix	5	0.8777	0.0103049	0.098000018	0.065144049	0.027	0.019465212	0.041044587	0.027574652	0.027777778	0.012307454	0.972222222	0.012307454	0.901999982	0.065144049
ZicoSeq	200	1000	mix	5	0.899795	0.002899138	0.000319149	0.004513448	0.00015	0.00212132	0.000204082	0.00288615	0.000244444	0.003456966	0.999755556	0.003456966	0.004680851	0.066197231
ALDEx2_wi	200	200	mix	1	0.97826087	0	0	0	0	0	0	0	0	0	1	0	0	0
Corncob	200	200	mix	1	0.978222826	0.000252692	0	0	0	0	0	0	3.89E-05	0.000258307	0.999961111	0.000258307	0.025	0.156516732
DACOMP	200	200	mix	1	0.97826087	0	0	0	0	0	0	0	0	0	1	0	0	0
DESeq2	200	200	mix	1	0.976798913	0.002125855	0.048558081	0.1445511	0.009	0.024433275	0.014272086	0.037609245	0.001694444	0.002360146	0.998305556	0.002360146	0.511441919	0.474960389
fastANCOM	200	200	mix	1	0.978255435	7.69E-05	0	0	0	0	0	0	5.56E-06	7.86E-05	0.999994444	7.86E-05	0.005	0.070710678
LEfSe	200	200	mix	1	0.978222442	0.000276552	0.005050505	0.071066905	0.000252525	0.003553345	0.000481	0.006768277	4.49E-05	0.000270511	0.999955107	0.000270511	0.03030303	0.171854351
limma_voom	200	200	mix	1	0.977733696	0.001973434	0.015204545	0.107197067	0.00225	0.013540837	0.003231481	0.017893584	0.000588889	0.002191043	0.999411111	0.002191043	0.169795455	0.37163951
LinDA	200	200	mix	1	0.978190217	0.000500277	0	0	0	0	0	0	7.22E-05	0.000511394	0.999927778	0.000511394	0.04	0.196450922
MaAsLin2	200	200	mix	1	0.978233696	0.000170127	0	0	0	0	0	0	2.78E-05	0.000173907	0.999972222	0.000173907	0.025	0.156516732
Wilcox	200	200	mix	1	0.978233696	0.000170127	0	0	0	0	0	0	2.78E-05	0.000173907	0.999972222	0.000173907	0.025	0.156516732
ZicoSeq	200	200	mix	1	0.97826087	0	0	0	0	0	0	0	0	0	1	0	0	0
ALDEx2_wi	200	200	mix	10	0.958755435	0.009174854	0.100387439	0.068066002	0.11475	0.080793412	0.102931112	0.068070273	0.022488889	0.010028955	0.977511111	0.010028955	0.899612561	0.068066002
Corncob	200	200	mix	10	0.948505435	0.01478378	0.100414952	0.051466004	0.171	0.110089046	0.120313262	0.061335719	0.034216667	0.016536922	0.965783333	0.016536922	0.899585048	0.051466004
DACOMP	200	200	mix	10	0.963722826	0.00318523	0.108101832	0.070721149	0.0925	0.060928742	0.099235147	0.06474002	0.016916667	0.002589517	0.983083333	0.002589517	0.891898168	0.070721149
DESeq2	200	200	mix	10	0.943326087	0.012233635	0.102553495	0.044905821	0.20525	0.104472533	0.133736516	0.057881605	0.040272222	0.013406878	0.959727778	0.013406878	0.897446505	0.044905821
fastANCOM	200	200	mix	10	0.956146739	0.010637459	0.100430931	0.057725275	0.12475	0.080979788	0.106991315	0.059773492	0.025377778	0.011641948	0.974622222	0.011641948	0.899569069	0.057725275
LEfSe	200	200	mix	10	0.941222826	0.017625262	0.10198392	0.043981254	0.215	0.120509805	0.132170661	0.055690111	0.042638889	0.019758589	0.957361111	0.019758589	0.89801608	0.043981254
limma_voom	200	200	mix	10	0.942059783	0.019885526	0.096669482	0.044555927	0.19625	0.12450278	0.123389567	0.055854332	0.041366667	0.022239443	0.958633333	0.022239443	0.903330518	0.044555927
LinDA	200	200	mix	10	0.947347826	0.013073322	0.098791881	0.042470575	0.17275	0.094549647	0.121541138	0.052213768	0.035438889	0.014495849	0.964561111	0.014495849	0.901208119	0.042470575
MaAsLin2	200	200	mix	10	0.938494565	0.021078637	0.102052002	0.04169971	0.23025	0.138358785	0.13403306	0.053384115	0.045766667	0.023837287	0.954233333	0.023837287	0.897947998	0.04169971
Wilcox	200	200	mix	10	0.943293478	0.018098637	0.101949024	0.048081947	0.20225	0.121785038	0.128226039	0.058375388	0.040238889	0.020272625	0.959761111	0.020272625	0.898050976	0.048081947
ZicoSeq	200	200	mix	10	0.97811413	0.002075205	0.000322581	0.004561979	5.00E-04	0.007071068	0.000392157	0.005545936	0.000161111	0.002278455	0.999838889	0.002278455	0.004677419	0.066148699
ALDEx2_wi	200	200	mix	2	0.975358696	0.002006647	0.111556277	0.19583351	0.02075	0.033728706	0.033957905	0.054280464	0.003427778	0.001909217	0.996572222	0.001909217	0.853443723	0.253864741
Corncob	200	200	mix	2	0.975516304	0.00214902	0.106791667	0.201704908	0.01925	0.03424619	0.031441815	0.054514622	0.003233333	0.00209339	0.996766667	0.00209339	0.843208333	0.278730573
DACOMP	200	200	mix	2	0.973918478	0.006497568	0.091130186	0.133657747	0.03075	0.046397209	0.042370633	0.059555275	0.005122222	0.007115707	0.994877778	0.007115707	0.618869814	0.414340383
DESeq2	200	200	mix	2	0.967565217	0.004670971	0.111387055	0.102007624	0.06925	0.062340752	0.082871783	0.072087844	0.012472222	0.004702763	0.987527778	0.004702763	0.888612945	0.102007624
fastANCOM	200	200	mix	2	0.975619565	0.00200783	0.098287698	0.174441562	0.018	0.030915674	0.029519628	0.049736379	0.0031	0.002009933	0.9969	0.002009933	0.831712302	0.286404556
LEfSe	200	200	mix	2	0.974353261	0.002767664	0.120736527	0.185871951	0.028	0.039987435	0.043749327	0.061170822	0.004616667	0.002680537	0.995383333	0.002680537	0.864263473	0.213909633
limma_voom	200	200	mix	2	0.972695652	0.004028237	0.115562269	0.167792461	0.037	0.048660448	0.051306716	0.061858208	0.006511111	0.004452868	0.993488889	0.004452868	0.869437731	0.198794534
LinDA	200	200	mix	2	0.97373913	0.003280728	0.117577307	0.168205751	0.03175	0.042289235	0.047879464	0.06209089	0.005327778	0.003312418	0.994672222	0.003312418	0.867422693	0.198990896
MaAsLin2	200	200	mix	2	0.974641304	0.002422214	0.124350469	0.181722943	0.0285	0.03931256	0.044726133	0.060404003	0.004333333	0.002365561	0.995666667	0.002365561	0.860649531	0.210055263
Wilcox	200	200	mix	2	0.974608696	0.002550978	0.122046356	0.195938259	0.02675	0.039109915	0.042014474	0.059485316	0.004327778	0.002511584	0.995672222	0.002511584	0.857953644	0.230616364
ZicoSeq	200	200	mix	2	0.97826087	0	0	0	0	0	0	0	0	0	1	0	0	0
ALDEx2_wi	200	200	mix	5	0.968733696	0.006143903	0.092912016	0.105558218	0.05425	0.063161574	0.064701769	0.071696866	0.010944444	0.006695221	0.989055556	0.006695221	0.902087984	0.123323754
Corncob	200	200	mix	5	0.964961957	0.008105505	0.095107884	0.092909487	0.07275	0.071205961	0.077369041	0.070223734	0.015211111	0.008912859	0.984788889	0.008912859	0.904892116	0.092909487
DACOMP	200	200	mix	5	0.966206522	0.003330567	0.090987204	0.081713731	0.06275	0.05780697	0.073505522	0.066118853	0.013716667	0.003012882	0.986283333	0.003012882	0.909012796	0.081713731
DESeq2	200	200	mix	5	0.953396739	0.008537825	0.09681448	0.055923664	0.136	0.081468926	0.110773777	0.062349745	0.028438889	0.009114323	0.971561111	0.009114323	0.90318552	0.055923664
fastANCOM	200	200	mix	5	0.965798913	0.005195037	0.090599424	0.084716423	0.06525	0.064620559	0.07361374	0.068804512	0.014188889	0.005455503	0.985811111	0.005455503	0.909400576	0.084716423
LEfSe	200	200	mix	5	0.960945652	0.009945128	0.098028875	0.078285445	0.09875	0.086011204	0.092957064	0.072511499	0.019894444	0.010946632	0.980105556	0.010946632	0.901971125	0.078285445
limma_voom	200	200	mix	5	0.957190217	0.010393598	0.09557956	0.06851069	0.11125	0.081511706	0.098870286	0.066807736	0.024011111	0.011231503	0.975988889	0.011231503	0.90442044	0.06851069
LinDA	200	200	mix	5	0.959809783	0.007493857	0.096366298	0.066963774	0.10075	0.072374914	0.095860043	0.064532484	0.0211	0.008007681	0.9789	0.008007681	0.903633702	0.066963774
MaAsLin2	200	200	mix	5	0.959016304	0.010116353	0.09457926	0.071096822	0.1045	0.084203331	0.095202419	0.069966732	0.021994444	0.011054741	0.978005556	0.011054741	0.90542074	0.071096822
Wilcox	200	200	mix	5	0.962326087	0.009541701	0.097625982	0.0840069	0.08675	0.074765546	0.086837546	0.070247467	0.018216667	0.010323809	0.981783333	0.010323809	0.902374018	0.0840069
ZicoSeq	200	200	mix	5	0.977983696	0.002778155	0.000683908	0.007673982	0.001	0.011163472	0.000812245	0.009095198	0.000305556	0.003052445	0.999694444	0.003052445	0.009316092	0.09299299
ALDEx2_wi	200	2000	mix	1	0.818177273	6.43E-05	0	0	0	0	0	0	5.56E-06	7.86E-05	0.999994444	7.86E-05	0.005	0.070710678
Corncob	200	2000	mix	1	0.818172727	0.000157591	0.005	0.070710678	2.50E-05	0.000353553	4.98E-05	0.000703589	1.67E-05	0.000175329	0.999983333	0.000175329	0.01	0.099748427
DACOMP	200	2000	mix	1	0.818181818	0	0	0	0	0	0	0	0	0	1	0	0	0
DESeq2	200	2000	mix	1	0.802659091	0.009079453	0.006145561	0.024240701	0.000575	0.002251605	0.00103499	0.004025024	0.0191	0.011129739	0.9809	0.011129739	0.993854439	0.024240701
fastANCOM	200	2000	mix	1	0.818177273	0.000170441	0.01	0.099748427	5.00E-05	0.000498742	9.95E-05	0.000992522	1.67E-05	0.000175329	0.999983333	0.000175329	0.01	0.099748427
LEfSe	200	2000	mix	1	0.818167234	0.000175753	0.005347594	0.073127242	2.67E-05	0.000365636	5.32E-05	0.000727634	2.38E-05	0.000198133	0.999976233	0.000198133	0.016042781	0.125977291
limma_voom	200	2000	mix	1	0.745368182	0.182488135	0.061754223	0.113466992	0.049025	0.121880881	0.029047763	0.049831627	0.099888889	0.249867339	0.900111111	0.249867339	0.548245777	0.451176119
LinDA	200	2000	mix	1	0.818177273	0.000111527	0.005	0.070710678	2.50E-05	0.000353553	4.98E-05	0.000703589	1.11E-05	0.000110832	0.999988889	0.000110832	0.01	0.099748427
MaAsLin2	200	2000	mix	1	0.818158977	0.000192461	0.005025126	0.070888121	2.51E-05	0.000354441	5.00E-05	0.000705354	3.35E-05	0.000220802	0.999966499	0.000220802	0.025125628	0.156901369
Wilcox	200	2000	mix	1	0.818177273	0.000111527	0.005	0.070710678	2.50E-05	0.000353553	4.98E-05	0.000703589	1.11E-05	0.000110832	0.999988889	0.000110832	0.01	0.099748427
ZicoSeq	200	2000	mix	1	0.818181818	0	0	0	0	0	0	0	0	0	1	0	0	0
ALDEx2_wi	200	2000	mix	10	0.787609091	0.013425137	0.101355322	0.048123837	0.0213	0.013111811	0.034279802	0.019441756	0.0421	0.018014818	0.9579	0.018014818	0.898644678	0.048123837
Corncob	200	2000	mix	10	0.772109091	0.018079373	0.102064261	0.037008383	0.0322	0.01593517	0.047739528	0.020952031	0.063466667	0.024153787	0.936533333	0.024153787	0.897935739	0.037008383
DACOMP	200	2000	mix	10	0.764918182	0.014472806	0.100188746	0.033561535	0.037025	0.016258724	0.053305222	0.020976582	0.073327778	0.019526467	0.926672222	0.019526467	0.899811254	0.033561535
DESeq2	200	2000	mix	10	0.745990909	0.01796402	0.077343099	0.026699324	0.036275	0.015195522	0.048778238	0.018539595	0.096294444	0.023292825	0.903705556	0.023292825	0.922656901	0.026699324
fastANCOM	200	2000	mix	10	0.572518182	0.217363524	0.10149448	0.02269272	0.170025	0.151232373	0.104423921	0.045586293	0.338038889	0.298697713	0.661961111	0.298697713	0.89850552	0.02269272
LEfSe	200	2000	mix	10	0.746895455	0.024528153	0.103517198	0.030851176	0.0511	0.02133226	0.066948645	0.024131309	0.098483333	0.032781431	0.901516667	0.032781431	0.896482802	0.030851176
limma_voom	200	2000	mix	10	-0.133772727	0.345788408	0.099603065	0.0077605	0.652	0.239045947	0.16611169	0.026366471	1.308388889	0.475097591	-0.308388889	0.475097591	0.900396935	0.0077605
LinDA	200	2000	mix	10	0.742859091	0.028855172	0.101438539	0.029392621	0.052675	0.023440706	0.067451835	0.024360309	0.103766667	0.038876171	0.896233333	0.038876171	0.898561461	0.029392621
MaAsLin2	200	2000	mix	10	0.744131818	0.027719322	0.10122687	0.029643023	0.051575	0.022194761	0.066648329	0.023777402	0.101966667	0.037119551	0.898033333	0.037119551	0.89877313	0.029643023
Wilcox	200	2000	mix	10	0.754581818	0.024343848	0.102824275	0.033401076	0.0449	0.020118743	0.06092631	0.023542128	0.087711111	0.032439082	0.912288889	0.032439082	0.897175725	0.033401076
ZicoSeq	200	2000	mix	10	0.817981818	0.002828427	0.000725806	0.010264453	0.000225	0.003181981	0.000343511	0.004857986	0.000294444	0.004164073	0.999705556	0.004164073	0.004274194	0.060446225
ALDEx2_wi	200	2000	mix	2	0.813781818	0.002308202	0.103363928	0.134845065	0.00315	0.004019738	0.006082114	0.00773452	0.006077778	0.002698558	0.993922222	0.002698558	0.896636072	0.134845065
Corncob	200	2000	mix	2	0.813836364	0.002666694	0.115748676	0.16264972	0.003375	0.004280888	0.006509215	0.008220663	0.006061111	0.003179588	0.993938889	0.003179588	0.879251324	0.174044903
DACOMP	200	2000	mix	2	0.812595455	0.005279982	0.063982253	0.092720226	0.00395	0.005706163	0.00740713	0.010664408	0.007705556	0.006922396	0.992294444	0.006922396	0.551017747	0.443900845
DESeq2	200	2000	mix	2	0.789940909	0.009598907	0.055487273	0.046047253	0.00915	0.007073022	0.015513898	0.011886952	0.03655	0.011745908	0.96345	0.011745908	0.944512727	0.046047253
fastANCOM	200	2000	mix	2	0.811872727	0.003377787	0.116387252	0.131130009	0.0048	0.004907179	0.009151495	0.009309177	0.008777778	0.003982093	0.991222222	0.003982093	0.883612748	0.131130009
LEfSe	200	2000	mix	2	0.812277273	0.002995071	0.118252446	0.130076879	0.004775	0.004918877	0.009117062	0.009340758	0.008277778	0.003541342	0.991722222	0.003541342	0.881747554	0.130076879
limma_voom	200	2000	mix	2	0.707940909	0.203719585	0.109052236	0.076817413	0.073	0.135286779	0.048193488	0.050026643	0.150961111	0.278826155	0.849038889	0.278826155	0.890947764	0.076817413
LinDA	200	2000	mix	2	0.812127273	0.00336769	0.112791458	0.132604872	0.00465	0.004924301	0.008863993	0.009353344	0.008433333	0.004068692	0.991566667	0.004068692	0.887208542	0.132604872
MaAsLin2	200	2000	mix	2	0.812099677	0.003162619	0.11499151	0.130805254	0.004822335	0.004958389	0.009187572	0.009401094	0.008505358	0.003826457	0.991494642	0.003826457	0.88500849	0.130805254
Wilcox	200	2000	mix	2	0.812754545	0.002904848	0.114796361	0.121021028	0.0044	0.004717124	0.008426805	0.008991576	0.007611111	0.003447244	0.992388889	0.003447244	0.885203639	0.121021028
ZicoSeq	200	2000	mix	2	0.818181818	0	0	0	0	0	0	0	0	0	1	0	0	0
ALDEx2_wi	200	2000	mix	5	0.803595455	0.007193087	0.105860081	0.076975412	0.010325	0.00809922	0.01849277	0.01392992	0.020122222	0.009302087	0.979877778	0.009302087	0.894139919	0.076975412
Corncob	200	2000	mix	5	0.797036364	0.009413306	0.101634084	0.05892687	0.0144	0.009398492	0.024783306	0.015322227	0.029044444	0.012209292	0.970955556	0.012209292	0.898365916	0.05892687
DACOMP	200	2000	mix	5	0.787377273	0.00894779	0.100355981	0.047574247	0.021225	0.010872693	0.034702881	0.017052004	0.042366667	0.01149386	0.957633333	0.01149386	0.899644019	0.047574247
DESeq2	200	2000	mix	5	0.768281818	0.013319694	0.074845998	0.032733527	0.02365	0.010676961	0.035561099	0.015350298	0.066244444	0.016711668	0.933755556	0.016711668	0.925154002	0.032733527
fastANCOM	200	2000	mix	5	0.751540909	0.107967114	0.103792774	0.047780724	0.0465	0.076017388	0.048030315	0.036632154	0.091783333	0.148496316	0.908216667	0.148496316	0.896207226	0.047780724
LEfSe	200	2000	mix	5	0.788218182	0.012575232	0.100190709	0.05028756	0.02045	0.01258329	0.033261028	0.019005916	0.041166667	0.016550966	0.958833333	0.016550966	0.899809291	0.05028756
limma_voom	200	2000	mix	5	0.409168182	0.397499021	0.101576436	0.025882627	0.280425	0.271305599	0.114626971	0.053192745	0.562222222	0.545770522	0.437777778	0.545770522	0.898423564	0.025882627
LinDA	200	2000	mix	5	0.785336364	0.011746916	0.101255258	0.046359084	0.0226	0.01198785	0.036385659	0.01798728	0.045166667	0.015291591	0.954833333	0.015291591	0.898744742	0.046359084
MaAsLin2	200	2000	mix	5	0.785385325	0.011894973	0.103097983	0.047545292	0.022969543	0.012276121	0.03697425	0.018370528	0.045188945	0.01544167	0.954811055	0.01544167	0.896902017	0.047545292
Wilcox	200	2000	mix	5	0.792131818	0.011276218	0.101142829	0.052037857	0.01765	0.010584786	0.029460259	0.016389477	0.035761111	0.014751105	0.964238889	0.014751105	0.898857171	0.052037857
ZicoSeq	200	2000	mix	5	0.818181818	0	0	0	0	0	0	0	0	0	1	0	0	0
ALDEx2_wi	200	300	mix	1	0.967736559	7.60E-05	0.001666667	0.023570226	0.000166667	0.002357023	0.00030303	0.004285496	1.11E-05	0.000157135	0.999988889	0.000157135	0.003333333	0.047140452
Corncob	200	300	mix	1	0.96772043	0.00018546	0.001666667	0.023570226	0.000166667	0.002357023	0.00030303	0.004285496	2.78E-05	0.000234647	0.999972222	0.000234647	0.013333333	0.110022585
DACOMP	200	300	mix	1	0.967741935	0	0	0	0	0	0	0	0	0	1	0	0	0
DESeq2	200	300	mix	1	0.966510753	0.002159697	0.061982143	0.185686062	0.007	0.019367439	0.011743144	0.031112089	0.001505556	0.002475508	0.998494444	0.002475508	0.428017857	0.471270209
fastANCOM	200	300	mix	1	0.967741935	0.000107797	0.005	0.070710678	0.000166667	0.002357023	0.000322581	0.004561979	5.56E-06	7.86E-05	0.999994444	7.86E-05	0.005	0.070710678
LEfSe	200	300	mix	1	0.96760337	0.000908508	0.001757263	0.019067021	0.000343643	0.003375708	0.00055466	0.005472522	0.000154639	0.00101559	0.999845361	0.00101559	0.049789128	0.214838517
limma_voom	200	300	mix	1	0.964510753	0.007728729	0.053991839	0.166756188	0.011	0.029153323	0.01441533	0.033728588	0.003705556	0.008658572	0.996294444	0.008658572	0.376008161	0.460737765
LinDA	200	300	mix	1	0.967639785	0.000751471	0.0025	0.035355339	0.000166667	0.002357023	0.0003125	0.004419417	0.000111111	0.00077973	0.999888889	0.00077973	0.0425	0.199102887
MaAsLin2	200	300	mix	1	0.967671692	0.000630841	0.002512563	0.03544406	0.000167504	0.002362937	0.00031407	0.004430508	7.82E-05	0.000655989	0.999921831	0.000655989	0.032663317	0.174623526
Wilcox	200	300	mix	1	0.96766129	0.000430344	0.001	0.014142136	0.000166667	0.002357023	0.000285714	0.00404061	8.89E-05	0.000490116	0.999911111	0.000490116	0.049	0.214544041
ZicoSeq	200	300	mix	1	0.967741935	0	0	0	0	0	0	0	0	0	1	0	0	0
ALDEx2_wi	200	300	mix	10	0.94666129	0.010111594	0.099473542	0.063736705	0.079833333	0.05640421	0.083967823	0.052765098	0.024444444	0.011226647	0.975555556	0.011226647	0.900526458	0.063736705
Corncob	200	300	mix	10	0.934548387	0.014902992	0.09287899	0.049784249	0.1185	0.081833914	0.099074273	0.053706589	0.03825	0.017012579	0.96175	0.017012579	0.90712101	0.049784249
DACOMP	200	300	mix	10	0.950844086	0.004592921	0.088742236	0.064219464	0.056333333	0.041656113	0.068200749	0.049136427	0.019338889	0.004483493	0.980661111	0.004483493	0.911257764	0.064219464
DESeq2	200	300	mix	10	0.925543011	0.012015585	0.091471235	0.042350789	0.148333333	0.08135851	0.111051928	0.052344528	0.04855	0.013443707	0.95145	0.013443707	0.908528765	0.042350789
fastANCOM	200	300	mix	10	0.929258065	0.022297663	0.088758307	0.047021099	0.132333333	0.102558559	0.099105913	0.05424505	0.044177778	0.025639592	0.955822222	0.025639592	0.911241693	0.047021099
LEfSe	200	300	mix	10	0.924548387	0.017713171	0.092099874	0.041542671	0.1545	0.095409868	0.110951288	0.051964	0.049783333	0.020338258	0.950216667	0.020338258	0.907900126	0.041542671
limma_voom	200	300	mix	10	0.886032258	0.04644925	0.091774473	0.031521795	0.292833333	0.193353476	0.131330889	0.047675637	0.094194444	0.053803465	0.905805556	0.053803465	0.908225527	0.031521795
LinDA	200	300	mix	10	0.924	0.015397114	0.091318635	0.039335573	0.154666667	0.090352001	0.111600774	0.050259101	0.050355556	0.017657943	0.949644444	0.017657943	0.908681365	0.039335573
MaAsLin2	200	300	mix	10	0.917930108	0.021944227	0.091844191	0.039303878	0.1775	0.112478672	0.116180281	0.051684127	0.057388889	0.025347207	0.942611111	0.025347207	0.908155809	0.039303878
Wilcox	200	300	mix	10	0.926962366	0.01792408	0.093412314	0.045435455	0.147666667	0.095370798	0.109429601	0.054374449	0.047061111	0.02050298	0.952938889	0.02050298	0.906587686	0.045435455
ZicoSeq	200	300	mix	10	0.967623656	0.001672726	0.00078125	0.011048543	0.000833333	0.011785113	0.000806452	0.011404948	0.00015	0.00212132	0.99985	0.00212132	0.00421875	0.059662135
ALDEx2_wi	200	300	mix	2	0.964586022	0.002261362	0.088418651	0.157193608	0.011	0.018638768	0.019214431	0.032396096	0.003627778	0.002245764	0.996372222	0.002245764	0.876581349	0.228985035
Corncob	200	300	mix	2	0.964870968	0.002519101	0.083020022	0.163330706	0.01	0.019196594	0.017349035	0.032999961	0.0033	0.002602594	0.9967	0.002602594	0.841979978	0.289628998
DACOMP	200	300	mix	2	0.963225806	0.005715259	0.067112377	0.113736422	0.016666667	0.030808934	0.024504942	0.040453283	0.005222222	0.006466375	0.994777778	0.006466375	0.627887623	0.42992081
DESeq2	200	300	mix	2	0.957419355	0.005031925	0.097886432	0.091797358	0.039	0.038263537	0.053963238	0.050384628	0.011966667	0.005317292	0.988033333	0.005317292	0.902113568	0.091797358
fastANCOM	200	300	mix	2	0.964569892	0.002388007	0.088842643	0.17371342	0.010333333	0.017805325	0.017995878	0.030825222	0.003622222	0.00241806	0.996377778	0.00241806	0.881157357	0.232519328
LEfSe	200	300	mix	2	0.963451613	0.003615596	0.102505883	0.153967324	0.0165	0.022908918	0.027404214	0.037484691	0.004983333	0.00379867	0.995016667	0.00379867	0.872494117	0.207490662
limma_voom	200	300	mix	2	0.95638172	0.013247412	0.105294088	0.124246859	0.043833333	0.055373207	0.051729108	0.052078038	0.0132	0.015068782	0.9868	0.015068782	0.874705912	0.175792054
LinDA	200	300	mix	2	0.963150538	0.003642365	0.092415946	0.140688466	0.016333333	0.023389499	0.026869202	0.037437918	0.005288889	0.003851	0.994711111	0.003851	0.897584054	0.16698918
MaAsLin2	200	300	mix	2	0.963537634	0.003331581	0.1013031	0.162795382	0.016333333	0.023862158	0.027321724	0.039914439	0.004888889	0.003402411	0.995111111	0.003402411	0.8836969	0.195696749
Wilcox	200	300	mix	2	0.963833333	0.003250348	0.106445145	0.170884811	0.015	0.022602827	0.025265167	0.036865031	0.004538889	0.003400181	0.995461111	0.003400181	0.883554855	0.192384424
ZicoSeq	200	300	mix	2	0.967741935	0	0	0	0	0	0	0	0	0	1	0	0	0
ALDEx2_wi	200	300	mix	5	0.958150538	0.005556876	0.099400176	0.097644058	0.036666667	0.03736132	0.050745078	0.047564958	0.011133333	0.006129443	0.988866667	0.006129443	0.900599824	0.097644058
Corncob	200	300	mix	5	0.954516129	0.007237648	0.100631073	0.080448084	0.052	0.044538705	0.065419737	0.051575037	0.0154	0.007972781	0.9846	0.007972781	0.899368927	0.080448084
DACOMP	200	300	mix	5	0.954698925	0.003808612	0.100502083	0.076181387	0.050166667	0.036758299	0.066193469	0.048287068	0.01515	0.003623475	0.98485	0.003623475	0.899497917	0.076181387
DESeq2	200	300	mix	5	0.941897849	0.008061275	0.097969227	0.052841021	0.097	0.055030574	0.095897193	0.051443187	0.029938889	0.008535113	0.970061111	0.008535113	0.902030773	0.052841021
fastANCOM	200	300	mix	5	0.952349462	0.008083012	0.097920087	0.081785177	0.058333333	0.048627161	0.069844095	0.054902634	0.01785	0.008919599	0.98215	0.008919599	0.902079913	0.081785177
LEfSe	200	300	mix	5	0.949086022	0.00967817	0.09610233	0.075240973	0.0695	0.057761857	0.076658794	0.058188656	0.021594444	0.010725629	0.978405556	0.010725629	0.90389767	0.075240973
limma_voom	200	300	mix	5	0.932091398	0.020367331	0.09904455	0.049892582	0.138833333	0.100015493	0.108961637	0.055336499	0.041466667	0.023531703	0.958533333	0.023531703	0.90095545	0.049892582
LinDA	200	300	mix	5	0.946177419	0.008147889	0.101715593	0.061124331	0.0855	0.054355521	0.090781211	0.053998877	0.025133333	0.008838186	0.974866667	0.008838186	0.898284407	0.061124331
MaAsLin2	200	300	mix	5	0.945876344	0.00893431	0.098134882	0.061752127	0.083666667	0.057685684	0.087835971	0.055206259	0.025383333	0.009808703	0.974616667	0.009808703	0.901865118	0.061752127
Wilcox	200	300	mix	5	0.950655914	0.009292921	0.095081286	0.076743478	0.063833333	0.05509015	0.072374356	0.05661462	0.019783333	0.01040092	0.980216667	0.01040092	0.904918714	0.076743478
ZicoSeq	200	300	mix	5	0.967741935	0	0	0	0	0	0	0	0	0	1	0	0	0
ALDEx2_wi	200	400	mix	1	0.957430851	0.000167868	0	0	0	0	0	0	1.67E-05	0.000175329	0.999983333	0.000175329	0.01	0.099748427
Corncob	200	400	mix	1	0.957409574	0.000269331	0	0	0	0	0	0	3.89E-05	0.000281301	0.999961111	0.000281301	0.02	0.140351318
DACOMP	200	400	mix	1	0.957409574	0.000526569	0.000555556	0.007856742	0.000125	0.001767767	0.000204082	0.00288615	4.44E-05	0.000628539	0.999955556	0.000628539	0.004444444	0.062853936
DESeq2	200	400	mix	1	0.956335106	0.00229061	0.054180556	0.182830554	0.00325	0.009143606	0.005896355	0.016562081	0.001305556	0.002494333	0.998694444	0.002494333	0.385819444	0.469124764
fastANCOM	200	400	mix	1	0.957430851	0.000167868	0	0	0	0	0	0	1.67E-05	0.000175329	0.999983333	0.000175329	0.01	0.099748427
LEfSe	200	400	mix	1	0.957282299	0.001223688	0	0	0	0	0	0	0.000171821	0.001278074	0.999828179	0.001278074	0.051546392	0.22168147
limma_voom	200	400	mix	1	0.952952128	0.009897458	0.049527362	0.133779554	0.012875	0.033529547	0.015939673	0.034863515	0.005266667	0.011534771	0.994733333	0.011534771	0.425472638	0.465037691
LinDA	200	400	mix	1	0.957367021	0.000532583	0.009166667	0.082190658	0.000375	0.003046437	0.000714556	0.005806046	1.00E-04	0.000570051	0.9999	0.000570051	0.045833333	0.203910335
MaAsLin2	200	400	mix	1	0.957345745	0.00060891	0	0	0	0	0	0	0.000105556	0.000635972	0.999894444	0.000635972	0.04	0.196450922
Wilcox	200	400	mix	1	0.957388298	0.000372474	0	0	0	0	0	0	6.11E-05	0.000389028	0.999938889	0.000389028	0.035	0.184240939
ZicoSeq	200	400	mix	1	0.957446809	0	0	0	0	0	0	0	0	0	1	0	0	0
ALDEx2_wi	200	400	mix	10	0.930925532	0.01277242	0.097364873	0.057375461	0.074625	0.053371123	0.080094353	0.049681326	0.031016667	0.014387327	0.968983333	0.014387327	0.902635127	0.057375461
Corncob	200	400	mix	10	0.914904255	0.019961493	0.097050603	0.045124318	0.1215	0.077168809	0.10286598	0.049495025	0.049833333	0.023066258	0.950166667	0.023066258	0.902949397	0.045124318
DACOMP	200	400	mix	10	0.936079787	0.005493018	0.095224784	0.058672888	0.06	0.040021979	0.072722455	0.045756743	0.024983333	0.005859341	0.975016667	0.005859341	0.904775216	0.058672888
DESeq2	200	400	mix	10	0.904223404	0.015680047	0.09860312	0.03642393	0.153375	0.070205974	0.117892569	0.044889269	0.062405556	0.017650218	0.937594444	0.017650218	0.90139688	0.03642393
fastANCOM	200	400	mix	10	0.907111702	0.031027724	0.09551098	0.044118355	0.139875	0.105415471	0.105311251	0.050679588	0.058788889	0.036071974	0.941211111	0.036071974	0.90448902	0.044118355
LEfSe	200	400	mix	10	0.90137766	0.023925458	0.095199053	0.038631489	0.15575	0.085423494	0.113664207	0.046649808	0.065483333	0.027532942	0.934516667	0.027532942	0.904800947	0.038631489
limma_voom	200	400	mix	10	0.849744681	0.058849049	0.098246701	0.028409462	0.305625	0.17728121	0.140300132	0.040823953	0.126072222	0.068490036	0.873927778	0.068490036	0.901753299	0.028409462
LinDA	200	400	mix	10	0.900595745	0.022810534	0.098333851	0.038501481	0.162125	0.083987373	0.11847668	0.046461172	0.066583333	0.026050469	0.933416667	0.026050469	0.901666149	0.038501481
MaAsLin2	200	400	mix	10	0.892984043	0.030116495	0.097971805	0.035924146	0.1845	0.103140388	0.122529306	0.045941517	0.075527778	0.034887718	0.924472222	0.034887718	0.902028195	0.035924146
Wilcox	200	400	mix	10	0.904085106	0.024562951	0.09554178	0.041736703	0.149	0.087139062	0.111365025	0.049341951	0.062355556	0.028254768	0.937644444	0.028254768	0.90445822	0.041736703
ZicoSeq	200	400	mix	10	0.957446809	0	0	0	0	0	0	0	0	0	1	0	0	0
ALDEx2_wi	200	400	mix	2	0.953382979	0.002362627	0.101070221	0.171151622	0.01175	0.01840192	0.0205945	0.031841104	0.004766667	0.00229255	0.995233333	0.00229255	0.888929779	0.192901696
Corncob	200	400	mix	2	0.953707447	0.00243194	0.099211996	0.179846463	0.010125	0.016067051	0.017933545	0.028200887	0.004355556	0.002423493	0.995644444	0.002423493	0.875788004	0.227720685
DACOMP	200	400	mix	2	0.951505319	0.005395346	0.089764007	0.121830806	0.019	0.028711877	0.029445793	0.039780737	0.00705	0.006293874	0.99295	0.006293874	0.780235993	0.324122146
DESeq2	200	400	mix	2	0.944574468	0.004774297	0.101261596	0.088999425	0.03775	0.032963929	0.054020338	0.046398547	0.015122222	0.004757002	0.984877778	0.004757002	0.898738404	0.088999425
fastANCOM	200	400	mix	2	0.953276596	0.002497431	0.097484848	0.167940101	0.011375	0.017327307	0.019896958	0.030031686	0.004861111	0.00248686	0.995138889	0.00248686	0.892515152	0.190247554
LEfSe	200	400	mix	2	0.951840426	0.003182942	0.09187704	0.134148262	0.015	0.021266436	0.025235372	0.035395112	0.006522222	0.003201971	0.993477778	0.003201971	0.90312296	0.148567725
limma_voom	200	400	mix	2	0.942478723	0.015324787	0.096613796	0.095348083	0.04475	0.057348774	0.052665885	0.052386912	0.017622222	0.017918912	0.982377778	0.017918912	0.903386204	0.095348083
LinDA	200	400	mix	2	0.951441489	0.0033402	0.105122999	0.144219191	0.01775	0.021645557	0.029632483	0.035888728	0.007061111	0.003352629	0.992938889	0.003352629	0.894877001	0.144219191
MaAsLin2	200	400	mix	2	0.951871057	0.003113913	0.097164087	0.144501449	0.014949749	0.019930371	0.025420568	0.033782436	0.006487996	0.003052983	0.993512004	0.003052983	0.897810788	0.15787444
Wilcox	200	400	mix	2	0.952446809	0.002735732	0.092926333	0.14771638	0.013375	0.01987358	0.02283419	0.03344462	0.005816667	0.002730707	0.994183333	0.002730707	0.897073667	0.172921982
ZicoSeq	200	400	mix	2	0.957446809	0	0	0	0	0	0	0	0	0	1	0	0	0
ALDEx2_wi	200	400	mix	5	0.944968085	0.006353249	0.101461818	0.078909304	0.037875	0.032288887	0.052924872	0.041904873	0.014716667	0.007171036	0.985283333	0.007171036	0.898538182	0.078909304
Corncob	200	400	mix	5	0.938739362	0.00820115	0.102430395	0.063942199	0.058125	0.043042101	0.071611466	0.047779219	0.022122222	0.009289673	0.977877778	0.009289673	0.897569605	0.063942199
DACOMP	200	400	mix	5	0.940659574	0.004432277	0.096269333	0.06447663	0.04725	0.032944868	0.062729614	0.042389111	0.019633333	0.004450178	0.980366667	0.004450178	0.903730667	0.06447663
DESeq2	200	400	mix	5	0.923037234	0.009111299	0.096275544	0.044921817	0.098	0.052113618	0.095617267	0.045721067	0.040294444	0.010276576	0.959705556	0.010276576	0.903724456	0.044921817
fastANCOM	200	400	mix	5	0.936058511	0.009220994	0.099899847	0.060183612	0.06475	0.046497285	0.075997157	0.04815041	0.025216667	0.010546337	0.974783333	0.010546337	0.900100153	0.060183612
LEfSe	200	400	mix	5	0.932223404	0.010756634	0.100369872	0.050778146	0.07675	0.052303113	0.08359142	0.046868562	0.029755556	0.012499102	0.970244444	0.012499102	0.899630128	0.050778146
limma_voom	200	400	mix	5	0.903734043	0.033021892	0.097204581	0.041388551	0.15225	0.108646018	0.111832917	0.049304749	0.062866667	0.03834668	0.937133333	0.03834668	0.902795419	0.041388551
LinDA	200	400	mix	5	0.927180851	0.009865984	0.097371476	0.04662847	0.088125	0.052568303	0.090468714	0.046125411	0.035527778	0.011304535	0.964472222	0.011304535	0.902628524	0.04662847
MaAsLin2	200	400	mix	5	0.927255319	0.010937501	0.098794267	0.048848656	0.089	0.054831858	0.091177303	0.047999483	0.035488889	0.012462558	0.964511111	0.012462558	0.901205733	0.048848656
Wilcox	200	400	mix	5	0.934537234	0.010165299	0.100910111	0.056216814	0.069625	0.048461085	0.079199628	0.047349142	0.027022222	0.011681485	0.972977778	0.011681485	0.899089889	0.056216814
ZicoSeq	200	400	mix	5	0.957255319	0.002708069	0.000357143	0.005050763	0.000375	0.005303301	0.000365854	0.005173952	0.000216667	0.003064129	0.999783333	0.003064129	0.004642857	0.065659915
ALDEx2_wi	200	500	mix	1	0.947368421	0	0	0	0	0	0	0	0	0	1	0	0	0
Corncob	200	500	mix	1	0.947357895	0.000104998	0	0	0	0	0	0	1.11E-05	0.000110832	0.999988889	0.000110832	0.01	0.099748427
DACOMP	200	500	mix	1	0.947368421	0	0	0	0	0	0	0	0	0	1	0	0	0
DESeq2	200	500	mix	1	0.946294737	0.002205899	0.053019993	0.178878327	0.0037	0.013159631	0.006360717	0.021127984	0.001338889	0.002708626	0.998661111	0.002708626	0.396980007	0.471302564
fastANCOM	200	500	mix	1	0.947368421	0	0	0	0	0	0	0	0	0	1	0	0	0
LEfSe	200	500	mix	1	0.947330044	0.000271911	0.001736111	0.024056261	0.000104167	0.001443376	0.000196541	0.00272335	4.63E-05	0.000318221	0.999953704	0.000318221	0.024305556	0.150583829
limma_voom	200	500	mix	1	0.941784211	0.017129652	0.063269022	0.174691309	0.0154	0.044954919	0.017163353	0.037507181	0.00675	0.020341686	0.99325	0.020341686	0.396730978	0.459881922
LinDA	200	500	mix	1	0.947331579	0.000193938	0.0025	0.035355339	1.00E-04	0.001414214	0.000192308	0.002719641	4.44E-05	0.000218279	0.999955556	0.000218279	0.0375	0.187133226
MaAsLin2	200	500	mix	1	0.947352632	0.000128271	0.0025	0.035355339	1.00E-04	0.001414214	0.000192308	0.002719641	2.22E-05	0.000155946	0.999977778	0.000155946	0.0175	0.126585423
Wilcox	200	500	mix	1	0.947342105	0.000246073	0	0	0	0	0	0	2.78E-05	0.000259744	0.999972222	0.000259744	0.015	0.121857483
ZicoSeq	200	500	mix	1	0.947368421	0	0	0	0	0	0	0	0	0	1	0	0	0
ALDEx2_wi	200	500	mix	10	0.913947368	0.013056312	0.094066388	0.044456239	0.0749	0.046115324	0.080466152	0.042005187	0.039438889	0.015121157	0.960561111	0.015121157	0.905933612	0.044456239
Corncob	200	500	mix	10	0.892489474	0.021025552	0.095155192	0.037580024	0.124	0.069484824	0.103936808	0.044429926	0.064816667	0.024581434	0.935183333	0.024581434	0.904844808	0.037580024
DACOMP	200	500	mix	10	0.921447368	0.005668533	0.093584272	0.050935745	0.0568	0.032666427	0.070147612	0.038502354	0.030516667	0.005839083	0.969483333	0.005839083	0.906415728	0.050935745
DESeq2	200	500	mix	10	0.885526316	0.017897926	0.095647138	0.035822633	0.1382	0.061837524	0.11090524	0.0412055	0.072955556	0.020453461	0.927044444	0.020453461	0.904352862	0.035822633
fastANCOM	200	500	mix	10	0.882726316	0.035167074	0.092465411	0.035516769	0.1411	0.093662443	0.104968895	0.044003515	0.076072222	0.041313636	0.923927778	0.041313636	0.907534589	0.035516769
LEfSe	200	500	mix	10	0.874747368	0.024665411	0.095987385	0.03357801	0.1647	0.08065006	0.118054752	0.043667597	0.085805556	0.02868576	0.914194444	0.02868576	0.904012615	0.03357801
limma_voom	200	500	mix	10	0.796363158	0.070438019	0.095104961	0.022942815	0.3406	0.177915456	0.141913454	0.037381722	0.178316667	0.083397963	0.821683333	0.083397963	0.904895039	0.022942815
LinDA	200	500	mix	10	0.875242105	0.023789319	0.095552238	0.033050951	0.1629	0.077741939	0.1176565	0.04308038	0.085183333	0.027584988	0.914816667	0.027584988	0.904447762	0.033050951
MaAsLin2	200	500	mix	10	0.865489474	0.032427955	0.0942383	0.031546285	0.1835	0.098029582	0.120485219	0.043478425	0.096622222	0.038224903	0.903377778	0.038224903	0.9057617	0.031546285
Wilcox	200	500	mix	10	0.878721053	0.025093292	0.096445411	0.033911277	0.1569	0.078787227	0.115803525	0.042998226	0.081177778	0.029323205	0.918822222	0.029323205	0.903554589	0.033911277
ZicoSeq	200	500	mix	10	0.9472	0.002381833	0.00076087	0.010760321	7.00E-04	0.009899495	0.000729167	0.010311974	0.000216667	0.003064129	0.999783333	0.003064129	0.00423913	0.059950358
ALDEx2_wi	200	500	mix	2	0.942563158	0.002628832	0.095135281	0.148069573	0.0104	0.014728361	0.018372298	0.025734695	0.00565	0.00267052	0.99435	0.00267052	0.894864719	0.173095581
Corncob	200	500	mix	2	0.942915789	0.002850624	0.095285936	0.150978556	0.0105	0.015522718	0.018469145	0.026885586	0.005283333	0.003010616	0.994716667	0.003010616	0.879714064	0.206164434
DACOMP	200	500	mix	2	0.940584211	0.004013781	0.074895757	0.094907856	0.0144	0.018825835	0.02379162	0.030553821	0.007961111	0.004444134	0.992038889	0.004444134	0.785104243	0.330055046
DESeq2	200	500	mix	2	0.9311	0.00559175	0.099637887	0.063672294	0.0391	0.026996929	0.055144834	0.036136166	0.019344444	0.006201119	0.980655556	0.006201119	0.900362113	0.063672294
fastANCOM	200	500	mix	2	0.942005263	0.003205317	0.100639652	0.141000156	0.0126	0.016078951	0.021830148	0.027425134	0.006361111	0.003387678	0.993638889	0.003387678	0.884360348	0.178033505
LEfSe	200	500	mix	2	0.940784211	0.003396598	0.099450775	0.118054187	0.0156	0.01871876	0.026197898	0.030250424	0.007816667	0.003686616	0.992183333	0.003686616	0.900549225	0.118054187
limma_voom	200	500	mix	2	0.925547368	0.02464073	0.100185232	0.079703746	0.0509	0.06358779	0.05603189	0.045610178	0.025861111	0.029069772	0.974138889	0.029069772	0.899814768	0.079703746
LinDA	200	500	mix	2	0.940015789	0.00363951	0.100899517	0.124430738	0.0178	0.020029125	0.02951367	0.032437136	0.00875	0.003879405	0.99125	0.003879405	0.889100483	0.152985706
MaAsLin2	200	500	mix	2	0.940668421	0.003581991	0.106774604	0.129516921	0.0167	0.018569711	0.028074725	0.030409048	0.008	0.003836086	0.992	0.003836086	0.883225396	0.156774227
Wilcox	200	500	mix	2	0.941389474	0.003383068	0.102125873	0.12710989	0.0148	0.018727348	0.025096503	0.03053422	0.007133333	0.003684903	0.992866667	0.003684903	0.882874127	0.167113729
ZicoSeq	200	500	mix	2	0.947368421	0	0	0	0	0	0	0	0	0	1	0	0	0
ALDEx2_wi	200	500	mix	5	0.931336842	0.007849352	0.103086477	0.07296003	0.0406	0.033122887	0.056060381	0.042014069	0.019177778	0.008963423	0.980822222	0.008963423	0.896913523	0.07296003
Corncob	200	500	mix	5	0.922884211	0.011040719	0.101968322	0.057212748	0.0623	0.043429721	0.074422073	0.044967115	0.029305556	0.012978929	0.970694444	0.012978929	0.898031678	0.057212748
DACOMP	200	500	mix	5	0.926794737	0.005138213	0.100804955	0.059004823	0.0498	0.031638028	0.066047025	0.040122369	0.024483333	0.005275907	0.975516667	0.005275907	0.899195045	0.059004823
DESeq2	200	500	mix	5	0.906463158	0.010599607	0.098065998	0.041488577	0.097	0.050554712	0.096106292	0.043643516	0.048566667	0.012231908	0.951433333	0.012231908	0.901934002	0.041488577
fastANCOM	200	500	mix	5	0.919726316	0.014795756	0.103199443	0.053327133	0.0684	0.045340033	0.078549115	0.04269323	0.032977778	0.017087289	0.967022222	0.017087289	0.896800557	0.053327133
LEfSe	200	500	mix	5	0.914015789	0.014517419	0.100217089	0.052405017	0.0822	0.053379837	0.086723385	0.047577748	0.039772222	0.017078768	0.960227778	0.017078768	0.899782911	0.052405017
limma_voom	200	500	mix	5	0.8745	0.042668729	0.098112635	0.033646178	0.1662	0.099715979	0.116281033	0.042235201	0.08615	0.049590153	0.91385	0.049590153	0.901887365	0.033646178
LinDA	200	500	mix	5	0.909342105	0.013099819	0.100498677	0.045414849	0.0932	0.053291273	0.094505901	0.04634646	0.045316667	0.015159216	0.954683333	0.015159216	0.899501323	0.045414849
MaAsLin2	200	500	mix	5	0.908884211	0.013937852	0.100379428	0.043731528	0.095	0.056310339	0.094992974	0.045894023	0.0459	0.016435354	0.9541	0.016435354	0.899620572	0.043731528
Wilcox	200	500	mix	5	0.917026316	0.014236583	0.101855638	0.054025714	0.0764	0.05169528	0.083588981	0.047286699	0.036272222	0.016758133	0.963727778	0.016758133	0.898144362	0.054025714
ZicoSeq	200	500	mix	5	0.947368421	0	0	0	0	0	0	0	0	0	1	0	0	0
ALDEx2_wi	200	800	mix	1	0.918357143	0.000144308	0	0	0	0	0	0	1.11E-05	0.000157135	0.999988889	0.000157135	0.005	0.070710678
Corncob	200	800	mix	1	0.918352041	0.000124344	0	0	0	0	0	0	1.67E-05	0.000135397	0.999983333	0.000135397	0.015	0.121857483
DACOMP	200	800	mix	1	0.918295918	0.001010153	0.0003125	0.004419417	6.25E-05	0.000883883	0.000104167	0.001473139	8.33E-05	0.001178511	0.999916667	0.001178511	0.0046875	0.066291261
DESeq2	200	800	mix	1	0.917530612	0.001502615	0.035333333	0.1653597	0.00075	0.002976035	0.001452254	0.005763949	0.000977778	0.001650527	0.999022222	0.001650527	0.394666667	0.48290069
fastANCOM	200	800	mix	1	0.918367347	0	0	0	0	0	0	0	0	0	1	0	0	0
LEfSe	200	800	mix	1	0.918289283	0.000459644	0.002003643	0.019192934	0.000136612	0.001303176	0.000255657	0.002438817	9.71E-05	0.000597337	0.999902854	0.000597337	0.036247723	0.182985035
limma_voom	200	800	mix	1	0.894086735	0.048708925	0.060768388	0.111487504	0.037625	0.076420694	0.031857324	0.049137574	0.029783333	0.059609717	0.970216667	0.059609717	0.589231612	0.445332516
LinDA	200	800	mix	1	0.918316327	0.000405978	0	0	0	0	0	0	5.56E-05	0.000442065	0.999944444	0.000442065	0.025	0.156516732
MaAsLin2	200	800	mix	1	0.918346939	0.000175998	0	0	0	0	0	0	2.22E-05	0.000191642	0.999977778	0.000191642	0.015	0.121857483
Wilcox	200	800	mix	1	0.918331633	0.000258338	0	0	0	0	0	0	3.89E-05	0.000281301	0.999961111	0.000281301	0.025	0.156516732
ZicoSeq	200	800	mix	1	0.918219388	0.002092459	0.000641026	0.009065472	0.0003125	0.004419417	0.000420168	0.005942074	0.000188889	0.002671292	0.999811111	0.002671292	0.004358974	0.061645207
ALDEx2_wi	200	800	mix	10	0.897316327	0.011838763	0.09353876	0.072548867	0.027875	0.021838762	0.040754955	0.029370979	0.0254	0.013726314	0.9746	0.013726314	0.90646124	0.072548867
Corncob	200	800	mix	10	0.888392857	0.015059351	0.096545001	0.057288419	0.041625	0.026733552	0.055395701	0.031125089	0.036338889	0.017573081	0.963661111	0.017573081	0.903454999	0.057288419
DACOMP	200	800	mix	10	0.890183673	0.011199784	0.09280819	0.052441761	0.0388125	0.024247387	0.053455924	0.031324858	0.034138889	0.012762262	0.965861111	0.012762262	0.90719181	0.052441761
DESeq2	200	800	mix	10	0.878433673	0.013430407	0.093209528	0.043702029	0.055375	0.029348827	0.067932181	0.032889834	0.048405556	0.015461379	0.951594444	0.015461379	0.906790472	0.043702029
fastANCOM	200	800	mix	10	0.843596939	0.06125473	0.098828752	0.038133712	0.1105625	0.092487076	0.090474534	0.042323937	0.091244444	0.07430206	0.908755556	0.07430206	0.901171248	0.038133712
LEfSe	200	800	mix	10	0.872964286	0.019705894	0.09562533	0.041777678	0.0646875	0.035052847	0.074165494	0.03346877	0.055188889	0.023233844	0.944811111	0.023233844	0.90437467	0.041777678
limma_voom	200	800	mix	10	0.602168367	0.158911738	0.096868031	0.01716582	0.470125	0.249644188	0.150332522	0.035125396	0.386094444	0.194685325	0.613905556	0.194685325	0.903131969	0.01716582
LinDA	200	800	mix	10	0.866142857	0.02380129	0.095303255	0.03896868	0.0729375	0.03920491	0.078860418	0.032618336	0.06335	0.028148498	0.93665	0.028148498	0.904696745	0.03896868
MaAsLin2	200	800	mix	10	0.867096939	0.024143905	0.095728884	0.03975362	0.0718125	0.038194932	0.078437707	0.03237231	0.062211111	0.028436956	0.937788889	0.028436956	0.904271116	0.03975362
Wilcox	200	800	mix	10	0.876637755	0.019461265	0.095359356	0.044669487	0.059	0.034572951	0.069664556	0.033755475	0.050683333	0.022992965	0.949316667	0.022992965	0.904640644	0.044669487
ZicoSeq	200	800	mix	10	0.918204082	0.00230892	0.000147059	0.002079726	6.25E-05	0.000883883	8.77E-05	0.001240538	0.000183333	0.002592725	0.999816667	0.002592725	0.004852941	0.068630952
ALDEx2_wi	200	800	mix	2	0.915408163	0.00190008	0.099902778	0.183273347	0.0045	0.007093241	0.008509018	0.013351187	0.003622222	0.002005761	0.996377778	0.002005761	0.885097222	0.213134282
Corncob	200	800	mix	2	0.915816327	0.001754026	0.084165224	0.166383479	0.0039375	0.006929461	0.007424363	0.012964172	0.003127778	0.001977218	0.996872222	0.001977218	0.870834776	0.251518353
DACOMP	200	800	mix	2	0.914464286	0.003368718	0.078528323	0.117750007	0.006875	0.00992671	0.01250963	0.018012306	0.004861111	0.003919972	0.995138889	0.003919972	0.626471677	0.419905503
DESeq2	200	800	mix	2	0.908510204	0.0043981	0.109010226	0.087140009	0.017	0.014669731	0.028864162	0.02409359	0.012244444	0.005024859	0.987755556	0.005024859	0.890989774	0.087140009
fastANCOM	200	800	mix	2	0.914897959	0.002201166	0.111064484	0.162524954	0.00625	0.008499187	0.011669922	0.015680797	0.004333333	0.002399413	0.995666667	0.002399413	0.863935516	0.212910118
LEfSe	200	800	mix	2	0.914255102	0.003194072	0.103308006	0.149967255	0.0069375	0.0105366	0.012594793	0.017904559	0.005094444	0.003815455	0.994905556	0.003815455	0.891691994	0.16264042
limma_voom	200	800	mix	2	0.879612245	0.062890617	0.107034328	0.083738818	0.0601875	0.09285124	0.055617306	0.046688761	0.04755	0.076423018	0.95245	0.076423018	0.887965672	0.104577568
LinDA	200	800	mix	2	0.914357143	0.002749694	0.118983461	0.157707134	0.00725	0.00853238	0.013473856	0.015720892	0.005011111	0.002968056	0.994988889	0.002968056	0.851016539	0.216663078
MaAsLin2	200	800	mix	2	0.914561224	0.002428792	0.115710137	0.158593453	0.0069375	0.008563381	0.012895416	0.015762502	0.004761111	0.00266261	0.995238889	0.00266261	0.859289863	0.209367597
Wilcox	200	800	mix	2	0.914857143	0.002130233	0.099923701	0.162375432	0.005625	0.008382914	0.010499751	0.015440057	0.004322222	0.002309267	0.995677778	0.002309267	0.885076299	0.195453964
ZicoSeq	200	800	mix	2	0.91819898	0.002381074	0.00027027	0.003822199	0.000125	0.001767767	0.00017094	0.002417459	0.000194444	0.00274986	0.999805556	0.00274986	0.00472973	0.066888479
ALDEx2_wi	200	800	mix	5	0.907913265	0.006487185	0.089021355	0.091207042	0.0135	0.013164498	0.022806098	0.021717968	0.012583333	0.007319546	0.987416667	0.007319546	0.910978645	0.091207042
Corncob	200	800	mix	5	0.904602041	0.00770764	0.09053587	0.081662962	0.0185	0.016480535	0.029853783	0.025563457	0.016633333	0.008767959	0.983366667	0.008767959	0.90946413	0.081662962
DACOMP	200	800	mix	5	0.900632653	0.006835973	0.08835071	0.067827125	0.0235	0.01787906	0.036548778	0.027318208	0.0214	0.007655366	0.9786	0.007655366	0.91164929	0.067827125
DESeq2	200	800	mix	5	0.892132653	0.008832309	0.091318355	0.054276713	0.035625	0.022408034	0.050338534	0.03004572	0.031733333	0.009980837	0.968266667	0.009980837	0.908681645	0.054276713
fastANCOM	200	800	mix	5	0.890642857	0.03131239	0.092948838	0.067823101	0.03975	0.04796028	0.048353172	0.039341482	0.033722222	0.037725808	0.966277778	0.037725808	0.907051162	0.067823101
LEfSe	200	800	mix	5	0.897933673	0.011230985	0.088581242	0.071204346	0.027	0.022779531	0.039703279	0.031016424	0.02465	0.013068787	0.97535	0.013068787	0.911418758	0.071204346
limma_voom	200	800	mix	5	0.768658163	0.129540141	0.097550959	0.030320936	0.2210625	0.192737069	0.114810297	0.046125741	0.182666667	0.157719455	0.817333333	0.157719455	0.902449041	0.030320936
LinDA	200	800	mix	5	0.894811224	0.011205491	0.09008606	0.063479404	0.0316875	0.024456321	0.045421711	0.032368267	0.028466667	0.012954587	0.971533333	0.012954587	0.90991394	0.063479404
MaAsLin2	200	800	mix	5	0.894765306	0.010688585	0.09057309	0.062836649	0.032125	0.024763644	0.04609897	0.032994808	0.028555556	0.012304933	0.971444444	0.012304933	0.90942691	0.062836649
Wilcox	200	800	mix	5	0.900096939	0.010499068	0.088652815	0.07202417	0.0238125	0.020384091	0.036091154	0.028669154	0.022011111	0.012124829	0.977988889	0.012124829	0.911347185	0.07202417
ZicoSeq	200	800	mix	5	0.918183673	0.002597535	0.000357143	0.005050763	0.0001875	0.00265165	0.000245902	0.003477574	0.000216667	0.003064129	0.999783333	0.003064129	0.004642857	0.065659915
edgeR	200	2000	mix	1	0.89964	0.000966823	0.020631313	0.114719276	0.00035	0.001465943	0.000681243	0.00286541	0.000438889	0.001131395	0.999561111	0.001131395	0.189368687	0.384460047
edgeR	200	2000	mix	2	0.90194	0.002455955	0.748552965	0.226015595	0.04015	0.012297963	0.07532272	0.02160654	0.002305556	0.002833201	0.997694444	0.002833201	0.251447035	0.226015595
edgeR	200	2000	mix	5	0.89697	0.005221275	0.47554144	0.243435432	0.0377	0.011708151	0.067662182	0.018828769	0.007555556	0.006340211	0.992444444	0.006340211	0.52445856	0.243435432
edgeR	200	2000	mix	10	0.894505	0.006288315	0.390387344	0.227413035	0.03565	0.01169164	0.06258078	0.01773677	0.010066667	0.00776425	0.989933333	0.00776425	0.609612656	0.227413035
edgeR	200	1000	mix	1	0.94952	0.000939912	0.062305556	0.179221853	0.0019	0.004648232	0.003620036	0.008798734	0.000605263	0.001092737	0.999394737	0.001092737	0.317694444	0.438247634
edgeR	200	1000	mix	2	0.951405	0.001956206	0.709791139	0.211103918	0.0649	0.022495566	0.116803102	0.037581625	0.001936842	0.002083728	0.998063158	0.002083728	0.290208861	0.211103918
edgeR	200	1000	mix	5	0.94766	0.004490664	0.492212428	0.253758792	0.0601	0.02393151	0.100973332	0.034385755	0.005626316	0.005436124	0.994373684	0.005436124	0.507787572	0.253758792
edgeR	200	1000	mix	10	0.9443	0.005869799	0.367195454	0.250212339	0.0596	0.020593222	0.095423361	0.027295219	0.009136842	0.006726634	0.990863158	0.006726634	0.632804546	0.250212339
edgeR	200	500	mix	1	0.97452	0.001058682	0.015	0.078011913	8.00E-04	0.003938928	0.001509972	0.007435964	0.000512821	0.001090905	0.999487179	0.001090905	0.315	0.457292206
edgeR	200	500	mix	2	0.97656	0.001932288	0.709264018	0.212878716	0.1414	0.043322143	0.229313191	0.058727036	0.002025641	0.002111742	0.997974359	0.002111742	0.290735982	0.212878716
edgeR	200	500	mix	5	0.97274	0.004427577	0.503874581	0.26537489	0.1348	0.045002357	0.195914271	0.050139038	0.005774359	0.005109845	0.994225641	0.005109845	0.496125419	0.26537489
edgeR	200	500	mix	10	0.970355	0.005321148	0.391517047	0.235774033	0.1328	0.041440721	0.181885428	0.042847763	0.008169231	0.005983241	0.991830769	0.005983241	0.608482953	0.235774033
edgeR	200	400	mix	1	0.979685	0.000676649	0.036444444	0.143218313	0.002	0.006816498	0.003710291	0.012664201	0.000362245	0.000722612	0.999637755	0.000722612	0.283555556	0.436170115
edgeR	200	400	mix	2	0.981275	0.001906097	0.727164463	0.231731171	0.14375	0.053698443	0.231430845	0.075428107	0.001632653	0.001948543	0.998367347	0.001948543	0.272835537	0.231731171
edgeR	200	400	mix	5	0.978055	0.004294638	0.527106102	0.279284995	0.141	0.050567487	0.202030382	0.056388093	0.004862245	0.004898246	0.995137755	0.004898246	0.472893898	0.279284995
edgeR	200	400	mix	10	0.97548	0.004616024	0.381616387	0.248879229	0.13375	0.049794401	0.176228508	0.051988638	0.007341837	0.005258323	0.992658163	0.005258323	0.618383613	0.248879229
edgeR	200	300	mix	1	0.984665	0.000655416	0.044242424	0.199079609	0.002	0.007956109	0.003674511	0.014685852	0.000370558	0.000683915	0.999629442	0.000683915	0.395757576	0.488333435
edgeR	200	300	mix	2	0.98581	0.001606144	0.698131116	0.231116279	0.157666667	0.064415702	0.244902085	0.081907487	0.00157868	0.001729918	0.99842132	0.001729918	0.301868884	0.231116279
edgeR	200	300	mix	5	0.982565	0.003868844	0.450562044	0.247183984	0.156333333	0.066277484	0.207925568	0.069495413	0.004852792	0.004407197	0.995147208	0.004407197	0.549437956	0.247183984
edgeR	200	300	mix	10	0.981545	0.004208034	0.385536439	0.233164201	0.138666667	0.053333333	0.183319513	0.059780997	0.005619289	0.004595088	0.994380711	0.004595088	0.614463561	0.233164201
edgeR	200	200	mix	1	0.98973	0.000656821	0.063	0.218087545	0.006	0.019174899	0.010460644	0.033338263	0.000333333	0.000689358	0.999666667	0.000689358	0.337	0.462193448
edgeR	200	200	mix	2	0.991125	0.00119421	0.738590929	0.211380761	0.2245	0.082723526	0.329752094	0.09372998	0.001131313	0.001280347	0.998868687	0.001280347	0.261409071	0.211380761
edgeR	200	200	mix	5	0.989	0.00314225	0.559228296	0.254876871	0.234	0.095579043	0.294206547	0.086620391	0.003373737	0.003681991	0.996626263	0.003681991	0.440771704	0.254876871
edgeR	200	200	mix	10	0.987085	0.003836333	0.427132237	0.261831495	0.2095	0.087529216	0.24102137	0.073805423	0.005060606	0.004456428	0.994939394	0.004456428	0.572867763	0.261831495
edgeR	200	100	mix	1	0.99464	0.000615786	0.033428571	0.136239173	0.008	0.027265992	0.012116447	0.041757187	0.00040201	0.000658497	0.99959799	0.000658497	0.366571429	0.469537937
edgeR	200	100	mix	2	0.995875	0.001731139	0.697896485	0.221979317	0.461	0.165691084	0.524063496	0.143847127	0.001437186	0.00180834	0.998562814	0.00180834	0.302103515	0.221979317
edgeR	200	100	mix	5	0.993905	0.003222941	0.544836432	0.263768388	0.453	0.138866261	0.445971169	0.118146483	0.003376884	0.003590491	0.996623116	0.003590491	0.455163568	0.263768388
edgeR	200	100	mix	10	0.99135	0.003871353	0.382156013	0.254198521	0.429	0.131268096	0.348817977	0.09678879	0.005824121	0.004221936	0.994175879	0.004221936	0.617843987	0.254198521
edgeR	200	800	mix	1	0.95959	0.000773226	0.025952381	0.097310603	0.00125	0.004529644	0.002346561	0.008438857	0.000479167	0.000881151	0.999520833	0.000881151	0.364047619	0.466680471
edgeR	200	800	mix	2	0.96104	0.002077635	0.716055661	0.238087875	0.066375	0.021954311	0.11909795	0.037119429	0.001682292	0.002166955	0.998317708	0.002166955	0.273944339	0.228517101
edgeR	200	800	mix	5	0.958065	0.004018678	0.503510602	0.271911217	0.062375	0.023266612	0.104672628	0.033813971	0.004614583	0.004667888	0.995385417	0.004667888	0.496489398	0.271911217
edgeR	200	800	mix	10	0.95572	0.004732928	0.391197342	0.262889114	0.063125	0.026494175	0.099817261	0.034865393	0.007088542	0.005614378	0.992911458	0.005614378	0.598802658	0.266847728
metagenomeSeq	200	800	mix	1	0.95997	0.000185592	0.01	0.1	0.000125	0.00125	0.000246914	0.002469136	3.65E-05	0.000185144	0.999963542	0.000185144	0.05	0.219042914
metagenomeSeq	200	800	mix	2	0.96296	0.001426092	0.910902264	0.186843723	0.081125	0.037667764	0.146679609	0.064222818	0.000296875	0.000519543	0.999703125	0.000519543	0.059097736	0.095385106
metagenomeSeq	200	800	mix	5	0.974272727	0.002840373	0.907621138	0.087806123	0.403661616	0.05877286	0.554668494	0.05736704	0.00195181	0.002292516	0.99804819	0.002292516	0.092378862	0.087806123
metagenomeSeq	200	800	mix	10	0.97769697	0.003915444	0.814784036	0.099251527	0.591161616	0.070150452	0.678950627	0.052960199	0.006197391	0.004266771	0.993802609	0.004266771	0.185215964	0.099251527
metagenomeSeq	200	1000	mix	1	0.949928571	0.00032901	0.002040816	0.020203051	0.000102041	0.001010153	0.000194363	0.0019241	8.06E-05	0.000372944	0.999919441	0.000372944	0.059183673	0.233678224
metagenomeSeq	200	1000	mix	2	0.953857895	0.001684825	0.951852732	0.082721805	0.082631579	0.035105026	0.149863326	0.058858972	0.000288089	0.000541595	0.999711911	0.000541595	0.048147268	0.082721805
metagenomeSeq	200	1000	mix	5	0.967055556	0.003064684	0.899705015	0.083425261	0.391010101	0.063318034	0.539895886	0.060325329	0.002626263	0.002594252	0.997373737	0.002594252	0.100294985	0.083425261
metagenomeSeq	200	1000	mix	10	0.970928571	0.003910731	0.815950165	0.097002048	0.559795918	0.064472156	0.657444542	0.042041595	0.007432868	0.005138105	0.992567132	0.005138105	0.184049835	0.097002048
metagenomeSeq	200	500	mix	1	0.974984848	0.000207691	0.01010101	0.100503782	0.00020202	0.002010076	0.000396118	0.003941325	2.07E-05	0.000206162	0.99997928	0.000206162	0.01010101	0.100503782
metagenomeSeq	200	500	mix	2	0.979777778	0.001503775	0.945038634	0.084708655	0.206262626	0.06152129	0.333345937	0.082353228	0.0003885	0.000683681	0.9996115	0.000683681	0.054961366	0.084708655
metagenomeSeq	200	500	mix	5	0.989671717	0.002989916	0.862851293	0.104572479	0.716767677	0.069968335	0.777139046	0.056417373	0.003330743	0.003051855	0.996669257	0.003051855	0.137148707	0.104572479
metagenomeSeq	200	500	mix	10	0.988381443	0.004788644	0.729325067	0.1124358	0.901237113	0.049481851	0.800260396	0.06716171	0.009384087	0.005118669	0.990615913	0.005118669	0.270674933	0.1124358
metagenomeSeq	200	2000	mix	1	0.89994898	0.000243363	0.032653061	0.173962616	0.000204082	0.000994409	0.000404151	0.001969344	7.94E-05	0.000287626	0.999920635	0.000287626	0.1	0.29879483
metagenomeSeq	200	2000	mix	2	0.905035714	0.001729445	0.95772256	0.06282848	0.053112245	0.018297587	0.099999902	0.032672647	0.000306122	0.000486043	0.999693878	0.000486043	0.04227744	0.06282848
metagenomeSeq	200	2000	mix	5	0.923260204	0.003921412	0.917456815	0.074104301	0.258571429	0.0395985	0.401012151	0.046765509	0.002885488	0.002996177	0.997114512	0.002996177	0.082543185	0.074104301
metagenomeSeq	200	2000	mix	10	0.930385	0.005106371	0.840952751	0.084981125	0.38325	0.048738506	0.522539074	0.043082755	0.008822222	0.005979493	0.991177778	0.005979493	0.159047249	0.084981125
metagenomeSeq	200	400	mix	1	0.979984536	8.70E-05	0	0	0	0	0	0	1.58E-05	8.88E-05	0.99998422	8.88E-05	0.030927835	0.174021565
metagenomeSeq	200	400	mix	2	0.98347449	0.001475526	0.946688884	0.099784627	0.1875	0.07437454	0.305595055	0.102346635	0.000281133	0.000613482	0.999718867	0.000613482	0.053311116	0.099784627
metagenomeSeq	200	400	mix	5	0.991984536	0.002698817	0.863740976	0.103455216	0.728608247	0.075690372	0.785125187	0.063796259	0.002640438	0.002465631	0.997359562	0.002465631	0.136259024	0.103455216
metagenomeSeq	200	400	mix	10	0.99164433	0.003905764	0.753169418	0.115352176	0.907989691	0.052977294	0.818081561	0.073277242	0.006648433	0.003909568	0.993351567	0.003909568	0.246830582	0.115352176
metagenomeSeq	200	300	mix	1	0.985	0	0	0	0	0	0	0	0	0	1	0	0	0
metagenomeSeq	200	300	mix	2	0.987413265	0.00141426	0.952748004	0.125469734	0.176530612	0.076463826	0.289651495	0.105684938	0.000238268	0.000989265	0.999761732	0.000989265	0.047251996	0.125469734
metagenomeSeq	200	300	mix	5	0.993852041	0.001864217	0.86894437	0.101980604	0.714285714	0.088256629	0.776674158	0.063447568	0.001890604	0.001839322	0.998109396	0.001839322	0.13105563	0.101980604
metagenomeSeq	200	300	mix	10	0.993661616	0.003010041	0.75133429	0.111739945	0.908754209	0.056058331	0.816703894	0.069830572	0.005045378	0.003120577	0.994954622	0.003120577	0.24866571	0.111739945
metagenomeSeq	200	200	mix	1	0.98997	0.000211058	0.001666667	0.016666667	5.00E-04	0.005	0.000769231	0.007692308	3.54E-05	0.00026135	0.999964646	0.00026135	0.028333333	0.162498381
metagenomeSeq	200	200	mix	2	0.992255102	0.001124344	0.933070458	0.171693472	0.246428571	0.11868046	0.373866111	0.14974827	0.000211297	0.000575268	0.999788703	0.000575268	0.046521379	0.105826678
metagenomeSeq	200	200	mix	5	0.996076531	0.001796836	0.84186282	0.126953494	0.782653061	0.100026296	0.801846705	0.079497013	0.001767677	0.001827832	0.998232323	0.001827832	0.15813718	0.126953494
metagenomeSeq	200	200	mix	10	0.995335	0.002857787	0.72737635	0.144171681	0.9455	0.050299607	0.812847559	0.091490148	0.004161616	0.00297116	0.995838384	0.00297116	0.27262365	0.144171681
metagenomeSeq	200	100	mix	1	0.994994845	8.82E-05	0.010309278	0.101534617	0.001030928	0.010153462	0.001874414	0.018460839	1.04E-05	7.18E-05	0.999989639	7.18E-05	0.020618557	0.142841801
metagenomeSeq	200	100	mix	2	0.997010101	0.000811209	0.942494935	0.138796565	0.435353535	0.166177389	0.574032193	0.164754971	0.000167504	0.000393196	0.999832496	0.000393196	0.047404055	0.100652402
metagenomeSeq	200	100	mix	5	0.997371134	0.001625446	0.741159973	0.172375967	0.843298969	0.112645477	0.773131346	0.109578166	0.001854634	0.001644979	0.998145366	0.001644979	0.258840027	0.172375967
metagenomeSeq	200	100	mix	10	0.995566327	0.002786786	0.57926186	0.168024429	0.964285714	0.057883637	0.709124252	0.130275666	0.004276484	0.002798565	0.995723516	0.002798565	0.42073814	0.168024429
AAMAVD	200	100	mix	1	0.9945	0.000714214	0.059777778	0.198917008	0.011	0.031446604	0.0175841	0.050807618	0.000557789	0.000728017	0.999442211	0.000728017	0.540222222	0.483411774
AAMAVD	200	100	mix	2	0.996885	0.001180342	0.821413004	0.180778384	0.528	0.149125396	0.623583842	0.138134628	0.000758794	0.000940779	0.999241206	0.000940779	0.178586996	0.180778384
AAMAVD	200	100	mix	5	0.99942	0.000727247	0.928155678	0.092515763	0.972	0.055194788	0.946329883	0.060802998	0.000442211	0.000686117	0.999557789	0.000686117	0.071844322	0.092515763
AAMAVD	200	100	mix	10	0.999755	0.000479346	0.960964604	0.067741865	0.998	0.014070529	0.977764209	0.039738011	0.000236181	0.000476217	0.999763819	0.000476217	0.039035396	0.067741865
AAMAVD	200	200	mix	1	0.98791	0.001625833	0.123718975	0.195926136	0.029	0.034945846	0.043753065	0.051986459	0.00240404	0.001674478	0.99759596	0.001674478	0.826281025	0.271790328
AAMAVD	200	200	mix	2	0.992375	0.001639745	0.717706059	0.148448953	0.432	0.10672347	0.52776569	0.09987725	0.001964646	0.001498729	0.998035354	0.001498729	0.282293941	0.148448953
AAMAVD	200	200	mix	5	0.998095	0.001545105	0.876598366	0.102591917	0.9625	0.051431527	0.913443029	0.06310039	0.001545455	0.00152248	0.998454545	0.00152248	0.123401634	0.102591917
AAMAVD	200	200	mix	10	0.999065	0.001205323	0.926066693	0.079086908	0.9955	0.014381175	0.95766463	0.047806742	0.00089899	0.001178626	0.99910101	0.001178626	0.073933307	0.079086908
AAMAVD	200	300	mix	1	0.981295	0.001952847	0.110389275	0.131631763	0.030666667	0.025372644	0.045498403	0.036854404	0.004228426	0.002063585	0.995771574	0.002063585	0.889610725	0.131631763
AAMAVD	200	300	mix	2	0.98731	0.002184403	0.660408559	0.14655307	0.367666667	0.088566968	0.462324731	0.086149905	0.003253807	0.002079967	0.996746193	0.002079967	0.339591441	0.14655307
AAMAVD	200	300	mix	5	0.99671	0.002466114	0.868212179	0.105327402	0.944333333	0.050597995	0.900063501	0.063500962	0.002492386	0.002517059	0.997507614	0.002517059	0.131787821	0.105327402
AAMAVD	200	300	mix	10	0.998345	0.001540194	0.913953221	0.075729328	0.991666667	0.016666667	0.949354787	0.042966263	0.001553299	0.001580412	0.998446701	0.001580412	0.086046779	0.075729328
AAMAVD	200	400	mix	1	0.97421	0.003261483	0.100821451	0.08523902	0.0375	0.032663729	0.052169809	0.043111343	0.006673469	0.003564929	0.993326531	0.003564929	0.899178549	0.08523902
AAMAVD	200	400	mix	2	0.983085	0.002621834	0.653116277	0.1355687	0.37975	0.087811135	0.469954999	0.080520737	0.004602041	0.002679196	0.995397959	0.002679196	0.346883723	0.1355687
AAMAVD	200	400	mix	5	0.9963	0.002714533	0.883151463	0.090548012	0.95475	0.036009083	0.914608661	0.054288284	0.002852041	0.002716345	0.997147959	0.002716345	0.116848537	0.090548012
AAMAVD	200	400	mix	10	0.99802	0.001718762	0.92000268	0.066156099	0.99325	0.015014723	0.953940084	0.037917516	0.001882653	0.001712536	0.998117347	0.001712536	0.07999732	0.066156099
AAMAVD	200	500	mix	1	0.96865	0.003590462	0.100158835	0.077043983	0.0362	0.031870318	0.050940742	0.041286724	0.007441026	0.004153718	0.992558974	0.004153718	0.899841165	0.077043983
AAMAVD	200	500	mix	2	0.978675	0.003799505	0.644762471	0.137619595	0.3874	0.076891896	0.475229172	0.074628942	0.006164103	0.003774771	0.993835897	0.003774771	0.355237529	0.137619595
AAMAVD	200	500	mix	5	0.995055	0.002895394	0.877898626	0.077057615	0.9442	0.043511986	0.907147865	0.045769761	0.003641026	0.003016325	0.996358974	0.003016325	0.122101374	0.077057615
AAMAVD	200	500	mix	10	0.997825	0.001927178	0.928271416	0.060072337	0.995	0.011146409	0.959342453	0.033407072	0.002102564	0.002007431	0.997897436	0.002007431	0.071728584	0.060072337
AAMAVD	200	800	mix	1	0.924885	0.01089478	0.096835384	0.030967708	0.1045	0.041344207	0.098169469	0.032804172	0.040932292	0.012278189	0.959067708	0.012278189	0.903164616	0.030967708
AAMAVD	200	800	mix	2	0.943055	0.010289962	0.34423489	0.063360101	0.412875	0.080881644	0.367348701	0.042637553	0.034854167	0.012866974	0.965145833	0.012866974	0.65576511	0.063360101
AAMAVD	200	800	mix	5	0.97162	0.009180051	0.611717257	0.095471097	0.906	0.053255151	0.724378633	0.062612205	0.025645833	0.010384293	0.974354167	0.010384293	0.388282743	0.095471097
AAMAVD	200	800	mix	10	0.981725	0.007751629	0.708202561	0.094479369	0.9715	0.027471289	0.81484547	0.061284425	0.017848958	0.008503193	0.982151042	0.008503193	0.291797439	0.094479369
AAMAVD	200	1000	mix	1	0.91036	0.013482139	0.101443015	0.03018684	0.1012	0.044044972	0.098398246	0.03254884	0.047052632	0.015838662	0.952947368	0.015838662	0.898556985	0.03018684
AAMAVD	200	1000	mix	2	0.93224	0.011861252	0.366684884	0.082563434	0.4111	0.085480165	0.377084401	0.04841812	0.040331579	0.015197416	0.959668421	0.015197416	0.633315116	0.082563434
AAMAVD	200	1000	mix	5	0.96283	0.011154159	0.598462936	0.09060549	0.8989	0.049947346	0.712880685	0.059103657	0.033805263	0.012931677	0.966194737	0.012931677	0.401537064	0.09060549
AAMAVD	200	1000	mix	10	0.97707	0.009669284	0.706045262	0.093728392	0.9733	0.02010352	0.814452056	0.061890183	0.022731579	0.0105358	0.977268421	0.0105358	0.293954738	0.093728392
AAMAVD	200	2000	mix	1	0.761095	0.036061654	0.100304552	0.015914407	0.17415	0.053470727	0.125103571	0.023856667	0.173688889	0.04469148	0.826311111	0.04469148	0.899695448	0.015914407
AAMAVD	200	2000	mix	2	0.80772	0.029179029	0.260173495	0.039210751	0.47755	0.066838774	0.332975804	0.031983199	0.155594444	0.036950847	0.844405556	0.036950847	0.739826505	0.039210751
AAMAVD	200	2000	mix	5	0.88036	0.027958761	0.460489011	0.067949862	0.8847	0.037998006	0.601910002	0.054421497	0.120122222	0.032969638	0.879877778	0.032969638	0.539510989	0.067949862
AAMAVD	200	2000	mix	10	0.91453	0.028340536	0.555459529	0.087118002	0.9477	0.020106032	0.696194513	0.068469265	0.089155556	0.031860902	0.910844444	0.031860902	0.444540471	0.087118002
