name	Sample	OTU	type	effect	mean_Accuracy	sd_Accuracy	mean_Precision	sd_Precision	mean_TPR	sd_TPR	mean_F1_score	sd_F1_score	mean_FPR	sd_FPR	mean_Specificity	sd_Specificity	mean_FDR	sd_FDR
ALDEx2_wi	20	100	mix	1	0.988994505	0.000173402	0	0	0	0	0	0	1.67E-05	0.000175329	0.999983333	0.000175329	0.01	0.099748427
Corncob	20	100	mix	1	0.98893956	0.000366664	0.011666667	0.10233183	0.0015	0.012185748	0.002587413	0.021081965	8.89E-05	0.000375435	0.999911111	0.000375435	0.058333333	0.232572341
DACOMP	20	100	mix	1	0.988983516	0.000279515	0	0	0	0	0	0	2.78E-05	0.000282621	0.999972222	0.000282621	0.01	0.099748427
DESeq2	20	100	mix	1	0.987186813	0.002598701	0.062847222	0.173253266	0.02	0.049112731	0.027511889	0.066315395	0.002066667	0.002766958	0.997933333	0.002766958	0.647152778	0.447567655
fastANCOM	20	100	mix	1	0.988978022	0.000267819	0	0	0	0	0	0	3.33E-05	0.000270794	0.999966667	0.000270794	0.015	0.121857483
LEfSe	20	100	mix	1	0.988970289	0.000262662	0	0	0	0	0	0	4.12E-05	0.00026558	0.999958848	0.00026558	0.026455026	0.16091039
limma_voom	20	100	mix	1	0.988901099	0.000467394	0.001	0.014142136	5.00E-04	0.007071068	0.000666667	0.00942809	0.000116667	0.000515261	0.999883333	0.000515261	0.064	0.243723214
LinDA	20	100	mix	1	0.988862637	0.000589953	0.001666667	0.023570226	5.00E-04	0.007071068	0.000769231	0.010878566	0.000155556	0.000610514	0.999844444	0.000610514	0.083333333	0.275056463
MaAsLin2	20	100	mix	1	0.988944724	0.000360226	0	0	0	0	0	0	6.70E-05	0.000364228	0.999932998	0.000364228	0.040201005	0.196925766
Wilcox	20	100	mix	1	0.988994505	0.000173402	0	0	0	0	0	0	1.67E-05	0.000175329	0.999983333	0.000175329	0.01	0.099748427
ZicoSeq	20	100	mix	1	0.989010989	0	0	0	0	0	0	0	0	0	1	0	0	0
ALDEx2_wi	20	100	mix	10	0.986813187	0.002110474	0.083019841	0.189633864	0.023	0.048815106	0.034071412	0.069945986	0.002477778	0.002106743	0.997522222	0.002106743	0.776980159	0.365518344
Corncob	20	100	mix	10	0.986285714	0.002812921	0.066728355	0.157115021	0.025	0.049874214	0.033335443	0.065444731	0.003033333	0.002973736	0.996966667	0.002973736	0.753271645	0.385854786
DACOMP	20	100	mix	10	0.986862637	0.00209691	0.061714286	0.137820937	0.022	0.048245603	0.031167142	0.066488664	0.002416667	0.002166921	0.997583333	0.002166921	0.623285714	0.443597261
DESeq2	20	100	mix	10	0.979571429	0.003852956	0.093018343	0.082251785	0.0985	0.089373869	0.092618987	0.079311232	0.010638889	0.003984332	0.989361111	0.003984332	0.906981657	0.082251785
fastANCOM	20	100	mix	10	0.987230769	0.002041965	0.07622619	0.209159045	0.017	0.042662636	0.026292969	0.064115056	0.001988889	0.002022241	0.998011111	0.002022241	0.70377381	0.42720224
LEfSe	20	100	mix	10	0.986774725	0.002560918	0.079130037	0.196894619	0.023	0.048815106	0.032187808	0.065729541	0.002516667	0.002688348	0.997483333	0.002688348	0.705869963	0.417365196
limma_voom	20	100	mix	10	0.984186813	0.003173446	0.076609744	0.125126907	0.045	0.069274779	0.05379009	0.080016284	0.005377778	0.003271225	0.994622222	0.003271225	0.918390256	0.141020551
LinDA	20	100	mix	10	0.984571429	0.003211557	0.078102735	0.126916728	0.042	0.066770438	0.051263173	0.077366287	0.004955556	0.003358069	0.995044444	0.003358069	0.891897265	0.2016045
MaAsLin2	20	100	mix	10	0.985313187	0.002974841	0.075444916	0.138614501	0.0335	0.058693908	0.043540554	0.07303548	0.004111111	0.003060691	0.995888889	0.003060691	0.869555084	0.251216076
Wilcox	20	100	mix	10	0.987065934	0.002238049	0.076285714	0.204304073	0.019	0.042991176	0.028008682	0.062080121	0.002177778	0.002301328	0.997822222	0.002301328	0.703714286	0.424815348
ZicoSeq	20	100	mix	10	0.989010989	0	0	0	0	0	0	0	0	0	1	0	0	0
ALDEx2_wi	20	100	mix	2	0.988972527	0.000230494	0.005	0.070710678	5.00E-04	0.007071068	0.000909091	0.012856487	4.44E-05	0.000218279	0.999955556	0.000218279	0.04	0.196450922
Corncob	20	100	mix	2	0.988791209	0.00065175	0.02	0.131095117	0.0025	0.015651673	0.004393939	0.027534151	0.00025	0.000644114	0.99975	0.000644114	0.16	0.364091766
DACOMP	20	100	mix	2	0.988961538	0.00041656	0	0	0	0	0	0	5.00E-05	0.000421188	0.99995	0.000421188	0.015	0.121857483
DESeq2	20	100	mix	2	0.986736264	0.002338295	0.05249026	0.125400862	0.0215	0.050997586	0.028535182	0.06515504	0.002538889	0.002509063	0.997461111	0.002509063	0.72250974	0.408946597
fastANCOM	20	100	mix	2	0.989005495	0.000134813	0.005	0.070710678	5.00E-04	0.007071068	0.000909091	0.012856487	1.11E-05	0.000110832	0.999988889	0.000110832	0.01	0.099748427
LEfSe	20	100	mix	2	0.988971942	0.000357563	0.00676819	0.074985946	0.001015228	0.010050118	0.00170388	0.016926395	5.08E-05	0.000377204	0.999949239	0.000377204	0.023688663	0.148700105
limma_voom	20	100	mix	2	0.988862637	0.000500952	0.015	0.111070624	0.002	0.014035132	0.003484848	0.024478729	0.000172222	0.000499364	0.999827778	0.000499364	0.12	0.32189764
LinDA	20	100	mix	2	0.988846154	0.000630453	0.02975	0.161268332	0.004	0.019645092	0.00675974	0.033408854	0.000211111	0.000662653	0.999788889	0.000662653	0.12025	0.321432781
MaAsLin2	20	100	mix	2	0.988961538	0.000370287	0.03	0.171015295	0.003	0.01710153	0.005454545	0.03109369	8.33E-05	0.000313825	0.999916667	0.000313825	0.07	0.255787286
Wilcox	20	100	mix	2	0.988989011	0.000154232	0	0	0	0	0	0	2.22E-05	0.000155946	0.999977778	0.000155946	0.02	0.140351318
ZicoSeq	20	100	mix	2	0.989010989	0	0	0	0	0	0	0	0	0	1	0	0	0
ALDEx2_wi	20	100	mix	5	0.987989011	0.001356025	0.072714286	0.227544134	0.0135	0.038407364	0.021458698	0.060313811	0.001183333	0.001364595	0.998816667	0.001364595	0.547285714	0.482721133
Corncob	20	100	mix	5	0.987527473	0.001973015	0.078166667	0.223189728	0.0195	0.04560867	0.028053958	0.064801178	0.001716667	0.002115815	0.998283333	0.002115815	0.611833333	0.464845847
DACOMP	20	100	mix	5	0.987934066	0.001699413	0.042852564	0.138730991	0.012	0.036916312	0.01809484	0.055321984	0.001222222	0.001782239	0.998777778	0.001782239	0.372147436	0.461358663
DESeq2	20	100	mix	5	0.982065934	0.003548914	0.092980117	0.106177004	0.075	0.088963885	0.079089414	0.088304752	0.007855556	0.003686839	0.992144444	0.003686839	0.907019883	0.106177004
fastANCOM	20	100	mix	5	0.988637363	0.000834938	0.042083333	0.172631435	0.008	0.028986221	0.01291292	0.04716619	0.000466667	0.000893622	0.999533333	0.000893622	0.252916667	0.423303714
LEfSe	20	100	mix	5	0.98810989	0.001443803	0.054555556	0.199025762	0.0115	0.03639192	0.017542522	0.055574099	0.001038889	0.001527617	0.998961111	0.001527617	0.445444444	0.485837248
limma_voom	20	100	mix	5	0.986769231	0.002054645	0.091111291	0.221180532	0.025	0.049874214	0.035710019	0.070116804	0.002544444	0.002147227	0.997455556	0.002147227	0.763888709	0.383358537
LinDA	20	100	mix	5	0.986912088	0.002260925	0.08874457	0.223515906	0.0265	0.057132043	0.036069626	0.07520606	0.002416667	0.002464306	0.997583333	0.002464306	0.73625543	0.404775468
MaAsLin2	20	100	mix	5	0.987299133	0.002105808	0.094316822	0.237065238	0.021105528	0.045580254	0.031931908	0.068075239	0.001965382	0.002147113	0.998034618	0.002147113	0.694627901	0.4284141
Wilcox	20	100	mix	5	0.98821978	0.001304245	0.059037879	0.20988688	0.0115	0.03639192	0.017634754	0.054985615	0.000927778	0.001403591	0.999072222	0.001403591	0.445962121	0.486356302
ZicoSeq	20	100	mix	5	0.989010989	0	0	0	0	0	0	0	0	0	1	0	0	0
ALDEx2_wi	20	1000	mix	1	0.9	0	0	0	0	0	0	0	0	0	1	0	0	0
Corncob	20	1000	mix	1	0.899945	0.000304035	0.005	0.049874214	1.00E-04	0.000997484	0.000196078	0.001955852	7.22E-05	0.000353608	0.999927778	0.000353608	0.04	0.189948419
DACOMP	20	1000	mix	1	0.9	0	0	0	0	0	0	0	0	0	1	0	0	0
DESeq2	20	1000	mix	1	0.700435	0.018179888	0.000176681	0.000933295	0.00035	0.001842409	0.000234471	0.001236161	0.221777778	0.020196319	0.778222222	0.020196319	0.999823319	0.000933295
fastANCOM	20	1000	mix	1	0.9	0	0	0	0	0	0	0	0	0	1	0	0	0
LEfSe	20	1000	mix	1	0.9	0	0	0	0	0	0	0	0	0	1	0	0	0
limma_voom	20	1000	mix	1	0.86733	0.099077053	0.016705973	0.045418253	0.0417	0.12535822	0.018563492	0.049959948	0.040933333	0.123830615	0.959066667	0.123830615	0.203294027	0.38514004
LinDA	20	1000	mix	1	0.899995	7.07E-05	0	0	0	0	0	0	5.56E-06	7.86E-05	0.999994444	7.86E-05	0.005	0.070710678
MaAsLin2	20	1000	mix	1	0.899995	7.07E-05	0	0	0	0	0	0	5.56E-06	7.86E-05	0.999994444	7.86E-05	0.005	0.070710678
Wilcox	20	1000	mix	1	0.9	0	0	0	0	0	0	0	0	0	1	0	0	0
ZicoSeq	20	1000	mix	1	0.9	0	0	0	0	0	0	0	0	0	1	0	0	0
ALDEx2_wi	20	1000	mix	10	0.89856	0.001561599	0.082581349	0.217431122	0.00195	0.004449324	0.003766526	0.008561133	0.001816667	0.001768883	0.998183333	0.001768883	0.647418651	0.44782667
Corncob	20	1000	mix	10	0.897815	0.002147986	0.082120421	0.18481152	0.0029	0.005723091	0.005502068	0.010749182	0.00275	0.002544809	0.99725	0.002544809	0.707879579	0.407707088
DACOMP	20	1000	mix	10	0.899595	0.001563071	0.008686508	0.039826329	0.00065	0.00302045	0.001206462	0.005596695	0.000522222	0.001960937	0.999477778	0.001960937	0.061313492	0.225333479
DESeq2	20	1000	mix	10	0.671725	0.019335165	0.004459409	0.004402304	0.01025	0.009996859	0.006204785	0.006093059	0.254777778	0.021472559	0.745222222	0.021472559	0.995540591	0.004402304
fastANCOM	20	1000	mix	10	0.895985	0.020559872	0.079250431	0.160990943	0.0049	0.027178731	0.006536758	0.01497864	0.005005556	0.025798255	0.994994444	0.025798255	0.805749569	0.331489548
LEfSe	20	1000	mix	10	0.89966	0.001118326	0.013416667	0.073092675	0.00055	0.002870312	0.001051557	0.00548206	0.000438889	0.001345457	0.999561111	0.001345457	0.096583333	0.282370012
limma_voom	20	1000	mix	10	0.78068	0.186984662	0.090203285	0.109949136	0.1431	0.227128436	0.054439267	0.069065796	0.148477778	0.232786078	0.851522222	0.232786078	0.899796715	0.142216138
LinDA	20	1000	mix	10	0.897475	0.001989767	0.09342316	0.187346628	0.0034	0.005797244	0.006486552	0.011012873	0.003183333	0.002249077	0.996816667	0.002249077	0.79657684	0.335908234
MaAsLin2	20	1000	mix	10	0.897076142	0.00222676	0.088486204	0.173053329	0.003502538	0.005839367	0.006665435	0.011104395	0.003637902	0.00248857	0.996362098	0.00248857	0.830295522	0.300837693
Wilcox	20	1000	mix	10	0.899715	0.000637027	0.021	0.131703184	4.00E-04	0.002422673	0.000776883	0.0046899	0.000361111	0.000738352	0.999638889	0.000738352	0.239	0.423646529
ZicoSeq	20	1000	mix	10	0.9	0	0	0	0	0	0	0	0	0	1	0	0	0
ALDEx2_wi	20	1000	mix	2	0.89997	0.000243715	0	0	0	0	0	0	3.33E-05	0.000270794	0.999966667	0.000270794	0.02	0.140351318
Corncob	20	1000	mix	2	0.89977	0.000685162	0.005	0.049874214	1.00E-04	0.000997484	0.000196078	0.001955852	0.000266667	0.000765598	0.999733333	0.000765598	0.15	0.354440603
DACOMP	20	1000	mix	2	0.9	0	0	0	0	0	0	0	0	0	1	0	0	0
DESeq2	20	1000	mix	2	0.695155	0.018635379	0.000273333	0.001145279	0.00055	0.002285524	0.000363943	0.001517699	0.227666667	0.020698756	0.772333333	0.020698756	0.999726667	0.001145279
fastANCOM	20	1000	mix	2	0.899985	0.000121857	0	0	0	0	0	0	1.67E-05	0.000135397	0.999983333	0.000135397	0.015	0.121857483
LEfSe	20	1000	mix	2	0.9	0	0	0	0	0	0	0	0	0	1	0	0	0
limma_voom	20	1000	mix	2	0.87082	0.100787889	0.017199497	0.078221842	0.035	0.122075848	0.013479146	0.042778957	0.036311111	0.12546897	0.963688889	0.12546897	0.202800503	0.389377609
LinDA	20	1000	mix	2	0.899975	0.00018587	0	0	0	0	0	0	2.78E-05	0.000206522	0.999972222	0.000206522	0.02	0.140351318
MaAsLin2	20	1000	mix	2	0.89996	0.000280703	0	0	0	0	0	0	4.44E-05	0.000311892	0.999955556	0.000311892	0.025	0.156516732
Wilcox	20	1000	mix	2	0.9	0	0	0	0	0	0	0	0	0	1	0	0	0
ZicoSeq	20	1000	mix	2	0.9	0	0	0	0	0	0	0	0	0	1	0	0	0
ALDEx2_wi	20	1000	mix	5	0.899475	0.000992117	0.042416667	0.16923315	9.00E-04	0.00335354	0.001755352	0.006544682	0.000683333	0.001100888	0.999316667	0.001100888	0.352583333	0.46608332
Corncob	20	1000	mix	5	0.899045	0.001319729	0.063857143	0.192266911	0.00165	0.004784554	0.003188026	0.009217685	0.001244444	0.001492625	0.998755556	0.001492625	0.531142857	0.476621745
DACOMP	20	1000	mix	5	0.899975	0.000353553	0.000714286	0.010101525	5.00E-05	0.000707107	9.35E-05	0.001321695	3.33E-05	0.000471405	0.999966667	0.000471405	0.004285714	0.060609153
DESeq2	20	1000	mix	5	0.686825	0.02110263	0.003449642	0.004486124	0.0075	0.009809748	0.004717042	0.006135879	0.237694444	0.023553095	0.762305556	0.023553095	0.996550358	0.004486124
fastANCOM	20	1000	mix	5	0.899205	0.001253327	0.072607143	0.215785477	0.00145	0.004059544	0.002817439	0.007834763	0.001044444	0.001416186	0.998955556	0.001416186	0.437392857	0.475611804
LEfSe	20	1000	mix	5	0.89999	0.000141421	0.00125	0.01767767	5.00E-05	0.000707107	9.62E-05	0.001359821	1.67E-05	0.000235702	0.999983333	0.000235702	0.00375	0.053033009
limma_voom	20	1000	mix	5	0.84325	0.13762416	0.092938243	0.169927743	0.07055	0.170002062	0.030071632	0.055215932	0.070894444	0.171693907	0.929105556	0.171693907	0.752061757	0.362702316
LinDA	20	1000	mix	5	0.899175	0.001149339	0.06525	0.188426864	0.0015	0.00385021	0.002915861	0.00748386	0.001083333	0.001320041	0.998916667	0.001320041	0.47975	0.474394255
MaAsLin2	20	1000	mix	5	0.89894	0.001336161	0.068464286	0.171241938	0.0021	0.00507135	0.004056665	0.00978919	0.001411111	0.001526123	0.998588889	0.001526123	0.551535714	0.462399602
Wilcox	20	1000	mix	5	0.89985	0.000546804	0.031666667	0.157086468	0.00055	0.002689548	0.001079421	0.00527717	0.000227778	0.00057122	0.999772222	0.00057122	0.158333333	0.357479701
ZicoSeq	20	1000	mix	5	0.9	0	0	0	0	0	0	0	0	0	1	0	0	0
ALDEx2_wi	20	200	mix	1	0.97826087	0	0	0	0	0	0	0	0	0	1	0	0	0
Corncob	20	200	mix	1	0.978173913	0.000491688	0.0225	0.14438833	0.00125	0.007825837	0.002359307	0.014773393	0.000116667	0.000477777	0.999883333	0.000477777	0.0725	0.257537137
DACOMP	20	200	mix	1	0.97826087	0	0	0	0	0	0	0	0	0	1	0	0	0
DESeq2	20	200	mix	1	0.974853261	0.002310741	0.018117063	0.068862224	0.00425	0.015673731	0.006645292	0.023979866	0.003577778	0.00239724	0.996422222	0.00239724	0.926882937	0.234468112
fastANCOM	20	200	mix	1	0.978255435	7.69E-05	0	0	0	0	0	0	5.56E-06	7.86E-05	0.999994444	7.86E-05	0.005	0.070710678
LEfSe	20	200	mix	1	0.97826087	0	0	0	0	0	0	0	0	0	1	0	0	0
limma_voom	20	200	mix	1	0.977538043	0.003109473	0.019666092	0.115253969	0.00475	0.022749179	0.006130044	0.028213261	0.000844444	0.003503457	0.999155556	0.003503457	0.135333908	0.333937021
LinDA	20	200	mix	1	0.978206522	0.000357277	0.011	0.100646154	0.00075	0.006092874	0.001352381	0.011021861	7.22E-05	0.000402817	0.999927778	0.000402817	0.044	0.203645174
MaAsLin2	20	200	mix	1	0.97825	0.000188424	0.01	0.099748427	5.00E-04	0.004987421	0.000952381	0.00949985	2.22E-05	0.000155946	0.999977778	0.000155946	0.02	0.140351318
Wilcox	20	200	mix	1	0.97826087	0	0	0	0	0	0	0	0	0	1	0	0	0
ZicoSeq	20	200	mix	1	0.97826087	0	0	0	0	0	0	0	0	0	1	0	0	0
ALDEx2_wi	20	200	mix	10	0.976755435	0.001585397	0.070089286	0.190644216	0.00875	0.01969459	0.01508188	0.034155665	0.001733333	0.001654581	0.998266667	0.001654581	0.654910714	0.444948627
Corncob	20	200	mix	10	0.976467391	0.002224531	0.093910714	0.232637501	0.01225	0.025802448	0.020384049	0.042127435	0.002105556	0.002369224	0.997894444	0.002369224	0.651089286	0.443750735
DACOMP	20	200	mix	10	0.977288043	0.001860131	0.024184524	0.082951178	0.0055	0.017926427	0.008858499	0.028907659	0.001116667	0.002043322	0.998883333	0.002043322	0.230815476	0.401988216
DESeq2	20	200	mix	10	0.966842391	0.004147959	0.074607194	0.078810704	0.04375	0.042514408	0.053957619	0.052854687	0.012644444	0.004061626	0.987355556	0.004061626	0.925392806	0.078810704
fastANCOM	20	200	mix	10	0.976516304	0.00168425	0.072422619	0.194823409	0.0095	0.021495588	0.016268029	0.037201123	0.001994444	0.001730304	0.998005556	0.001730304	0.712577381	0.41985838
LEfSe	20	200	mix	10	0.977119565	0.001749444	0.075922619	0.21267901	0.0085	0.020118993	0.014783729	0.035183005	0.001355556	0.001824076	0.998644444	0.001824076	0.489077381	0.475245
limma_voom	20	200	mix	10	0.970429348	0.010957855	0.103897299	0.15729509	0.04725	0.074550158	0.051087834	0.060817163	0.009055556	0.012449663	0.990944444	0.012449663	0.881102701	0.190940854
LinDA	20	200	mix	10	0.975418478	0.002457661	0.107145022	0.231799435	0.01725	0.029906681	0.027777371	0.047929048	0.003288889	0.002576071	0.996711111	0.002576071	0.812854978	0.332372498
MaAsLin2	20	200	mix	10	0.975711957	0.00253594	0.105607323	0.231036309	0.01575	0.029045753	0.025745845	0.046977039	0.002955556	0.002644051	0.997044444	0.002644051	0.794392677	0.350146305
Wilcox	20	200	mix	10	0.97725	0.001515836	0.072047619	0.203631364	0.0085	0.021912342	0.014589788	0.036672995	0.001222222	0.001621862	0.998777778	0.001621862	0.487952381	0.474745633
ZicoSeq	20	200	mix	10	0.97826087	0	0	0	0	0	0	0	0	0	1	0	0	0
ALDEx2_wi	20	200	mix	2	0.978222826	0.000252692	0.005	0.070710678	0.00025	0.003535534	0.00047619	0.00673435	4.44E-05	0.000245058	0.999955556	0.000245058	0.035	0.184240939
Corncob	20	200	mix	2	0.978076087	0.000597938	0.025	0.156516732	0.00125	0.007825837	0.002380952	0.014906355	0.000216667	0.000575548	0.999783333	0.000575548	0.145	0.352984405
DACOMP	20	200	mix	2	0.97826087	0	0	0	0	0	0	0	0	0	1	0	0	0
DESeq2	20	200	mix	2	0.974586957	0.002512331	0.042715113	0.139511919	0.00775	0.021905175	0.012286931	0.033970894	0.003927778	0.002578569	0.996072222	0.002578569	0.917284887	0.233713841
fastANCOM	20	200	mix	2	0.97826087	0.000108968	0.005	0.070710678	0.00025	0.003535534	0.00047619	0.00673435	5.56E-06	7.86E-05	0.999994444	7.86E-05	0.005	0.070710678
LEfSe	20	200	mix	2	0.978211957	0.000412032	0	0	0	0	0	0	5.00E-05	0.000421188	0.99995	0.000421188	0.025	0.156516732
limma_voom	20	200	mix	2	0.977815217	0.001591051	0.019513889	0.125182861	0.0025	0.01395434	0.003739414	0.019111136	0.000511111	0.001822987	0.999488889	0.001822987	0.160486111	0.363109985
LinDA	20	200	mix	2	0.978190217	0.000378695	0.016666667	0.12391348	0.001	0.007017566	0.001863354	0.01308609	9.44E-05	0.000382272	0.999905556	0.000382272	0.063333333	0.241875235
MaAsLin2	20	200	mix	2	0.978168478	0.000373962	0.01	0.099748427	5.00E-04	0.004987421	0.000952381	0.00949985	0.000105556	0.000362617	0.999894444	0.000362617	0.085	0.279581525
Wilcox	20	200	mix	2	0.978244565	0.000203205	0.01	0.099748427	5.00E-04	0.004987421	0.000952381	0.00949985	2.78E-05	0.000173907	0.999972222	0.000173907	0.025	0.156516732
ZicoSeq	20	200	mix	2	0.97826087	0	0	0	0	0	0	0	0	0	1	0	0	0
ALDEx2_wi	20	200	mix	5	0.977592391	0.001093369	0.035833333	0.169471788	0.0025	0.010924593	0.004614154	0.020176315	0.000738889	0.00109297	0.999261111	0.00109297	0.419166667	0.488556226
Corncob	20	200	mix	5	0.977320652	0.001440188	0.034125	0.148798457	0.00325	0.012357225	0.005762789	0.021972756	0.001033333	0.001488255	0.998966667	0.001488255	0.505875	0.490139223
DACOMP	20	200	mix	5	0.97801087	0.000978959	0.003333333	0.033249476	5.00E-04	0.004987421	0.000869565	0.008673776	0.000266667	0.001016277	0.999733333	0.001016277	0.066666667	0.245563653
DESeq2	20	200	mix	5	0.970005435	0.003862	0.06407957	0.089199925	0.02925	0.040187219	0.038496317	0.051420595	0.009088889	0.004045096	0.990911111	0.004045096	0.93592043	0.089199925
fastANCOM	20	200	mix	5	0.977673913	0.000979747	0.031666667	0.157086468	0.00225	0.010391217	0.004157726	0.019210959	0.00065	0.000979202	0.99935	0.000979202	0.378333333	0.479830488
LEfSe	20	200	mix	5	0.977777174	0.000941789	0.015833333	0.084534889	0.00175	0.009212047	0.003142292	0.016544502	0.000533333	0.000977189	0.999466667	0.000977189	0.309166667	0.454027667
limma_voom	20	200	mix	5	0.974293478	0.00770889	0.061197428	0.16320333	0.017	0.044676391	0.020227514	0.041642652	0.004433333	0.008595082	0.995566667	0.008595082	0.673802572	0.43565063
LinDA	20	200	mix	5	0.976923913	0.001899023	0.065027778	0.210730061	0.00675	0.017847413	0.011366614	0.029661225	0.001516667	0.002066508	0.998483333	0.002066508	0.609972222	0.471597379
MaAsLin2	20	200	mix	5	0.977065217	0.001399725	0.0505	0.179551445	0.005	0.015037641	0.008827228	0.026606433	0.001333333	0.001439475	0.998666667	0.001439475	0.6345	0.465964745
Wilcox	20	200	mix	5	0.977815217	0.000969696	0.026130952	0.138321851	0.00225	0.010391217	0.004014027	0.018590352	0.000505556	0.00102574	0.999494444	0.00102574	0.293869048	0.44956615
ZicoSeq	20	200	mix	5	0.97826087	0	0	0	0	0	0	0	0	0	1	0	0	0
ALDEx2_wi	20	2000	mix	1	0.818181818	0	0	0	0	0	0	0	0	0	1	0	0	0
Corncob	20	2000	mix	1	0.818113636	0.00049026	0.0075	0.07481132	7.50E-05	0.000609287	0.00014779	0.001200655	1.00E-04	0.000641726	0.9999	0.000641726	0.0275	0.158094018
DACOMP	20	2000	mix	1	0.818181818	0	0	0	0	0	0	0	0	0	1	0	0	0
DESeq2	20	2000	mix	1	0.212772727	0.030457392	4.73E-05	0.000269717	0.00015	0.000855076	7.19E-05	0.000409891	0.739977778	0.037193892	0.260022222	0.037193892	0.999952726	0.000269717
fastANCOM	20	2000	mix	1	0.818177273	6.43E-05	0	0	0	0	0	0	5.56E-06	7.86E-05	0.999994444	7.86E-05	0.005	0.070710678
LEfSe	20	2000	mix	1	0.818181818	0	0	0	0	0	0	0	0	0	1	0	0	0
limma_voom	20	2000	mix	1	0.729595455	0.265599466	0.018588254	0.07892063	0.06035	0.181669747	0.017555808	0.051221402	0.121683333	0.364923355	0.878316667	0.364923355	0.201411746	0.386713568
LinDA	20	2000	mix	1	0.818181818	9.11E-05	0.005	0.070710678	2.50E-05	0.000353553	4.98E-05	0.000703589	5.56E-06	7.86E-05	0.999994444	7.86E-05	0.005	0.070710678
MaAsLin2	20	2000	mix	1	0.818163545	0.000181814	0.005025126	0.070888121	2.51E-05	0.000354441	5.00E-05	0.000705354	2.79E-05	0.000207034	0.999972083	0.000207034	0.020100503	0.140698079
Wilcox	20	2000	mix	1	0.818181818	0	0	0	0	0	0	0	0	0	1	0	0	0
ZicoSeq	20	2000	mix	1	0.818181818	0	0	0	0	0	0	0	0	0	1	0	0	0
ALDEx2_wi	20	2000	mix	10	0.8162	0.001849345	0.077746032	0.177077764	0.001225	0.002377528	0.00239978	0.004654548	0.002694444	0.002281285	0.997305556	0.002281285	0.762253968	0.376069359
Corncob	20	2000	mix	10	0.815240909	0.003022649	0.091289248	0.192454739	0.001875	0.003025748	0.003623429	0.005825977	0.004011111	0.003896722	0.995988889	0.003896722	0.773710752	0.36003983
DACOMP	20	2000	mix	10	0.818009091	0.001106445	0.002635101	0.01939362	0.000125	0.000929351	0.000238555	0.001772634	0.000238889	0.001510464	0.999761111	0.001510464	0.022364899	0.140389927
DESeq2	20	2000	mix	10	0.157636364	0.039267241	0.00188145	0.001569626	0.0069	0.005771181	0.002955221	0.002465769	0.808866667	0.048165549	0.191133333	0.048165549	0.99811855	0.001569626
fastANCOM	20	2000	mix	10	0.782668182	0.149862794	0.103835118	0.160435862	0.0238	0.100277555	0.011513793	0.033355768	0.048694444	0.205380279	0.951305556	0.205380279	0.851164882	0.244005121
LEfSe	20	2000	mix	10	0.817963636	0.000948178	0.009736111	0.055864577	0.00025	0.001395434	0.000486191	0.002712413	0.000322222	0.00131133	0.999677778	0.00131133	0.055263889	0.214250403
limma_voom	20	2000	mix	10	0.490113636	0.450830741	0.0954087	0.0867405	0.22405	0.310037844	0.064930119	0.078046382	0.450761111	0.619772292	0.549238889	0.619772292	0.8995913	0.107540843
LinDA	20	2000	mix	10	0.815109091	0.00237405	0.099518038	0.161652688	0.0021	0.00306381	0.004091001	0.005962397	0.004222222	0.002865992	0.995777778	0.002865992	0.840481962	0.266106808
MaAsLin2	20	2000	mix	10	0.814495455	0.002797478	0.100995356	0.156568773	0.00245	0.003362145	0.004751007	0.00650877	0.00505	0.003402042	0.99495	0.003402042	0.854004644	0.242011316
Wilcox	20	2000	mix	10	0.817981818	0.000492141	0.0325	0.174199533	0.000175	0.000921205	0.000348012	0.00183195	0.000283333	0.000556922	0.999716667	0.000556922	0.2225	0.415459726
ZicoSeq	20	2000	mix	10	0.818181818	0	0	0	0	0	0	0	0	0	1	0	0	0
ALDEx2_wi	20	2000	mix	2	0.818163636	0.000127592	0	0	0	0	0	0	2.22E-05	0.000155946	0.999977778	0.000155946	0.02	0.140351318
Corncob	20	2000	mix	2	0.818081818	0.000405433	0.0175	0.126585423	1.00E-04	0.000701757	0.000198759	0.001394805	0.000144444	0.00047664	0.999855556	0.00047664	0.0975	0.295261999
DACOMP	20	2000	mix	2	0.818181818	0	0	0	0	0	0	0	0	0	1	0	0	0
DESeq2	20	2000	mix	2	0.207790909	0.033910457	0.000170748	0.000523761	0.000575	0.001749192	0.000263107	0.000805042	0.746161111	0.041456634	0.253838889	0.041456634	0.999829252	0.000523761
fastANCOM	20	2000	mix	2	0.811718182	0.06433686	0.000975198	0.00973955	0.0043	0.042964985	0.001589819	0.015879197	0.008855556	0.088165391	0.991144444	0.088165391	0.024024802	0.150602638
LEfSe	20	2000	mix	2	0.818181818	0	0	0	0	0	0	0	0	0	1	0	0	0
limma_voom	20	2000	mix	2	0.726068182	0.269828911	0.024763438	0.070019743	0.0629	0.183945699	0.019073877	0.052297347	0.126561111	0.3706157	0.873438889	0.3706157	0.185236562	0.363749346
LinDA	20	2000	mix	2	0.818168182	0.00011078	0	0	0	0	0	0	1.67E-05	0.000135397	0.999983333	0.000135397	0.015	0.121857483
MaAsLin2	20	2000	mix	2	0.81814984	0.000211863	0.005025126	0.070888121	2.51E-05	0.000354441	5.00E-05	0.000705354	4.47E-05	0.000245656	0.999955332	0.000245656	0.035175879	0.184688775
Wilcox	20	2000	mix	2	0.818172727	9.07E-05	0	0	0	0	0	0	1.11E-05	0.000110832	0.999988889	0.000110832	0.01	0.099748427
ZicoSeq	20	2000	mix	2	0.818181818	0	0	0	0	0	0	0	0	0	1	0	0	0
ALDEx2_wi	20	2000	mix	5	0.817581818	0.001102873	0.032666667	0.148158621	0.000375	0.001580145	0.000737993	0.003104873	0.000816667	0.001379966	0.999183333	0.001379966	0.367333333	0.473032792
Corncob	20	2000	mix	5	0.816872727	0.001556393	0.061940476	0.194828897	8.00E-04	0.002266204	0.001569976	0.004435827	0.001777778	0.001919659	0.998222222	0.001919659	0.593059524	0.471290945
DACOMP	20	2000	mix	5	0.818181818	0	0	0	0	0	0	0	0	0	1	0	0	0
DESeq2	20	2000	mix	5	0.187259091	0.035383018	0.001234803	0.001318506	0.0043	0.004595169	0.001917527	0.002046249	0.772083333	0.043286842	0.227916667	0.043286842	0.998765197	0.001318506
fastANCOM	20	2000	mix	5	0.807859091	0.07544521	0.049709328	0.164041403	0.007	0.051842921	0.003727386	0.019946818	0.014172222	0.103616023	0.985827778	0.103616023	0.520290672	0.479871226
LEfSe	20	2000	mix	5	0.818181818	0	0	0	0	0	0	0	0	0	1	0	0	0
limma_voom	20	2000	mix	5	0.705504545	0.287909793	0.084310211	0.154908875	0.0762	0.195721985	0.025688071	0.055675606	0.15465	0.395279706	0.84535	0.395279706	0.820689789	0.307090146
LinDA	20	2000	mix	5	0.817154545	0.001358862	0.054309524	0.191978906	0.000675	0.002223532	0.001325331	0.00435402	0.001405556	0.001676326	0.998594444	0.001676326	0.530690476	0.485332312
MaAsLin2	20	2000	mix	5	0.816740129	0.001491175	0.065897066	0.183067114	0.000959596	0.002434603	0.001881474	0.004760003	0.001975309	0.001850159	0.998024691	0.001850159	0.671476671	0.439729453
Wilcox	20	2000	mix	5	0.818113636	0.000314885	0.016666667	0.12391348	1.00E-04	0.000701757	0.000198515	0.001393104	0.000105556	0.00037934	0.999894444	0.00037934	0.078333333	0.267288847
ZicoSeq	20	2000	mix	5	0.818181818	0	0	0	0	0	0	0	0	0	1	0	0	0
ALDEx2_wi	20	300	mix	1	0.967731183	0.000152066	0	0	0	0	0	0	1.11E-05	0.000157135	0.999988889	0.000157135	0.005	0.070710678
Corncob	20	300	mix	1	0.967688172	0.000547009	0	0	0	0	0	0	5.56E-05	0.000565242	0.999944444	0.000565242	0.02	0.140351318
DACOMP	20	300	mix	1	0.967741935	0	0	0	0	0	0	0	0	0	1	0	0	0
DESeq2	20	300	mix	1	0.957231183	0.003949595	0.008986458	0.02996134	0.003166667	0.010352524	0.004601744	0.014969471	0.010966667	0.004084093	0.989033333	0.004084093	0.991013542	0.02996134
fastANCOM	20	300	mix	1	0.967741935	0	0	0	0	0	0	0	0	0	1	0	0	0
LEfSe	20	300	mix	1	0.967741935	0	0	0	0	0	0	0	0	0	1	0	0	0
limma_voom	20	300	mix	1	0.965290323	0.009641125	0.027756161	0.133298145	0.008666667	0.035873094	0.008008417	0.027756228	0.002822222	0.011058412	0.997177778	0.011058412	0.167243839	0.361414216
LinDA	20	300	mix	1	0.967704301	0.000347258	0	0	0	0	0	0	3.89E-05	0.000358833	0.999961111	0.000358833	0.015	0.121857483
MaAsLin2	20	300	mix	1	0.967687902	0.000442273	0	0	0	0	0	0	5.58E-05	0.000457016	0.999944165	0.000457016	0.020100503	0.140698079
Wilcox	20	300	mix	1	0.967736559	7.60E-05	0	0	0	0	0	0	5.56E-06	7.86E-05	0.999994444	7.86E-05	0.005	0.070710678
ZicoSeq	20	300	mix	1	0.967741935	0	0	0	0	0	0	0	0	0	1	0	0	0
ALDEx2_wi	20	300	mix	10	0.966446237	0.001570645	0.116666667	0.26473336	0.008333333	0.016957266	0.015277413	0.031092202	0.001616667	0.001530538	0.998383333	0.001530538	0.653333333	0.440610206
Corncob	20	300	mix	10	0.965849462	0.002451611	0.107166667	0.240957874	0.0095	0.018112343	0.016744112	0.031769509	0.002272222	0.002593969	0.997727778	0.002593969	0.672833333	0.427940094
DACOMP	20	300	mix	10	0.966784946	0.001799882	0.032839286	0.097814318	0.004666667	0.014193368	0.008096838	0.024359567	0.001144444	0.001998542	0.998855556	0.001998542	0.242160714	0.402601887
DESeq2	20	300	mix	10	0.948677419	0.005179528	0.049528751	0.046860211	0.033	0.031346125	0.038916954	0.036237267	0.0208	0.005441213	0.9792	0.005441213	0.950471249	0.046860211
fastANCOM	20	300	mix	10	0.965887097	0.001857539	0.118464286	0.254510244	0.01	0.018903499	0.017911638	0.033751864	0.00225	0.001855361	0.99775	0.001855361	0.741535714	0.390440528
LEfSe	20	300	mix	10	0.966870968	0.001365193	0.077833333	0.223313895	0.005333333	0.013549339	0.009747757	0.024696757	0.001077778	0.001443392	0.998922222	0.001443392	0.447166667	0.475588061
limma_voom	20	300	mix	10	0.952295699	0.023744701	0.117625513	0.168826905	0.062833333	0.10120312	0.054177468	0.058798402	0.018055556	0.027571597	0.981944444	0.027571597	0.857374487	0.217000418
LinDA	20	300	mix	10	0.965301075	0.002313765	0.120359307	0.241480626	0.0115	0.019079164	0.020363305	0.033807905	0.002905556	0.00232236	0.997094444	0.00232236	0.789640693	0.3447476
MaAsLin2	20	300	mix	10	0.965327957	0.00231825	0.125251984	0.23904845	0.012833333	0.021049382	0.0224709	0.036454142	0.002922222	0.002368994	0.997077778	0.002368994	0.794748016	0.333126084
Wilcox	20	300	mix	10	0.967069892	0.001259135	0.058916667	0.183107654	0.0045	0.012802455	0.008215355	0.023296156	0.000844444	0.001351633	0.999155556	0.001351633	0.326083333	0.445714683
ZicoSeq	20	300	mix	10	0.967741935	0	0	0	0	0	0	0	0	0	1	0	0	0
ALDEx2_wi	20	300	mix	2	0.967715054	0.000168298	0	0	0	0	0	0	2.78E-05	0.000173907	0.999972222	0.000173907	0.025	0.156516732
Corncob	20	300	mix	2	0.967596774	0.00046587	0.0075	0.078897873	0.000333333	0.003324948	0.000635081	0.006335636	0.000161111	0.000477777	0.999838889	0.000477777	0.1125	0.314784364
DACOMP	20	300	mix	2	0.967741935	0	0	0	0	0	0	0	0	0	1	0	0	0
DESeq2	20	300	mix	2	0.956763441	0.003987881	0.011041208	0.031177331	0.004333333	0.011724551	0.006116084	0.016591994	0.011488889	0.004156561	0.988511111	0.004156561	0.988958792	0.031177331
fastANCOM	20	300	mix	2	0.967731183	0.000107256	0	0	0	0	0	0	1.11E-05	0.000110832	0.999988889	0.000110832	0.01	0.099748427
LEfSe	20	300	mix	2	0.96772043	0.000150915	0	0	0	0	0	0	2.22E-05	0.000155946	0.999977778	0.000155946	0.02	0.140351318
limma_voom	20	300	mix	2	0.966483871	0.006021303	0.016609786	0.093166294	0.004	0.02376133	0.004630449	0.021141479	0.001433333	0.00680536	0.998566667	0.00680536	0.163390214	0.360062124
LinDA	20	300	mix	2	0.96766129	0.000387731	0.005	0.070710678	0.000166667	0.002357023	0.000322581	0.004561979	8.89E-05	0.000391611	0.999911111	0.000391611	0.06	0.238082795
MaAsLin2	20	300	mix	2	0.967687902	0.000319648	0.006700168	0.074609338	0.000335008	0.003333249	0.000628755	0.006259036	6.70E-05	0.000346687	0.999932998	0.000346687	0.038525963	0.190016995
Wilcox	20	300	mix	2	0.967725806	0.000169673	0	0	0	0	0	0	1.67E-05	0.000175329	0.999983333	0.000175329	0.01	0.099748427
ZicoSeq	20	300	mix	2	0.967741935	0	0	0	0	0	0	0	0	0	1	0	0	0
ALDEx2_wi	20	300	mix	5	0.967247312	0.000969212	0.073333333	0.239019026	0.003333333	0.010567377	0.006331867	0.019993363	0.000622222	0.000929556	0.999377778	0.000929556	0.361666667	0.46995432
Corncob	20	300	mix	5	0.966849462	0.001422386	0.090375	0.259806409	0.005166667	0.013407457	0.009496876	0.024602844	0.001094444	0.001479758	0.998905556	0.001479758	0.509625	0.485841624
DACOMP	20	300	mix	5	0.967602151	0.000701176	0.00125	0.01767767	0.000166667	0.002357023	0.000294118	0.004159452	0.00015	0.000744544	0.99985	0.000744544	0.03875	0.19103247
DESeq2	20	300	mix	5	0.952322581	0.004848983	0.037981008	0.049225821	0.020166667	0.026290797	0.025889693	0.033290143	0.016605556	0.005032554	0.983394444	0.005032554	0.962018992	0.049225821
fastANCOM	20	300	mix	5	0.967166667	0.001044447	0.05625	0.207840707	0.003	0.010130362	0.005620364	0.018988874	0.000694444	0.001059303	0.999305556	0.001059303	0.36875	0.473062588
LEfSe	20	300	mix	5	0.967510753	0.000722137	0.0525	0.215647972	0.002166667	0.00889011	0.004124817	0.016824527	0.000311111	0.000697055	0.999688889	0.000697055	0.1975	0.394715759
limma_voom	20	300	mix	5	0.961650538	0.013278821	0.072224227	0.179113027	0.019833333	0.049801112	0.021011392	0.039243006	0.006955556	0.015188392	0.993044444	0.015188392	0.707775773	0.415458104
LinDA	20	300	mix	5	0.966811828	0.001331966	0.074666667	0.229922182	0.004166667	0.011545796	0.007737673	0.021431488	0.0011	0.001359642	0.9989	0.001359642	0.525333333	0.483773438
MaAsLin2	20	300	mix	5	0.966607527	0.001466976	0.071138889	0.212236339	0.004666667	0.012067186	0.00857002	0.022170185	0.001327778	0.00151792	0.998672222	0.00151792	0.578861111	0.472905932
Wilcox	20	300	mix	5	0.967526882	0.000698603	0.048333333	0.20639551	0.002	0.008610954	0.003811706	0.016303914	0.000288889	0.000670564	0.999711111	0.000670564	0.176666667	0.377567518
ZicoSeq	20	300	mix	5	0.967741935	0	0	0	0	0	0	0	0	0	1	0	0	0
ALDEx2_wi	20	400	mix	1	0.957446809	0	0	0	0	0	0	0	0	0	1	0	0	0
Corncob	20	400	mix	1	0.957335106	0.000702575	0	0	0	0	0	0	0.000116667	0.000733801	0.999883333	0.000733801	0.035	0.184240939
DACOMP	20	400	mix	1	0.957446809	0	0	0	0	0	0	0	0	0	1	0	0	0
DESeq2	20	400	mix	1	0.942946809	0.00494321	0.008029297	0.032418066	0.00225	0.008750449	0.003378945	0.012791945	0.015244444	0.005120497	0.984755556	0.005120497	0.991970703	0.032418066
fastANCOM	20	400	mix	1	0.957446809	0	0	0	0	0	0	0	0	0	1	0	0	0
LEfSe	20	400	mix	1	0.957446809	0	0	0	0	0	0	0	0	0	1	0	0	0
limma_voom	20	400	mix	1	0.954138298	0.012710055	0.019730024	0.094160893	0.009875	0.040092348	0.008646841	0.030240317	0.003894444	0.014993432	0.996105556	0.014993432	0.150269976	0.343160162
LinDA	20	400	mix	1	0.957430851	0.000198881	0.005	0.070710678	0.000125	0.001767767	0.000243902	0.003449301	2.22E-05	0.000191642	0.999977778	0.000191642	0.015	0.121857483
MaAsLin2	20	400	mix	1	0.957430771	0.000129958	0	0	0	0	0	0	1.68E-05	0.000135733	0.99998325	0.000135733	0.015075377	0.122160142
Wilcox	20	400	mix	1	0.957446809	0	0	0	0	0	0	0	0	0	1	0	0	0
ZicoSeq	20	400	mix	1	0.957446809	0	0	0	0	0	0	0	0	0	1	0	0	0
ALDEx2_wi	20	400	mix	10	0.955882979	0.001552517	0.077434524	0.191865569	0.0055	0.012319042	0.01006563	0.022396508	0.001877778	0.00166113	0.998122222	0.00166113	0.707565476	0.41589824
Corncob	20	400	mix	10	0.955558511	0.002069222	0.082135281	0.197130405	0.006625	0.014716223	0.011876231	0.026042603	0.002266667	0.002241236	0.997733333	0.002241236	0.702864719	0.415918096
DACOMP	20	400	mix	10	0.956207447	0.002228901	0.027234127	0.090085425	0.003625	0.011593378	0.006362596	0.020407937	0.001455556	0.002474236	0.998544444	0.002474236	0.252765873	0.413901238
DESeq2	20	400	mix	10	0.930670213	0.006261641	0.045437062	0.042312967	0.031	0.028270943	0.036503714	0.033279879	0.029344444	0.00634648	0.970655556	0.00634648	0.954562938	0.042312967
fastANCOM	20	400	mix	10	0.955058511	0.002102107	0.108688492	0.222700694	0.008125	0.01481407	0.014758446	0.026805097	0.002855556	0.002129588	0.997144444	0.002129588	0.801311508	0.335029726
LEfSe	20	400	mix	10	0.956601064	0.001467348	0.023857143	0.089003249	0.002125	0.007425298	0.003834657	0.013326434	0.000977778	0.001658027	0.999022222	0.001658027	0.291142857	0.438100841
limma_voom	20	400	mix	10	0.932792553	0.038542325	0.095177005	0.131410073	0.064625	0.102643376	0.050334024	0.055444422	0.028622222	0.044493585	0.971377778	0.044493585	0.899822995	0.145986487
LinDA	20	400	mix	10	0.954398936	0.002419514	0.094990135	0.175759868	0.00975	0.016201852	0.017248349	0.028626607	0.003616667	0.002552258	0.996383333	0.002552258	0.825009865	0.299310182
MaAsLin2	20	400	mix	10	0.954367021	0.002283399	0.100706349	0.180243495	0.00975	0.015609477	0.017349559	0.027615044	0.00365	0.002369171	0.99635	0.002369171	0.844293651	0.271275751
Wilcox	20	400	mix	10	0.956702128	0.00130619	0.035107143	0.124320644	0.002625	0.008461225	0.004777426	0.015269819	0.000894444	0.001501483	0.999105556	0.001501483	0.314892857	0.445230513
ZicoSeq	20	400	mix	10	0.957446809	0	0	0	0	0	0	0	0	0	1	0	0	0
ALDEx2_wi	20	400	mix	2	0.957414894	0.000210887	0	0	0	0	0	0	3.33E-05	0.000220259	0.999966667	0.000220259	0.025	0.156516732
Corncob	20	400	mix	2	0.957234043	0.000723335	0.0225	0.14438833	0.000625	0.003912918	0.001213705	0.007598962	0.00025	0.000734139	0.99975	0.000734139	0.1425	0.348642378
DACOMP	20	400	mix	2	0.957446809	0	0	0	0	0	0	0	0	0	1	0	0	0
DESeq2	20	400	mix	2	0.941361702	0.004868146	0.006140133	0.022134877	0.002625	0.009509814	0.003621802	0.013020365	0.016916667	0.005108704	0.983083333	0.005108704	0.993859867	0.022134877
fastANCOM	20	400	mix	2	0.957430851	0.000129636	0	0	0	0	0	0	1.67E-05	0.000135397	0.999983333	0.000135397	0.015	0.121857483
LEfSe	20	400	mix	2	0.957446809	0	0	0	0	0	0	0	0	0	1	0	0	0
limma_voom	20	400	mix	2	0.952404255	0.016173293	0.009491027	0.034228392	0.010625	0.039424049	0.008608928	0.029008122	0.005738889	0.01850407	0.994261111	0.01850407	0.230508973	0.412297599
LinDA	20	400	mix	2	0.95737234	0.000311118	0.0025	0.035355339	0.000125	0.001767767	0.000238095	0.003367175	8.33E-05	0.000333007	0.999916667	0.000333007	0.0625	0.240066469
MaAsLin2	20	400	mix	2	0.957311805	0.000567764	0.005076142	0.07124705	0.000126904	0.001781176	0.000247617	0.003475466	0.000146644	0.000586274	0.999853356	0.000586274	0.076142132	0.265901125
Wilcox	20	400	mix	2	0.957420213	0.000224662	0.005	0.070710678	0.000125	0.001767767	0.000243902	0.003449301	3.33E-05	0.000220259	0.999966667	0.000220259	0.025	0.156516732
ZicoSeq	20	400	mix	2	0.957446809	0	0	0	0	0	0	0	0	0	1	0	0	0
ALDEx2_wi	20	400	mix	5	0.956851064	0.00105384	0.047916667	0.195288856	0.00175	0.006394682	0.003335979	0.012195106	7.00E-04	0.001093155	0.9993	0.001093155	0.367083333	0.475172065
Corncob	20	400	mix	5	0.956414894	0.001507918	0.06752381	0.219575251	0.003625	0.010148861	0.006585814	0.018150748	0.001238889	0.001715468	0.998761111	0.001715468	0.51247619	0.485831644
DACOMP	20	400	mix	5	0.957319149	0.00074319	0.002833333	0.023098241	0.000375	0.003046437	0.000661836	0.005376933	0.00015	0.000860501	0.99985	0.000860501	0.027166667	0.155741683
DESeq2	20	400	mix	5	0.935680851	0.005318443	0.033175644	0.040200323	0.0185	0.021004905	0.023458473	0.026728607	0.023555556	0.005577289	0.976444444	0.005577289	0.966824356	0.040200323
fastANCOM	20	400	mix	5	0.956718085	0.001171099	0.060464286	0.204841593	0.002625	0.007683067	0.004950369	0.014499244	0.000877778	0.001248313	0.999122222	0.001248313	0.414535714	0.478311286
LEfSe	20	400	mix	5	0.957281915	0.000631828	0.010416667	0.067321688	0.00075	0.004955835	0.001390567	0.009144931	0.000205556	0.000713917	0.999794444	0.000713917	0.074583333	0.252070917
limma_voom	20	400	mix	5	0.946606383	0.026493525	0.078155486	0.159751815	0.03275	0.082835658	0.026188456	0.047038117	0.012777778	0.031212446	0.987222222	0.031212446	0.716844514	0.396370835
LinDA	20	400	mix	5	0.956292553	0.001522435	0.059297619	0.187897354	0.00325	0.008793413	0.006000591	0.016095234	0.00135	0.001659215	0.99865	0.001659215	0.550702381	0.477405831
MaAsLin2	20	400	mix	5	0.956287234	0.001535129	0.063666667	0.206698004	0.003125	0.009014749	0.005849573	0.01684504	0.00135	0.001594385	0.99865	0.001594385	0.561333333	0.479882151
Wilcox	20	400	mix	5	0.957159574	0.000721051	0.014583333	0.106147416	0.000625	0.003912918	0.001180194	0.00739186	0.000327778	0.000778117	0.999672222	0.000778117	0.175416667	0.377090072
ZicoSeq	20	400	mix	5	0.957446809	0	0	0	0	0	0	0	0	0	1	0	0	0
ALDEx2_wi	20	500	mix	1	0.947368421	0	0	0	0	0	0	0	0	0	1	0	0	0
Corncob	20	500	mix	1	0.947257895	0.000609848	0.0085	0.08006122	3.00E-04	0.00243715	0.000570204	0.004634613	0.000133333	0.000673518	0.999866667	0.000673518	0.0515	0.216870732
DACOMP	20	500	mix	1	0.947368421	0	0	0	0	0	0	0	0	0	1	0	0	0
DESeq2	20	500	mix	1	0.923763158	0.007145093	0.004277554	0.013849928	0.002	0.006340426	0.002675457	0.008397164	0.025027778	0.007562169	0.974972222	0.007562169	0.995722446	0.013849928
fastANCOM	20	500	mix	1	0.947368421	0	0	0	0	0	0	0	0	0	1	0	0	0
LEfSe	20	500	mix	1	0.947368421	0	0	0	0	0	0	0	0	0	1	0	0	0
limma_voom	20	500	mix	1	0.943684211	0.016827553	0.027977232	0.118760295	0.0093	0.041231178	0.008396893	0.028396196	0.004405556	0.019939538	0.995594444	0.019939538	0.177022768	0.36495293
LinDA	20	500	mix	1	0.947357895	0.000104998	0	0	0	0	0	0	1.11E-05	0.000110832	0.999988889	0.000110832	0.01	0.099748427
MaAsLin2	20	500	mix	1	0.947352552	0.00012859	0	0	0	0	0	0	1.68E-05	0.000135733	0.99998325	0.000135733	0.015075377	0.122160142
Wilcox	20	500	mix	1	0.947368421	0	0	0	0	0	0	0	0	0	1	0	0	0
ZicoSeq	20	500	mix	1	0.947368421	0	0	0	0	0	0	0	0	0	1	0	0	0
ALDEx2_wi	20	500	mix	10	0.945263158	0.001818625	0.074125	0.185171231	0.0043	0.009378153	0.007989096	0.017340301	0.002461111	0.001909542	0.997538889	0.001909542	0.775875	0.374272417
Corncob	20	500	mix	10	0.944694737	0.002669319	0.083577561	0.189982891	0.006	0.012521339	0.010830442	0.021913671	0.003155556	0.002890649	0.996844444	0.002890649	0.746422439	0.386449709
DACOMP	20	500	mix	10	0.946473684	0.002080655	0.018720238	0.060788894	0.0023	0.007278384	0.004083607	0.012943029	0.001072222	0.002415846	0.998927778	0.002415846	0.156279762	0.343150377
DESeq2	20	500	mix	10	0.909352632	0.008357455	0.036013963	0.03062565	0.0276	0.023344482	0.030953683	0.025876102	0.041661111	0.008721908	0.958338889	0.008721908	0.963986037	0.03062565
fastANCOM	20	500	mix	10	0.944115789	0.002163155	0.078593254	0.156654058	0.0066	0.011537137	0.011951066	0.020770599	0.0038	0.002291927	0.9962	0.002291927	0.861406746	0.267853183
LEfSe	20	500	mix	10	0.946036842	0.00185943	0.049353175	0.126715939	0.0033	0.008212627	0.006110719	0.015119885	0.001588889	0.002058485	0.998411111	0.002058485	0.420646825	0.462419114
limma_voom	20	500	mix	10	0.917210526	0.0476808	0.100000616	0.100306915	0.068	0.109047959	0.051363005	0.053915137	0.035611111	0.056116515	0.964388889	0.056116515	0.894999384	0.118559883
LinDA	20	500	mix	10	0.943415789	0.002637122	0.088994408	0.151599725	0.0083	0.012881758	0.014864647	0.022827811	0.004633333	0.002760381	0.995366667	0.002760381	0.866005592	0.241088544
MaAsLin2	20	500	mix	10	0.943390637	0.002691265	0.085191525	0.152550558	0.007537688	0.011783713	0.013581937	0.021193934	0.004617532	0.002789728	0.995382468	0.002789728	0.87460747	0.234877131
Wilcox	20	500	mix	10	0.946278947	0.001639507	0.053625	0.154974236	0.0031	0.008290577	0.005767675	0.015305063	0.001322222	0.001818046	0.998677778	0.001818046	0.451375	0.471054818
ZicoSeq	20	500	mix	10	0.947368421	0	0	0	0	0	0	0	0	0	1	0	0	0
ALDEx2_wi	20	500	mix	2	0.947347368	0.000181556	0.005	0.070710678	1.00E-04	0.001414214	0.000196078	0.002772968	2.78E-05	0.000173907	0.999972222	0.000173907	0.025	0.156516732
Corncob	20	500	mix	2	0.947184211	0.00070346	0.044166667	0.200137795	0.001	0.004369837	0.001949614	0.008520164	0.00025	0.000708334	0.99975	0.000708334	0.140833333	0.345303296
DACOMP	20	500	mix	2	0.947368421	0	0	0	0	0	0	0	0	0	1	0	0	0
DESeq2	20	500	mix	2	0.923989474	0.007372266	0.004478006	0.013906001	0.0022	0.006884547	0.002901752	0.008967427	0.0248	0.007825696	0.9752	0.007825696	0.995521994	0.013906001
fastANCOM	20	500	mix	2	0.947331579	0.000286629	0.005	0.070710678	1.00E-04	0.001414214	0.000196078	0.002772968	4.44E-05	0.000291322	0.999955556	0.000291322	0.03	0.171015295
LEfSe	20	500	mix	2	0.947368421	0	0	0	0	0	0	0	0	0	1	0	0	0
limma_voom	20	500	mix	2	0.9437	0.016800722	0.018795184	0.084542634	0.0091	0.040933701	0.007791945	0.027294006	0.004377778	0.019962009	0.995622222	0.019962009	0.166204816	0.357617141
LinDA	20	500	mix	2	0.947294737	0.000387876	0.0125	0.105591181	3.00E-04	0.00243715	0.000584465	0.004748293	9.44E-05	0.00039817	0.999905556	0.00039817	0.0625	0.240066469
MaAsLin2	20	500	mix	2	0.947256778	0.000402285	0.012626263	0.106118274	0.00030303	0.002449301	0.000590368	0.004771968	0.00013468	0.000412037	0.99986532	0.000412037	0.103535354	0.303344515
Wilcox	20	500	mix	2	0.947352632	0.000128271	0	0	0	0	0	0	1.67E-05	0.000135397	0.999983333	0.000135397	0.015	0.121857483
ZicoSeq	20	500	mix	2	0.947368421	0	0	0	0	0	0	0	0	0	1	0	0	0
ALDEx2_wi	20	500	mix	5	0.946568421	0.001190356	0.057208333	0.197035677	0.0022	0.006884547	0.004169651	0.013004274	0.000966667	0.001281275	0.999033333	0.001281275	0.462791667	0.484232743
Corncob	20	500	mix	5	0.946115789	0.001519703	0.085380952	0.227857304	0.0036	0.008449674	0.006808521	0.015948426	0.001522222	0.001588274	0.998477778	0.001588274	0.579619048	0.46724803
DACOMP	20	500	mix	5	0.947284211	0.000718516	0.006	0.051743472	7.00E-04	0.00613991	0.001253247	0.010974473	0.000127778	0.000849618	0.999872222	0.000849618	0.019	0.124161509
DESeq2	20	500	mix	5	0.916389474	0.007993309	0.030855097	0.031760352	0.0195	0.020685489	0.023632932	0.024589597	0.033783333	0.008451037	0.966216667	0.008451037	0.969144903	0.031760352
fastANCOM	20	500	mix	5	0.946305263	0.001473571	0.056694444	0.180600581	0.0028	0.008276624	0.005234254	0.015334556	0.001277778	0.001605523	0.998722222	0.001605523	0.523305556	0.479143031
LEfSe	20	500	mix	5	0.947047368	0.00092116	0.014880952	0.078048778	8.00E-04	0.003929018	0.001503719	0.007388553	0.000383333	0.001042538	0.999616667	0.001042538	0.130119048	0.3242149
limma_voom	20	500	mix	5	0.934963158	0.026406272	0.102279304	0.159869803	0.0311	0.068367835	0.030099472	0.045636824	0.014822222	0.03144383	0.985177778	0.03144383	0.802720696	0.304030702
LinDA	20	500	mix	5	0.945763158	0.001701372	0.083916667	0.225740159	0.0038	0.008598235	0.007143335	0.016115205	0.001905556	0.001780071	0.998094444	0.001780071	0.671083333	0.44219605
MaAsLin2	20	500	mix	5	0.945686326	0.001763674	0.077825636	0.211107127	0.003819095	0.008847041	0.007152462	0.016538512	0.001987716	0.001853763	0.998012284	0.001853763	0.691018585	0.432464088
Wilcox	20	500	mix	5	0.947057895	0.000706304	0.017916667	0.125000698	5.00E-04	0.003130335	0.0009621	0.006025165	0.000355556	0.00075351	0.999644444	0.00075351	0.222083333	0.414211991
ZicoSeq	20	500	mix	5	0.947368421	0	0	0	0	0	0	0	0	0	1	0	0	0
ALDEx2_wi	20	800	mix	1	0.918372449	7.22E-05	0.005	0.070710678	6.25E-05	0.000883883	0.000123457	0.001745943	0	0	1	0	0	0
Corncob	20	800	mix	1	0.918311224	0.000436383	0.0075	0.078897873	0.000125	0.001246855	0.000245408	0.002447953	7.22E-05	0.000473604	0.999927778	0.000473604	0.0325	0.174199533
DACOMP	20	800	mix	1	0.918367347	0	0	0	0	0	0	0	0	0	1	0	0	0
DESeq2	20	800	mix	1	0.768433673	0.01421267	0.000373954	0.001565495	0.0006875	0.002856904	0.000482915	0.002012645	0.163322222	0.015478388	0.836677778	0.015478388	0.999626046	0.001565495
fastANCOM	20	800	mix	1	0.918367347	0	0	0	0	0	0	0	0	0	1	0	0	0
LEfSe	20	800	mix	1	0.918367347	0	0	0	0	0	0	0	0	0	1	0	0	0
limma_voom	20	800	mix	1	0.897530612	0.069678846	0.023593515	0.086483022	0.032875	0.109957378	0.015918135	0.044842271	0.025611111	0.085544914	0.974388889	0.085544914	0.226406485	0.40044152
LinDA	20	800	mix	1	0.918362245	7.22E-05	0	0	0	0	0	0	5.56E-06	7.86E-05	0.999994444	7.86E-05	0.005	0.070710678
MaAsLin2	20	800	mix	1	0.918362245	7.22E-05	0	0	0	0	0	0	5.56E-06	7.86E-05	0.999994444	7.86E-05	0.005	0.070710678
Wilcox	20	800	mix	1	0.918367347	0	0	0	0	0	0	0	0	0	1	0	0	0
ZicoSeq	20	800	mix	1	0.918367347	0	0	0	0	0	0	0	0	0	1	0	0	0
ALDEx2_wi	20	800	mix	10	0.917091837	0.001371503	0.07125	0.201307407	0.001875	0.004812763	0.003624682	0.009287568	0.001555556	0.001465106	0.998444444	0.001465106	0.66375	0.445338275
Corncob	20	800	mix	10	0.916489796	0.001934033	0.078595238	0.190411868	0.002875	0.006354034	0.00546766	0.011978444	0.0023	0.002135406	0.9977	0.002135406	0.716404762	0.409468768
DACOMP	20	800	mix	10	0.917887755	0.001594355	0.00959127	0.044755134	0.0008125	0.003775562	0.00148537	0.006872305	0.000594444	0.00195132	0.999405556	0.00195132	0.08540873	0.266388103
DESeq2	20	800	mix	10	0.745806122	0.016572975	0.005148086	0.005343783	0.011	0.01131715	0.007000437	0.007236779	0.188877778	0.018056164	0.811122222	0.018056164	0.994851914	0.005343783
fastANCOM	20	800	mix	10	0.914214286	0.019834389	0.091155638	0.189224307	0.006875	0.035349787	0.008114415	0.020150689	0.005133333	0.024672949	0.994866667	0.024672949	0.818844362	0.318789788
LEfSe	20	800	mix	10	0.917872449	0.001210296	0.022555556	0.110857667	0.0006875	0.003119656	0.001318962	0.005968703	6.00E-04	0.001377097	0.9994	0.001377097	0.177444444	0.369896205
limma_voom	20	800	mix	10	0.831173469	0.142199423	0.090272991	0.103445164	0.1338125	0.220412464	0.055289151	0.06783753	0.106838889	0.17428667	0.893161111	0.17428667	0.894727009	0.151090534
LinDA	20	800	mix	10	0.916214286	0.001794691	0.085930556	0.168727506	0.0034375	0.006382084	0.00654627	0.012091908	0.00265	0.001957034	0.99735	0.001957034	0.794069444	0.337450228
MaAsLin2	20	800	mix	10	0.916	0.001809123	0.078630952	0.149857247	0.0035	0.006530754	0.006637547	0.012313274	0.002888889	0.001989488	0.997111111	0.001989488	0.826369048	0.306348289
Wilcox	20	800	mix	10	0.91802551	0.000916557	0.015625	0.111337164	0.000375	0.002477918	0.000720596	0.004752392	0.000405556	0.001034053	0.999594444	0.001034053	0.194375	0.392833393
ZicoSeq	20	800	mix	10	0.918367347	0	0	0	0	0	0	0	0	0	1	0	0	0
ALDEx2_wi	20	800	mix	2	0.918362245	0.000125183	0.005	0.070710678	6.25E-05	0.000883883	0.000123457	0.001745943	1.11E-05	0.000110832	0.999988889	0.000110832	0.01	0.099748427
Corncob	20	800	mix	2	0.91822449	0.000541691	0.013333333	0.106148238	0.00025	0.001754391	0.000485144	0.00340556	0.000177778	0.000624579	0.999822222	0.000624579	0.101666667	0.299725354
DACOMP	20	800	mix	2	0.918367347	0	0	0	0	0	0	0	0	0	1	0	0	0
DESeq2	20	800	mix	2	0.766790816	0.015627936	0.000626734	0.002567834	0.0011875	0.004949097	0.000818825	0.003373441	0.165155556	0.017028836	0.834844444	0.017028836	0.999373266	0.002567834
fastANCOM	20	800	mix	2	0.918352041	0.000124344	0	0	0	0	0	0	1.67E-05	0.000135397	0.999983333	0.000135397	0.015	0.121857483
LEfSe	20	800	mix	2	0.918367347	0	0	0	0	0	0	0	0	0	1	0	0	0
limma_voom	20	800	mix	2	0.892989796	0.081900028	0.035176954	0.123243335	0.039125	0.129427312	0.016744574	0.045981805	0.031111111	0.100553712	0.968888889	0.100553712	0.289823046	0.433519067
LinDA	20	800	mix	2	0.918357143	0.000144308	0.005	0.070710678	6.25E-05	0.000883883	0.000123457	0.001745943	1.67E-05	0.000135397	0.999983333	0.000135397	0.015	0.121857483
MaAsLin2	20	800	mix	2	0.918331633	0.000237221	0	0	0	0	0	0	3.89E-05	0.000258307	0.999961111	0.000258307	0.025	0.156516732
Wilcox	20	800	mix	2	0.918367347	0.000102297	0.005	0.070710678	6.25E-05	0.000883883	0.000123457	0.001745943	5.56E-06	7.86E-05	0.999994444	7.86E-05	0.005	0.070710678
ZicoSeq	20	800	mix	2	0.918367347	0	0	0	0	0	0	0	0	0	1	0	0	0
ALDEx2_wi	20	800	mix	5	0.918010204	0.000777389	0.055166667	0.210197788	0.0009375	0.003300654	0.001835539	0.006462942	0.000472222	0.000829369	0.999527778	0.000829369	0.299833333	0.450317805
Corncob	20	800	mix	5	0.917607143	0.001248682	0.07060119	0.231588164	0.0014375	0.004189583	0.002779046	0.008068132	0.000955556	0.001400327	0.999044444	0.001400327	0.44939881	0.486178586
DACOMP	20	800	mix	5	0.918321429	0.000460876	0.000833333	0.011785113	6.25E-05	0.000883883	0.000116279	0.001644434	5.56E-05	0.000554158	0.999944444	0.000554158	0.009166667	0.091816917
DESeq2	20	800	mix	5	0.757515306	0.015328899	0.003652093	0.004403468	0.00725	0.008804122	0.004849743	0.005856496	0.175794444	0.016684665	0.824205556	0.016684665	0.996347907	0.004403468
fastANCOM	20	800	mix	5	0.917785714	0.000978581	0.039166667	0.165386626	0.0008125	0.003089306	0.001582777	0.006018825	0.000705556	0.001069445	0.999294444	0.001069445	0.380833333	0.475936146
LEfSe	20	800	mix	5	0.918341837	0.00025955	0	0	0	0	0	0	2.78E-05	0.000282621	0.999972222	0.000282621	0.01	0.099748427
limma_voom	20	800	mix	5	0.879173469	0.097676604	0.09452436	0.200861139	0.0581875	0.145512855	0.027766431	0.051963759	0.04785	0.119160789	0.95215	0.119160789	0.69047564	0.411240306
LinDA	20	800	mix	5	0.917709184	0.001096523	0.05	0.191965938	0.0010625	0.003712649	0.002063513	0.00720553	0.000811111	0.001198206	0.999188889	0.001198206	0.405	0.480934671
MaAsLin2	20	800	mix	5	0.917459748	0.001308465	0.064070352	0.214092684	0.00138191	0.004312581	0.002681427	0.00836069	0.001111111	0.001403681	0.998888889	0.001403681	0.498743719	0.486650306
Wilcox	20	800	mix	5	0.918265306	0.00033928	0.005	0.070710678	6.25E-05	0.000883883	0.000123457	0.001745943	0.000116667	0.000359179	0.999883333	0.000359179	0.1	0.300752824
ZicoSeq	20	800	mix	5	0.918367347	0	0	0	0	0	0	0	0	0	1	0	0	0
edgeR	20	2000	mix	1	0.89965	0.000851321	0.009440476	0.049180815	3.00E-04	0.001560238	0.000581126	0.003022323	0.000422222	0.001008506	0.999577778	0.001008506	0.180559524	0.377392695
edgeR	20	2000	mix	2	0.90018	0.000679869	0.36743759	0.427205708	0.00525	0.006940403	0.010257206	0.013475455	0.000383333	0.000878215	0.999616667	0.000878215	0.11256241	0.220524114
edgeR	20	2000	mix	5	0.90188	0.001606678	0.837249836	0.225874069	0.027	0.009949367	0.051945267	0.018604146	0.000911111	0.001644105	0.999088889	0.001644105	0.152750164	0.210011802
edgeR	20	2000	mix	10	0.901595	0.001666204	0.826269247	0.236163711	0.0253	0.010608268	0.048642406	0.01962223	0.001038889	0.001765062	0.998961111	0.001765062	0.173730753	0.236163711
edgeR	20	1000	mix	1	0.949655	0.00084595	0.012	0.052762092	6.00E-04	0.00277798	0.00113777	0.005236401	0.000394737	0.000941428	0.999605263	0.000941428	0.198	0.388854833
edgeR	20	1000	mix	2	0.94989	0.001194643	0.335136364	0.416390937	0.0088	0.011126454	0.016935988	0.02121682	0.000578947	0.001241665	0.999421053	0.001241665	0.204863636	0.335932509
edgeR	20	1000	mix	5	0.95156	0.001251827	0.843145799	0.220038764	0.0426	0.01778775	0.080288007	0.032152105	6.00E-04	0.000992487	0.9994	0.000992487	0.156854201	0.220038764
edgeR	20	1000	mix	10	0.951285	0.001579949	0.766709318	0.255892324	0.0444	0.020066556	0.08278065	0.036073482	0.000984211	0.001442161	0.999015789	0.001442161	0.213290682	0.233025121
edgeR	20	500	mix	1	0.97471	0.000775835	0.048666667	0.165851204	0.0026	0.007333333	0.004816891	0.013560364	0.000364103	0.000866415	0.999635897	0.000866415	0.191333333	0.370173618
edgeR	20	500	mix	2	0.975045	0.000749057	0.385285714	0.441464108	0.017	0.021719051	0.03174298	0.039544788	0.000389744	0.00076835	0.999610256	0.00076835	0.174714286	0.318281726
edgeR	20	500	mix	5	0.97664	0.001269455	0.834414669	0.200664655	0.0922	0.040291363	0.162234639	0.06464756	0.000682051	0.001043754	0.999317949	0.001043754	0.165585331	0.200664655
edgeR	20	500	mix	10	0.976385	0.001693504	0.824176291	0.235432364	0.0912	0.043234853	0.158853844	0.06706573	0.000917949	0.001649768	0.999082051	0.001649768	0.175823709	0.235432364
edgeR	20	400	mix	1	0.979775	0.000671855	0.016444444	0.086895149	0.00175	0.008145613	0.003049369	0.014194666	0.000265306	0.000769093	0.999734694	0.000769093	0.173555556	0.368912214
edgeR	20	400	mix	2	0.979915	0.000879207	0.265972222	0.408907434	0.01425	0.023098111	0.026369575	0.041985982	0.000377551	0.000866027	0.999622449	0.000866027	0.194027778	0.357718976
edgeR	20	400	mix	5	0.98126	0.001341791	0.821726978	0.235611996	0.09675	0.046146314	0.16807006	0.072826339	0.000688776	0.001161126	0.999311224	0.001161126	0.178273022	0.235611996
edgeR	20	400	mix	10	0.98136	0.001298951	0.816759435	0.227625422	0.10625	0.03898572	0.183654537	0.061435726	0.000780612	0.001170328	0.999219388	0.001170328	0.183240565	0.227625422
edgeR	20	300	mix	1	0.98481	0.000549472	0.026333333	0.121720273	0.002333333	0.008547747	0.004124121	0.015151277	0.000228426	0.00062639	0.999771574	0.00062639	0.173666667	0.365886682
edgeR	20	300	mix	2	0.98501	0.00072815	0.296309524	0.423079744	0.020666667	0.035700462	0.037308812	0.061570149	0.000304569	0.000594957	0.999695431	0.000594957	0.213690476	0.371623753
edgeR	20	300	mix	5	0.98605	0.001013794	0.782911616	0.253630835	0.108333333	0.056927504	0.183747619	0.086642266	0.000583756	0.000922198	0.999416244	0.000922198	0.197088384	0.229115228
edgeR	20	300	mix	10	0.98592	0.000830966	0.760228355	0.281482784	0.097333333	0.052476279	0.166861484	0.080345528	0.000548223	0.000805619	0.999451777	0.000805619	0.189771645	0.224547573
edgeR	20	200	mix	1	0.98971	0.000551307	0.035833333	0.135180284	0.0045	0.014381175	0.007778924	0.024908199	0.000338384	0.00060083	0.999661616	0.00060083	0.294166667	0.439437549
edgeR	20	200	mix	2	0.98998	0.000589984	0.293190476	0.419983571	0.0275	0.040436382	0.048426675	0.069235024	0.00029798	0.000592366	0.99970202	0.000592366	0.216809524	0.372265344
edgeR	20	200	mix	5	0.99102	0.000950598	0.7698943	0.266857014	0.156	0.076633722	0.250547199	0.110403545	0.000545455	0.000734453	0.999454545	0.000734453	0.1901057	0.218602068
edgeR	20	200	mix	10	0.99074	0.001168786	0.784946248	0.271964236	0.1445	0.065093173	0.233066492	0.091201334	0.000712121	0.001146524	0.999287879	0.001146524	0.205053752	0.260973266
edgeR	20	100	mix	1	0.994735	0.0005048	0.003333333	0.033333333	0.001	0.01	0.001538462	0.015384615	0.000271357	0.000512166	0.999728643	0.000512166	0.306666667	0.461004612
edgeR	20	100	mix	2	0.994885	0.000589705	0.275357143	0.380597685	0.053	0.06883592	0.082737002	0.10276886	0.00038191	0.000696595	0.99961809	0.000696595	0.244642857	0.360503568
edgeR	20	100	mix	5	0.995865	0.000966236	0.783686869	0.2672865	0.274	0.133802206	0.384683225	0.160874089	0.000507538	0.000780763	0.999492462	0.000780763	0.186313131	0.230954192
edgeR	20	100	mix	10	0.9958	0.001145919	0.748460373	0.269307688	0.31	0.150755672	0.411285855	0.165042559	0.000753769	0.001016382	0.999246231	0.001016382	0.231539627	0.249166184
edgeR	20	800	mix	1	0.95972	0.000782769	0.010039683	0.047573782	0.000625	0.002738036	0.001166221	0.005110707	0.000317708	0.000875583	0.999682292	0.000875583	0.169960317	0.36704602
edgeR	20	800	mix	2	0.959915	0.000794727	0.284422078	0.403526296	0.007625	0.011636189	0.014587999	0.021950965	0.00040625	0.000871458	0.99959375	0.000871458	0.195577922	0.340834057
edgeR	20	800	mix	5	0.96104	0.001325126	0.791462461	0.275542778	0.041875	0.021931295	0.07825381	0.039328862	0.000661458	0.001200202	0.999338542	0.001200202	0.178537539	0.239479311
edgeR	20	800	mix	10	0.961095	0.001280576	0.809648546	0.247828541	0.04625	0.022438187	0.085697742	0.038590246	0.000786458	0.001368007	0.999213542	0.001368007	0.180351454	0.234653892
metagenomeSeq	20	800	mix	1	0.96	7.11E-05	0.015	0.111350752	0.00025	0.001758816	0.000490816	0.003453087	1.04E-05	7.33E-05	0.999989583	7.33E-05	0.015	0.111350752
metagenomeSeq	20	800	mix	2	0.959975	0.000148647	0.01	0.1	0.000125	0.00125	0.000246914	0.002469136	3.13E-05	0.000144686	0.99996875	0.000144686	0.05	0.219042914
metagenomeSeq	20	800	mix	5	0.960195	0.00043748	0.264666667	0.439002543	0.005625	0.011006053	0.010939606	0.021210016	3.13E-05	0.000124314	0.99996875	0.000124314	0.045333333	0.199636032
metagenomeSeq	20	800	mix	10	0.96101	0.000948098	0.73572619	0.418029945	0.027375	0.024014345	0.052111339	0.044409907	8.85E-05	0.000257028	0.999911458	0.000257028	0.05427381	0.173777242
metagenomeSeq	20	1000	mix	1	0.94994	0.000268554	0.003	0.03	3.00E-04	0.003	0.000545455	0.005454545	7.89E-05	0.000412289	0.999921053	0.000412289	0.067	0.24702472
metagenomeSeq	20	1000	mix	2	0.949985	0.000165983	0.03	0.171446608	3.00E-04	0.001714466	0.000594059	0.003394982	3.16E-05	0.000146209	0.999968421	0.000146209	0.05	0.219042914
metagenomeSeq	20	1000	mix	5	0.9502	0.000382707	0.3125	0.449992985	0.0048	0.007717225	0.009423975	0.015081393	4.21E-05	0.000143505	0.999957895	0.000143505	0.0475	0.176580168
metagenomeSeq	20	1000	mix	10	0.951165	0.000989988	0.784502165	0.382409425	0.0252	0.020620672	0.048251359	0.038350592	1.00E-04	0.000305659	0.9999	0.000305659	0.045497835	0.139058387
metagenomeSeq	20	500	mix	1	0.97498	9.85E-05	0	0	0	0	0	0	2.05E-05	0.000100998	0.999979487	0.000100998	0.04	0.196946386
metagenomeSeq	20	500	mix	2	0.974995	0.000251209	0.065	0.242618294	0.0014	0.005128648	0.002737557	0.010028791	4.10E-05	0.000226778	0.999958974	0.000226778	0.035	0.177738316
metagenomeSeq	20	500	mix	5	0.975205	0.000577766	0.4125	0.463652937	0.014	0.019384467	0.026569501	0.03589693	0.000148718	0.000522036	0.999851282	0.000522036	0.0775	0.205908447
metagenomeSeq	20	500	mix	10	0.97666	0.001246976	0.879492063	0.280713063	0.0728	0.052379347	0.130314848	0.087299441	0.000164103	0.0004717	0.999835897	0.0004717	0.040507937	0.10489579
metagenomeSeq	20	2000	mix	1	0.899955	0.000202198	0	0	0	0	0	0	5.00E-05	0.000224664	0.99995	0.000224664	0.06	0.238683257
metagenomeSeq	20	2000	mix	2	0.899875	0.001153333	0.011034483	0.100429661	2.00E-04	0.00157634	0.000361511	0.002793253	0.000161111	0.001445901	0.999838889	0.001445901	0.038965517	0.192064116
metagenomeSeq	20	2000	mix	5	0.9003	0.000527046	0.405	0.479229062	0.0035	0.00510001	0.006919757	0.010028282	5.56E-05	0.00021625	0.999944444	0.00021625	0.045	0.172222222
metagenomeSeq	20	2000	mix	10	0.901605	0.001179143	0.870222222	0.30300334	0.01685	0.012240333	0.032822818	0.023408517	8.89E-05	0.000233176	0.999911111	0.000233176	0.029777778	0.083172385
metagenomeSeq	20	400	mix	1	0.979965	0.0002162	0.02	0.140705294	5.00E-04	0.003517632	0.00097561	0.006863673	4.59E-05	0.000206324	0.999954082	0.000206324	0.06	0.238683257
metagenomeSeq	20	400	mix	2	0.97994	0.000191749	0.0025	0.025	0.00025	0.0025	0.000454545	0.004545455	6.63E-05	0.000225329	0.999933673	0.000225329	0.0975	0.29493836
metagenomeSeq	20	400	mix	5	0.980245	0.000519785	0.381	0.471071206	0.01625	0.023935678	0.030763319	0.044515304	8.16E-05	0.000268608	0.999918367	0.000268608	0.079	0.239125089
metagenomeSeq	20	400	mix	10	0.98146	0.001014242	0.845940476	0.319832546	0.079	0.052790801	0.141024972	0.089129446	0.000122449	0.000317092	0.999877551	0.000317092	0.044059524	0.114869378
metagenomeSeq	20	300	mix	1	0.984985	0.00015	0.03	0.171446608	0.001	0.005714887	0.001935484	0.011061071	3.05E-05	0.000121159	0.999969543	0.000121159	0.06	0.238683257
metagenomeSeq	20	300	mix	2	0.984985	0.000111351	0.01	0.1	0.000333333	0.003333333	0.000645161	0.006451613	2.03E-05	1.00E-04	0.999979695	1.00E-04	0.04	0.196946386
metagenomeSeq	20	300	mix	5	0.985155	0.000367183	0.301833333	0.440716022	0.015666667	0.024824864	0.029391137	0.045817491	8.12E-05	0.000224939	0.999918782	0.000224939	0.088166667	0.250154778
metagenomeSeq	20	300	mix	10	0.9862	0.000977008	0.838365079	0.328321233	0.086	0.065679561	0.151101402	0.105472019	9.14E-05	0.000196001	0.999908629	0.000196001	0.061634921	0.171281173
metagenomeSeq	20	200	mix	1	0.989985	0.000132097	0.02	0.140705294	0.001	0.007035265	0.001904762	0.013400504	2.53E-05	0.000110628	0.999974747	0.000110628	0.05	0.219042914
metagenomeSeq	20	200	mix	2	0.989955	0.000202198	0.0125	0.102832363	0.001	0.007035265	0.001785714	0.012591428	5.56E-05	0.000225808	0.999944444	0.000225808	0.0675	0.248365871
metagenomeSeq	20	200	mix	5	0.990155	0.000373997	0.331333333	0.455612709	0.023	0.035830691	0.042262676	0.063588981	7.58E-05	0.000194946	0.999924242	0.000194946	0.098666667	0.271336221
metagenomeSeq	20	200	mix	10	0.99094	0.000763035	0.798587302	0.360352361	0.105	0.078656651	0.178935326	0.122784401	0.000111111	0.000309425	0.999888889	0.000309425	0.061412698	0.160021593
metagenomeSeq	20	100	mix	1	0.99495	0.000150756	0.005	0.05	0.001	0.01	0.001666667	0.016666667	5.53E-05	0.000158023	0.999944724	0.000158023	0.105	0.303972022
metagenomeSeq	20	100	mix	2	0.99497	0.000185592	0.02	0.140705294	0.002	0.014070529	0.003636364	0.025582781	4.02E-05	0.000170223	0.999959799	0.000170223	0.06	0.238683257
metagenomeSeq	20	100	mix	5	0.995175	0.00035799	0.321666667	0.453972984	0.045	0.070172947	0.077074592	0.116042153	5.03E-05	0.000167504	0.999949749	0.000167504	0.058333333	0.202917829
metagenomeSeq	20	100	mix	10	0.99588	0.000873632	0.718416667	0.406913278	0.206	0.168066846	0.303571068	0.218967658	0.000150754	0.000346241	0.999849246	0.000346241	0.081583333	0.192159354
AAMAVD	20	100	mix	1	0.988595745	0.002011094	0.089327391	0.063224663	0.144680851	0.111313778	0.108589452	0.078016387	0.007163477	0.002097229	0.992836523	0.002097229	0.910672609	0.063224663
AAMAVD	20	100	mix	2	0.9916	0.002124578	0.313816757	0.101499614	0.522105263	0.156544431	0.385321712	0.108581268	0.00604073	0.002098937	0.99395927	0.002098937	0.686183243	0.101499614
AAMAVD	20	100	mix	5	0.994205263	0.002119432	0.480076252	0.115053502	0.844210526	0.113658493	0.602698099	0.095693864	0.005040994	0.002127506	0.994959006	0.002127506	0.519923748	0.115053502
AAMAVD	20	100	mix	10	0.995381443	0.002382415	0.550664141	0.122923007	0.943298969	0.062761481	0.686890302	0.1036232	0.004356836	0.002391032	0.995643164	0.002391032	0.449335859	0.122923007
AAMAVD	20	200	mix	1	0.972792929	0.003927929	0.10001761	0.03981101	0.216666667	0.101267478	0.13534053	0.054760462	0.019569432	0.004234382	0.980430568	0.004234382	0.89998239	0.03981101
AAMAVD	20	200	mix	2	0.977821053	0.004026452	0.219558998	0.05751288	0.458421053	0.115236259	0.294153912	0.069310139	0.016932483	0.004084385	0.983067517	0.004084385	0.780441002	0.05751288
AAMAVD	20	200	mix	5	0.983228723	0.004357459	0.360267579	0.072634218	0.782446809	0.114700978	0.488501276	0.076930258	0.014743176	0.00453505	0.985256824	0.00453505	0.639732421	0.072634218
AAMAVD	20	200	mix	10	0.98584375	0.004595944	0.420062569	0.079922637	0.871354167	0.069866335	0.561464471	0.075293302	0.01299979	0.004795948	0.98700021	0.004795948	0.579937431	0.079922637
AAMAVD	20	300	mix	1	0.95734375	0.005510904	0.10308259	0.031565966	0.238888889	0.082030755	0.142967847	0.043209905	0.031715313	0.005929353	0.968284687	0.005929353	0.89691741	0.031565966
AAMAVD	20	300	mix	2	0.963436842	0.005547302	0.200479299	0.036605808	0.470877193	0.094686506	0.279297722	0.047353401	0.02906225	0.005969535	0.97093775	0.005969535	0.799520701	0.036605808
AAMAVD	20	300	mix	5	0.970760204	0.005391971	0.305309323	0.046650202	0.710884354	0.09617847	0.424305376	0.052564347	0.025282296	0.005874548	0.974717704	0.005874548	0.694690677	0.046650202
AAMAVD	20	300	mix	10	0.97462766	0.005151958	0.360881038	0.05336237	0.835106383	0.063990557	0.501255329	0.053569001	0.023247651	0.005354302	0.976752349	0.005354302	0.639118962	0.05336237
AAMAVD	20	400	mix	1	0.9435	0.006791064	0.102159344	0.025678829	0.23494898	0.071862178	0.141457343	0.036277234	0.042039775	0.007519431	0.957960225	0.007519431	0.897840656	0.025678829
AAMAVD	20	400	mix	2	0.951425532	0.006274611	0.197292401	0.036560546	0.458510638	0.087954136	0.274424132	0.046777009	0.03851498	0.006750711	0.96148502	0.006750711	0.802707599	0.036560546
AAMAVD	20	400	mix	5	0.961173684	0.00760346	0.308326956	0.045107529	0.719736842	0.074188405	0.429365802	0.048771326	0.033899033	0.007969891	0.966100967	0.007969891	0.691673044	0.045107529
AAMAVD	20	400	mix	10	0.967810526	0.006536794	0.371200415	0.057662612	0.816842105	0.069901346	0.507906208	0.058661451	0.029108485	0.006620688	0.970891515	0.006620688	0.628799585	0.057662612
AAMAVD	20	500	mix	1	0.928531579	0.008755184	0.09728196	0.023983472	0.224210526	0.066837035	0.134751584	0.033760377	0.053408907	0.009624264	0.946591093	0.009624264	0.90271804	0.023983472
AAMAVD	20	500	mix	2	0.939705263	0.007993846	0.197051039	0.031178212	0.449894737	0.074255091	0.272271863	0.036549863	0.047735493	0.008933087	0.952264507	0.008933087	0.802948961	0.031178212
AAMAVD	20	500	mix	5	0.952311828	0.007096353	0.312061016	0.036814188	0.727311828	0.066905836	0.434635639	0.036608188	0.041918941	0.008076933	0.958081059	0.008076933	0.687938984	0.036814188
AAMAVD	20	500	mix	10	0.958030612	0.009306027	0.362171778	0.053062141	0.820204082	0.06169395	0.499269569	0.051113689	0.038435374	0.010106054	0.961564626	0.010106054	0.637828222	0.053062141
AAMAVD	20	800	mix	1	0.8776875	0.009616392	0.100047982	0.017356997	0.257942708	0.055224416	0.143827705	0.025927715	0.0964898	0.010751006	0.9035102	0.010751006	0.899952018	0.017356997
AAMAVD	20	800	mix	2	0.886168367	0.0102585	0.15289332	0.018142877	0.404464286	0.057021485	0.221326019	0.02534352	0.093760629	0.011548037	0.906239371	0.011548037	0.84710668	0.018142877
AAMAVD	20	800	mix	5	0.9003	0.009932601	0.216013178	0.024470537	0.561125	0.057293078	0.31124283	0.030724537	0.085567708	0.010640044	0.914432292	0.010640044	0.783986822	0.024470537
AAMAVD	20	800	mix	10	0.911682292	0.010516934	0.260956597	0.032416137	0.646223958	0.05528395	0.370815809	0.037217405	0.077256944	0.010894906	0.922743056	0.010894906	0.739043403	0.032416137
AAMAVD	20	1000	mix	1	0.847376289	0.010998587	0.099267954	0.015101444	0.254742268	0.048821375	0.142562242	0.022429799	0.121432447	0.012635631	0.878567553	0.012635631	0.900732046	0.015101444
AAMAVD	20	1000	mix	2	0.85943956	0.011752738	0.154094994	0.016125019	0.402417582	0.057394167	0.222278717	0.023047113	0.116506651	0.013915614	0.883493349	0.013915614	0.845905006	0.016125019
AAMAVD	20	1000	mix	5	0.876582474	0.01173507	0.221017321	0.022172916	0.575876289	0.054748527	0.3187739	0.027911834	0.107590884	0.012981234	0.892409116	0.012981234	0.778982679	0.022172916
AAMAVD	20	1000	mix	10	0.892197917	0.013219499	0.265713746	0.030354524	0.641354167	0.050442668	0.374632036	0.033272484	0.094599781	0.014363138	0.905400219	0.014363138	0.734286254	0.030354524
AAMAVD	20	2000	mix	1	0.717088542	0.01882817	0.099930399	0.012152849	0.228697917	0.036965452	0.138788173	0.017597383	0.228645833	0.023027205	0.771354167	0.023027205	0.900069601	0.012152849
AAMAVD	20	2000	mix	2	0.734091837	0.018616358	0.147854863	0.013735176	0.347142857	0.038975276	0.207005897	0.018528666	0.222913832	0.022414838	0.777086168	0.022414838	0.852145137	0.013735176
AAMAVD	20	2000	mix	5	0.761763441	0.018056914	0.203653252	0.015717053	0.472096774	0.042607425	0.283987486	0.019147348	0.206051374	0.0222235	0.793948626	0.0222235	0.796346748	0.015717053
AAMAVD	20	2000	mix	10	0.784673469	0.01725881	0.241107914	0.019345911	0.532295918	0.040289982	0.331257782	0.021645959	0.18728458	0.020710444	0.81271542	0.020710444	0.758892086	0.019345911
