name	Sample	OTU	type	effect	mean_Accuracy	sd_Accuracy	mean_Precision	sd_Precision	mean_TPR	sd_TPR	mean_F1_score	sd_F1_score	mean_FPR	sd_FPR	mean_Specificity	sd_Specificity	mean_FDR	sd_FDR
ALDEx2_wi	50	100	mix	1	0.988978022	0.000289592	0.005	0.070710678	5.00E-04	0.007071068	0.000909091	0.012856487	3.89E-05	0.000281301	0.999961111	0.000281301	0.025	0.156516732
Corncob	50	100	mix	1	0.988917582	0.000464496	0.01	0.099748427	0.001	0.009974843	0.001818182	0.018136078	0.000105556	0.000453803	0.999894444	0.000453803	0.065	0.247144496
DACOMP	50	100	mix	1	0.988989011	0.000219227	0	0	0	0	0	0	2.22E-05	0.000221663	0.999977778	0.000221663	0.01	0.099748427
DESeq2	50	100	mix	1	0.986697802	0.003180337	0.045992489	0.124916192	0.023	0.0639645	0.026672087	0.063747485	0.002594444	0.003526468	0.997405556	0.003526468	0.564007511	0.467595037
fastANCOM	50	100	mix	1	0.989	0.000190495	0.005	0.070710678	5.00E-04	0.007071068	0.000909091	0.012856487	1.67E-05	0.000175329	0.999983333	0.000175329	0.01	0.099748427
LEfSe	50	100	mix	1	0.988966136	0.000268869	0.005102041	0.071428571	0.000510204	0.007142857	0.000927644	0.012987013	5.10E-05	0.000258894	0.99994898	0.000258894	0.040816327	0.19837118
limma_voom	50	100	mix	1	0.988923077	0.000445593	0.000833333	0.011785113	5.00E-04	0.007071068	0.000625	0.008838835	9.44E-05	0.000507741	0.999905556	0.000507741	0.049166667	0.215142494
LinDA	50	100	mix	1	0.988730769	0.001096123	0.009375	0.081152096	0.002	0.014035132	0.003012266	0.02147509	0.000305556	0.00115189	0.999694444	0.00115189	0.105625	0.303636228
MaAsLin2	50	100	mix	1	0.988912088	0.00051895	0.0075	0.078897873	0.001	0.009974843	0.001742424	0.017396993	0.000111111	0.000522465	0.999888889	0.000522465	0.0525	0.220765571
Wilcox	50	100	mix	1	0.988978022	0.000244111	0.005	0.070710678	5.00E-04	0.007071068	0.000909091	0.012856487	3.89E-05	0.000233055	0.999961111	0.000233055	0.03	0.171015295
ZicoSeq	50	100	mix	1	0.989010989	0	0	0	0	0	0	0	0	0	1	0	0	0
ALDEx2_wi	50	100	mix	10	0.983769231	0.002977965	0.11532128	0.155804531	0.067	0.077725196	0.080027913	0.090416164	0.006044444	0.002937908	0.993955556	0.002937908	0.88467872	0.155804531
Corncob	50	100	mix	10	0.982252747	0.004816844	0.112656298	0.137512791	0.0885	0.095726526	0.090872827	0.093326229	0.007816667	0.00517619	0.992183333	0.00517619	0.882343702	0.15092231
DACOMP	50	100	mix	10	0.983368132	0.002369661	0.115444444	0.124293752	0.0745	0.080199187	0.08899176	0.09434309	0.006533333	0.00195983	0.993466667	0.00195983	0.879555556	0.138883732
DESeq2	50	100	mix	10	0.975945055	0.004873255	0.103732931	0.075698996	0.154	0.110203102	0.121267415	0.085063983	0.014922222	0.004968428	0.985077778	0.004968428	0.896267069	0.075698996
fastANCOM	50	100	mix	10	0.983791209	0.002380067	0.113996212	0.141605724	0.07	0.080824893	0.083942981	0.09512805	0.006055556	0.002153459	0.993944444	0.002153459	0.886003788	0.141605724
LEfSe	50	100	mix	10	0.980043956	0.006085545	0.104328426	0.102781644	0.1115	0.109900595	0.099341702	0.089079485	0.010305556	0.006696321	0.989694444	0.006696321	0.895671574	0.102781644
limma_voom	50	100	mix	10	0.981324176	0.002934422	0.108350726	0.107332835	0.097	0.097150352	0.10019218	0.096736419	0.00885	0.002685809	0.99115	0.002685809	0.891649274	0.107332835
LinDA	50	100	mix	10	0.980510989	0.003708972	0.104560621	0.096502795	0.102	0.092405051	0.10060697	0.089126707	0.009727778	0.0036969	0.990272222	0.0036969	0.895439379	0.096502795
MaAsLin2	50	100	mix	10	0.979527473	0.006022265	0.106713672	0.098630268	0.117	0.108488936	0.105229092	0.09164132	0.010888889	0.006472129	0.989111111	0.006472129	0.893286328	0.098630268
Wilcox	50	100	mix	10	0.980615385	0.006347734	0.106653309	0.107139021	0.104	0.105067578	0.096497312	0.089123188	0.009644444	0.006913143	0.990355556	0.006913143	0.893346691	0.107139021
ZicoSeq	50	100	mix	10	0.989010989	0	0	0	0	0	0	0	0	0	1	0	0	0
ALDEx2_wi	50	100	mix	2	0.988472527	0.000954001	0.042083333	0.168953635	0.0075	0.028244268	0.01248002	0.047092573	0.000627778	0.000948958	0.999372222	0.000948958	0.357916667	0.467971786
Corncob	50	100	mix	2	0.98839011	0.001093795	0.059138889	0.211153642	0.011	0.037228076	0.017404604	0.057706815	0.00075	0.001135618	0.99925	0.001135618	0.410861111	0.481596705
DACOMP	50	100	mix	2	0.988510989	0.001170029	0.033125	0.119709183	0.0095	0.035582024	0.013869741	0.049001055	0.000611111	0.001344777	0.999388889	0.001344777	0.206875	0.383462979
DESeq2	50	100	mix	2	0.983934066	0.003936114	0.084425278	0.143342146	0.0545	0.083754547	0.061201709	0.090047071	0.005738889	0.004152586	0.994261111	0.004152586	0.865574722	0.24454184
fastANCOM	50	100	mix	2	0.988906593	0.000546377	0.025	0.156516732	0.0025	0.015651673	0.004545455	0.028457588	0.000133333	0.000517214	0.999866667	0.000517214	0.08	0.271973986
LEfSe	50	100	mix	2	0.988252747	0.00117826	0.051666667	0.185975329	0.0095	0.031057573	0.01547952	0.050508833	0.000872222	0.00118868	0.999127778	0.00118868	0.433333333	0.481801709
limma_voom	50	100	mix	2	0.988274725	0.00114546	0.048083333	0.182284785	0.0085	0.029701192	0.014055778	0.049306609	0.000838889	0.001138673	0.999161111	0.001138673	0.436916667	0.48423464
LinDA	50	100	mix	2	0.987895604	0.001657905	0.044297619	0.173098783	0.0095	0.031057573	0.014667822	0.048837931	0.001233333	0.001714066	0.998766667	0.001714066	0.515702381	0.488286377
MaAsLin2	50	100	mix	2	0.988351648	0.001165886	0.057547619	0.215542843	0.009	0.030391086	0.014827996	0.050471535	0.000766667	0.001180891	0.999233333	0.001180891	0.392452381	0.481229625
Wilcox	50	100	mix	2	0.98832967	0.001391583	0.05225	0.195579837	0.0085	0.029701192	0.01414319	0.049191296	0.000783333	0.001390357	0.999216667	0.001390357	0.36775	0.471339602
ZicoSeq	50	100	mix	2	0.989010989	0	0	0	0	0	0	0	0	0	1	0	0	0
ALDEx2_wi	50	100	mix	5	0.985236264	0.002188332	0.084948413	0.133583717	0.0415	0.063623816	0.054179771	0.082011475	0.004277778	0.002167815	0.995722222	0.002167815	0.895051587	0.184737896
Corncob	50	100	mix	5	0.985467033	0.002703977	0.089468309	0.152450616	0.0405	0.061878061	0.053418733	0.081746962	0.004033333	0.002738267	0.995966667	0.002738267	0.870531691	0.233753552
DACOMP	50	100	mix	5	0.984593407	0.002305496	0.089928571	0.122857952	0.047	0.062534413	0.060673212	0.080210804	0.004988889	0.002179916	0.995011111	0.002179916	0.865071429	0.223943717
DESeq2	50	100	mix	5	0.977324176	0.004629821	0.096436211	0.084794882	0.1245	0.109129723	0.10511694	0.087602891	0.0132	0.004737098	0.9868	0.004737098	0.903563789	0.084794882
fastANCOM	50	100	mix	5	0.985796703	0.002025188	0.07702381	0.134097252	0.0325	0.053928577	0.045155139	0.075572771	0.003611111	0.001960431	0.996388889	0.001960431	0.89297619	0.206358068
LEfSe	50	100	mix	5	0.984357143	0.00290424	0.099140604	0.129370011	0.0585	0.071084563	0.070657094	0.085259968	0.005355556	0.00302144	0.994644444	0.00302144	0.885859396	0.169105535
limma_voom	50	100	mix	5	0.983565934	0.002520121	0.090696609	0.117949669	0.056	0.068464861	0.06752978	0.082722572	0.006127778	0.002407099	0.993872222	0.002407099	0.909303391	0.117949669
LinDA	50	100	mix	5	0.983098901	0.002677189	0.096429348	0.111870781	0.0655	0.073394028	0.076225528	0.084783904	0.006705556	0.002560461	0.993294444	0.002560461	0.893570652	0.143270869
MaAsLin2	50	100	mix	5	0.983923077	0.002966941	0.102319796	0.12502137	0.064	0.077030308	0.076130483	0.089847641	0.005855556	0.002988304	0.994144444	0.002988304	0.882680204	0.165513051
Wilcox	50	100	mix	5	0.98471978	0.002649936	0.094821104	0.130372632	0.0535	0.07220678	0.065123328	0.084739296	0.004933333	0.002814972	0.995066667	0.002814972	0.880178896	0.191649761
ZicoSeq	50	100	mix	5	0.989010989	0	0	0	0	0	0	0	0	0	1	0	0	0
ALDEx2_wi	50	1000	mix	1	0.9	0	0	0	0	0	0	0	0	0	1	0	0	0
Corncob	50	1000	mix	1	0.89998	0.000172478	0	0	0	0	0	0	2.22E-05	0.000191642	0.999977778	0.000191642	0.015	0.121857483
DACOMP	50	1000	mix	1	0.9	0	0	0	0	0	0	0	0	0	1	0	0	0
DESeq2	50	1000	mix	1	0.8834	0.0053133	0.002488236	0.012431149	5.00E-04	0.002604596	0.000823628	0.004230941	0.0185	0.005934847	0.9815	0.005934847	0.997511764	0.012431149
fastANCOM	50	1000	mix	1	0.899995	7.07E-05	0	0	0	0	0	0	5.56E-06	7.86E-05	0.999994444	7.86E-05	0.005	0.070710678
LEfSe	50	1000	mix	1	0.89999	9.97E-05	0	0	0	0	0	0	1.11E-05	0.000110832	0.999988889	0.000110832	0.01	0.099748427
limma_voom	50	1000	mix	1	0.866845	0.080841311	0.046149864	0.112595157	0.041	0.09751691	0.025888566	0.050925993	0.041394444	0.10048397	0.958605556	0.10048397	0.428850136	0.463254734
LinDA	50	1000	mix	1	0.89999	9.97E-05	0.0025	0.035355339	5.00E-05	0.000707107	9.80E-05	0.001386484	1.67E-05	0.000135397	0.999983333	0.000135397	0.0125	0.105591181
MaAsLin2	50	1000	mix	1	0.899984772	0.000122772	0	0	0	0	0	0	1.69E-05	0.000136414	0.99998308	0.000136414	0.015228426	0.122772286
Wilcox	50	1000	mix	1	0.899995	7.07E-05	0	0	0	0	0	0	5.56E-06	7.86E-05	0.999994444	7.86E-05	0.005	0.070710678
ZicoSeq	50	1000	mix	1	0.9	0	0	0	0	0	0	0	0	0	1	0	0	0
ALDEx2_wi	50	1000	mix	10	0.89386	0.003195537	0.110916567	0.147045645	0.0085	0.010012555	0.015451929	0.017808234	0.007766667	0.003722808	0.992233333	0.003722808	0.889083433	0.147045645
Corncob	50	1000	mix	10	0.893065	0.004037609	0.104935656	0.136553702	0.00915	0.010879768	0.016396074	0.019054867	0.008722222	0.004777771	0.991277778	0.004777771	0.890064344	0.150307298
DACOMP	50	1000	mix	10	0.89088	0.004835547	0.093142831	0.093315915	0.0122	0.012726738	0.021341737	0.021955474	0.011488889	0.005643019	0.988511111	0.005643019	0.811857169	0.278080612
DESeq2	50	1000	mix	10	0.85911	0.008534759	0.048483308	0.033803723	0.02205	0.015637139	0.030100223	0.021007698	0.047883333	0.009495361	0.952116667	0.009495361	0.951516692	0.033803723
fastANCOM	50	1000	mix	10	0.88401	0.034778551	0.099506652	0.088085756	0.02135	0.052425372	0.026381357	0.031583757	0.020138889	0.044201729	0.979861111	0.044201729	0.900493348	0.088085756
LEfSe	50	1000	mix	10	0.891355	0.004744632	0.10767002	0.11216322	0.012	0.012680852	0.021089491	0.021691643	0.010938889	0.005574059	0.989061111	0.005574059	0.89232998	0.11216322
limma_voom	50	1000	mix	10	0.691055	0.193906992	0.099446328	0.048828493	0.25775	0.237709839	0.106106256	0.064027913	0.2608	0.241569078	0.7392	0.241569078	0.900553672	0.048828493
LinDA	50	1000	mix	10	0.890085	0.004802405	0.10551062	0.091639556	0.01395	0.013594911	0.024218387	0.022944521	0.012566667	0.005598815	0.987433333	0.005598815	0.89448938	0.091639556
MaAsLin2	50	1000	mix	10	0.890095477	0.004810125	0.104114325	0.092382929	0.01361809	0.013557765	0.023631681	0.022780342	0.012518146	0.005635167	0.987481854	0.005635167	0.895885675	0.092382929
Wilcox	50	1000	mix	10	0.892215	0.004257866	0.104318457	0.112807288	0.0103	0.011815585	0.018345179	0.020568101	0.009794444	0.004918944	0.990205556	0.004918944	0.895681543	0.112807288
ZicoSeq	50	1000	mix	10	0.9	0	0	0	0	0	0	0	0	0	1	0	0	0
ALDEx2_wi	50	1000	mix	2	0.89971	0.000747458	0.04125	0.183792918	0.00055	0.002285524	0.00108237	0.00449796	0.000383333	0.000815489	0.999616667	0.000815489	0.21875	0.407173043
Corncob	50	1000	mix	2	0.899635	0.000764656	0.039166667	0.174423754	0.00055	0.002285524	0.001082333	0.004497726	0.000466667	0.000828789	0.999533333	0.000828789	0.280833333	0.442247414
DACOMP	50	1000	mix	2	0.9	0	0	0	0	0	0	0	0	0	1	0	0	0
DESeq2	50	1000	mix	2	0.88074	0.005182343	0.01015231	0.025368941	0.00215	0.005479748	0.003514879	0.008916302	0.021638889	0.005795422	0.978361111	0.005795422	0.98984769	0.025368941
fastANCOM	50	1000	mix	2	0.89966	0.000772908	0.015	0.099116702	0.00025	0.001565167	0.000491167	0.003075057	0.000405556	0.000856888	0.999594444	0.000856888	0.22	0.409190892
LEfSe	50	1000	mix	2	0.89956	0.000943851	0.045833333	0.19552325	6.00E-04	0.002380828	0.001179566	0.00468099	0.000555556	0.001032988	0.999444444	0.001032988	0.299166667	0.452765403
limma_voom	50	1000	mix	2	0.86606	0.081729523	0.05920796	0.146957612	0.04065	0.100381571	0.02527854	0.048711255	0.042227778	0.101829746	0.957772222	0.101829746	0.48579204	0.465475726
LinDA	50	1000	mix	2	0.899645	0.000867605	0.029464286	0.14457144	5.00E-04	0.002184919	0.000976838	0.004269236	0.00045	0.000996909	0.99955	0.000996909	0.215535714	0.402604991
MaAsLin2	50	1000	mix	2	0.89961809	0.000878977	0.033710218	0.150136247	0.000603015	0.00238645	0.001176984	0.004658697	0.000491346	0.001020691	0.999508654	0.001020691	0.262772194	0.429539179
Wilcox	50	1000	mix	2	0.899755	0.000683602	0.0275	0.152017422	0.00035	0.001842409	0.000690157	0.003633051	0.000311111	0.000740219	0.999688889	0.000740219	0.1775	0.378098589
ZicoSeq	50	1000	mix	2	0.9	0	0	0	0	0	0	0	0	0	1	0	0	0
ALDEx2_wi	50	1000	mix	5	0.89647	0.0021778	0.087787698	0.148735718	0.0038	0.005893528	0.007228089	0.011173761	0.004344444	0.002326397	0.995655556	0.002326397	0.872212302	0.231639745
Corncob	50	1000	mix	5	0.896805	0.002499643	0.083026335	0.165727258	0.00335	0.005954391	0.00637579	0.011276733	0.003922222	0.002730553	0.996077778	0.002730553	0.846973665	0.284974669
DACOMP	50	1000	mix	5	0.89627	0.004287073	0.048308955	0.08626123	0.0045	0.008004396	0.008163169	0.014448228	0.004644444	0.005169453	0.995355556	0.005169453	0.456691045	0.458918249
DESeq2	50	1000	mix	5	0.86826	0.006849597	0.043287152	0.031355864	0.0148	0.010560189	0.021887128	0.015486876	0.036911111	0.007555785	0.963088889	0.007555785	0.956712848	0.031355864
fastANCOM	50	1000	mix	5	0.894315	0.012075382	0.104418425	0.14731112	0.0067	0.012959543	0.01155265	0.014621559	0.007061111	0.014588636	0.992938889	0.014588636	0.890581575	0.160159716
LEfSe	50	1000	mix	5	0.89579	0.002804501	0.096021094	0.1501117	0.0049	0.007088103	0.009221216	0.013256675	0.005222222	0.003042393	0.994777778	0.003042393	0.873978906	0.214451712
limma_voom	50	1000	mix	5	0.83777	0.111789676	0.10587188	0.086703274	0.07885	0.141581794	0.05190859	0.054598739	0.077905556	0.139724773	0.922094444	0.139724773	0.89412812	0.086703274
LinDA	50	1000	mix	5	0.895	0.002912458	0.098478304	0.127660575	0.00605	0.007427878	0.011273757	0.013738591	0.006227778	0.003201172	0.993772222	0.003201172	0.891521696	0.155780319
MaAsLin2	50	1000	mix	5	0.894929648	0.002999171	0.101043262	0.131771483	0.006080402	0.007434126	0.011350624	0.013772306	0.006309324	0.003235968	0.993690676	0.003235968	0.893931613	0.146178693
Wilcox	50	1000	mix	5	0.896155	0.002526438	0.086914863	0.14815706	0.00405	0.00626849	0.007667895	0.011822832	0.004722222	0.00273019	0.995277778	0.00273019	0.873085137	0.231420288
ZicoSeq	50	1000	mix	5	0.9	0	0	0	0	0	0	0	0	0	1	0	0	0
ALDEx2_wi	50	200	mix	1	0.978244565	0.000132454	0	0	0	0	0	0	1.67E-05	0.000135397	0.999983333	0.000135397	0.015	0.121857483
Corncob	50	200	mix	1	0.97823913	0.000187476	0	0	0	0	0	0	2.22E-05	0.000191642	0.999977778	0.000191642	0.015	0.121857483
DACOMP	50	200	mix	1	0.97826087	0	0	0	0	0	0	0	0	0	1	0	0	0
DESeq2	50	200	mix	1	0.977434783	0.001458875	0.037375	0.141384282	0.00525	0.019019628	0.008743724	0.030646155	0.000961111	0.001593606	0.999038889	0.001593606	0.407625	0.475931583
fastANCOM	50	200	mix	1	0.978244565	0.000132454	0	0	0	0	0	0	1.67E-05	0.000135397	0.999983333	0.000135397	0.015	0.121857483
LEfSe	50	200	mix	1	0.978152743	0.000808458	0.005711566	0.072621356	0.00052356	0.005102963	0.00083641	0.00830314	0.000122164	0.000892868	0.999877836	0.000892868	0.041408853	0.198665812
limma_voom	50	200	mix	1	0.977842391	0.001854633	0.024023842	0.134976734	0.00325	0.01591237	0.004981061	0.023695551	5.00E-04	0.002077206	0.9995	0.002077206	0.130976158	0.330223516
LinDA	50	200	mix	1	0.978217391	0.000284989	0.01	0.099748427	5.00E-04	0.004987421	0.000952381	0.00949985	5.56E-05	0.000267104	0.999944444	0.000267104	0.045	0.207824336
MaAsLin2	50	200	mix	1	0.978233559	0.000202533	0.005025126	0.070888121	0.000251256	0.003544406	0.000478583	0.00675125	3.35E-05	0.000190481	0.999966499	0.000190481	0.030150754	0.171433285
Wilcox	50	200	mix	1	0.978244565	0.000171517	0.005	0.070710678	0.00025	0.003535534	0.00047619	0.00673435	2.22E-05	0.000155946	0.999977778	0.000155946	0.02	0.140351318
ZicoSeq	50	200	mix	1	0.97826087	0	0	0	0	0	0	0	0	0	1	0	0	0
ALDEx2_wi	50	200	mix	10	0.972809783	0.0034086	0.080899461	0.126589524	0.02525	0.036833695	0.03680737	0.052913716	0.006133333	0.003539957	0.993866667	0.003539957	0.904100539	0.16862673
Corncob	50	200	mix	10	0.972293478	0.004112009	0.094468929	0.145550708	0.034	0.044766283	0.046857707	0.060050213	0.006855556	0.004416593	0.993144444	0.004416593	0.870531071	0.220190093
DACOMP	50	200	mix	10	0.971902174	0.003157735	0.093202131	0.11814262	0.03475	0.040783008	0.049421564	0.057980227	0.007272222	0.003142297	0.992727778	0.003142297	0.856797869	0.228756036
DESeq2	50	200	mix	10	0.962005435	0.005110256	0.091715614	0.063832066	0.085	0.061390913	0.086583406	0.059706823	0.018505556	0.00534973	0.981494444	0.00534973	0.908284386	0.063832066
fastANCOM	50	200	mix	10	0.971565217	0.003266218	0.086711698	0.115610496	0.0345	0.043233037	0.047925761	0.059643849	0.007611111	0.003335659	0.992388889	0.003335659	0.903288302	0.146876093
LEfSe	50	200	mix	10	0.969543478	0.005704952	0.088399016	0.122948639	0.046	0.057885696	0.056023386	0.067177296	0.009933333	0.006240461	0.990066667	0.006240461	0.901600984	0.152608165
limma_voom	50	200	mix	10	0.96148913	0.011855298	0.086225559	0.076539593	0.08	0.074178923	0.076492702	0.06299277	0.018922222	0.013039242	0.981077778	0.013039242	0.908774441	0.099958595
LinDA	50	200	mix	10	0.968222826	0.005056155	0.091501053	0.098052217	0.05325	0.054004816	0.064276831	0.063171947	0.011444444	0.005430759	0.988555556	0.005430759	0.908498947	0.098052217
MaAsLin2	50	200	mix	10	0.968619565	0.005497573	0.090342159	0.105381895	0.052	0.057989776	0.0623311	0.066250461	0.011011111	0.00600493	0.988988889	0.00600493	0.904657841	0.123277663
Wilcox	50	200	mix	10	0.970521739	0.005187812	0.089323118	0.123540716	0.041	0.051548874	0.052261425	0.062313646	0.008822222	0.005687043	0.991177778	0.005687043	0.900676882	0.153024892
ZicoSeq	50	200	mix	10	0.97826087	0	0	0	0	0	0	0	0	0	1	0	0	0
ALDEx2_wi	50	200	mix	2	0.977804348	0.000900952	0.036666667	0.178523005	0.00225	0.010391217	0.004201016	0.019411236	0.000516667	0.000890266	0.999483333	0.000890266	0.323333333	0.465036636
Corncob	50	200	mix	2	0.97773913	0.000974399	0.038333333	0.187336379	0.00225	0.010391217	0.004172494	0.019308621	0.000583333	0.000977046	0.999416667	0.000977046	0.346666667	0.475050322
DACOMP	50	200	mix	2	0.978097826	0.000903518	0.004621212	0.034735501	0.001	0.007017566	0.001590697	0.011232265	0.000188889	0.001021574	0.999811111	0.001021574	0.040378788	0.18848512
DESeq2	50	200	mix	2	0.974717391	0.002895855	0.075355339	0.157215227	0.01775	0.032445354	0.027298934	0.049199239	0.004016667	0.003043775	0.995983333	0.003043775	0.819644661	0.321340508
fastANCOM	50	200	mix	2	0.978103261	0.000538237	0.015	0.121857483	0.00075	0.006092874	0.001428571	0.011605475	0.000177778	0.000527664	0.999822222	0.000527664	0.12	0.325776999
LEfSe	50	200	mix	2	0.977646739	0.00112495	0.055833333	0.216745573	0.00375	0.014122134	0.006951816	0.026129838	0.000711111	0.001091621	0.999288889	0.001091621	0.399166667	0.484804697
limma_voom	50	200	mix	2	0.97688587	0.003750283	0.056765568	0.208055647	0.0065	0.021448782	0.009752283	0.029663781	0.00155	0.004086504	0.99845	0.004086504	0.428234432	0.485340042
LinDA	50	200	mix	2	0.977663043	0.001093763	0.047916667	0.201619196	0.00325	0.012357225	0.005948852	0.022655806	0.000683333	0.001106509	0.999316667	0.001106509	0.362083333	0.476382286
MaAsLin2	50	200	mix	2	0.97768735	0.001155084	0.060720268	0.226857182	0.003768844	0.013233216	0.007012051	0.02464061	0.000670017	0.001137833	0.999329983	0.001137833	0.371440536	0.478324613
Wilcox	50	200	mix	2	0.977782609	0.000966323	0.039166667	0.179938494	0.003	0.01291643	0.005453315	0.023514195	0.000555556	0.000977443	0.999444444	0.000977443	0.320833333	0.462115127
ZicoSeq	50	200	mix	2	0.97826087	0	0	0	0	0	0	0	0	0	1	0	0	0
ALDEx2_wi	50	200	mix	5	0.975369565	0.002039893	0.098680556	0.192657453	0.018	0.03050661	0.029481996	0.049801344	0.003355556	0.002004895	0.996644444	0.002004895	0.856319444	0.267174044
Corncob	50	200	mix	5	0.975565217	0.002434072	0.095804113	0.20404016	0.016	0.028248716	0.026088773	0.046145432	0.003111111	0.002542523	0.996888889	0.002542523	0.824195887	0.316538386
DACOMP	50	200	mix	5	0.975304348	0.002804026	0.067386905	0.13248911	0.018	0.032884754	0.02790826	0.05116324	0.003422222	0.002975091	0.996577778	0.002975091	0.577613095	0.446759291
DESeq2	50	200	mix	5	0.967391304	0.003846446	0.096935426	0.083933324	0.063	0.058935277	0.074631027	0.065492981	0.012511111	0.003987137	0.987488889	0.003987137	0.903064574	0.083933324
fastANCOM	50	200	mix	5	0.975282609	0.001983225	0.088125	0.175466523	0.0185	0.033740809	0.029582175	0.05284863	0.003455556	0.001998169	0.996544444	0.001998169	0.856875	0.270706888
LEfSe	50	200	mix	5	0.974538043	0.002910574	0.10145224	0.166932923	0.02475	0.040099593	0.037702561	0.057873819	0.004355556	0.003097682	0.995644444	0.003097682	0.86854776	0.225820966
limma_voom	50	200	mix	5	0.971277174	0.006991356	0.099960543	0.128090009	0.04275	0.053846399	0.054513303	0.063876304	0.008088889	0.00773351	0.991911111	0.00773351	0.895039457	0.142837046
LinDA	50	200	mix	5	0.973478261	0.002976254	0.099249281	0.140590394	0.0295	0.040159856	0.043654892	0.057913212	0.005544444	0.003112925	0.994455556	0.003112925	0.890750719	0.166494586
MaAsLin2	50	200	mix	5	0.973967391	0.002766918	0.098108478	0.15094626	0.027	0.039417875	0.040526862	0.057172125	0.004988889	0.002940758	0.995011111	0.002940758	0.886891522	0.186214863
Wilcox	50	200	mix	5	0.974907609	0.002512844	0.104515873	0.196081498	0.02175	0.035998848	0.034155305	0.055411453	0.003911111	0.002593162	0.996088889	0.002593162	0.860484127	0.255029021
ZicoSeq	50	200	mix	5	0.97826087	0	0	0	0	0	0	0	0	0	1	0	0	0
ALDEx2_wi	50	2000	mix	1	0.818181818	0	0	0	0	0	0	0	0	0	1	0	0	0
Corncob	50	2000	mix	1	0.818168182	0.000192847	0.0025	0.035355339	2.50E-05	0.000353553	4.95E-05	0.000700106	2.22E-05	0.000248077	0.999977778	0.000248077	0.0075	0.078897873
DACOMP	50	2000	mix	1	0.818181818	0	0	0	0	0	0	0	0	0	1	0	0	0
DESeq2	50	2000	mix	1	0.696209091	0.016782644	0.000150488	0.001063122	1.00E-04	0.000701757	0.000119766	0.000841427	0.1491	0.020510995	0.8509	0.020510995	0.999849512	0.001063122
fastANCOM	50	2000	mix	1	0.818181818	0	0.0025	0.035355339	2.50E-05	0.000353553	4.95E-05	0.000700106	5.56E-06	7.86E-05	0.999994444	7.86E-05	0.0025	0.035355339
LEfSe	50	2000	mix	1	0.818181818	0	0.0025	0.035355339	2.50E-05	0.000353553	4.95E-05	0.000700106	5.56E-06	7.86E-05	0.999994444	7.86E-05	0.0025	0.035355339
limma_voom	50	2000	mix	1	0.743613636	0.209597702	0.023246898	0.081384513	0.05105	0.143768021	0.020703497	0.052098594	0.102483333	0.288021094	0.897516667	0.288021094	0.281753102	0.432652371
LinDA	50	2000	mix	1	0.818159091	0.00026473	0.0025	0.035355339	2.50E-05	0.000353553	4.95E-05	0.000700106	3.33E-05	0.000332495	0.999966667	0.000332495	0.0125	0.105591181
MaAsLin2	50	2000	mix	1	0.818177273	6.43E-05	0.0025	0.035355339	2.50E-05	0.000353553	4.95E-05	0.000700106	1.11E-05	0.000110832	0.999988889	0.000110832	0.0075	0.078897873
Wilcox	50	2000	mix	1	0.818181818	0	0.0025	0.035355339	2.50E-05	0.000353553	4.95E-05	0.000700106	5.56E-06	7.86E-05	0.999994444	7.86E-05	0.0025	0.035355339
ZicoSeq	50	2000	mix	1	0.818181818	0	0	0	0	0	0	0	0	0	1	0	0	0
ALDEx2_wi	50	2000	mix	10	0.810486364	0.003445032	0.089167458	0.096069601	0.004625	0.005134803	0.008714166	0.009552235	0.010433333	0.004322432	0.989566667	0.004322432	0.910832542	0.096069601
Corncob	50	2000	mix	10	0.808840909	0.004689749	0.092297967	0.090571688	0.005725	0.005431101	0.010653469	0.009937202	0.012688889	0.005987517	0.987311111	0.005987517	0.907702033	0.090571688
DACOMP	50	2000	mix	10	0.808154545	0.006748408	0.072252977	0.072588535	0.00655	0.007060222	0.011937982	0.012700677	0.013711111	0.008945548	0.986288889	0.008945548	0.682747023	0.394451201
DESeq2	50	2000	mix	10	0.645145455	0.020602342	0.013866711	0.008915677	0.0135	0.008681986	0.013634845	0.008719008	0.214488889	0.025171621	0.785511111	0.025171621	0.986133289	0.008915677
fastANCOM	50	2000	mix	10	0.757363636	0.15803002	0.096166251	0.076636575	0.040275	0.105736467	0.026887739	0.041828342	0.083283333	0.216468916	0.916716667	0.216468916	0.903833749	0.076636575
LEfSe	50	2000	mix	10	0.807609091	0.004536135	0.094572026	0.081259576	0.006725	0.005858411	0.012437346	0.010667248	0.014416667	0.005731375	0.985583333	0.005731375	0.905427974	0.081259576
limma_voom	50	2000	mix	10	0.337304545	0.410664537	0.104180334	0.04674725	0.3278	0.279733649	0.110953878	0.06885679	0.660583333	0.563745428	0.339416667	0.563745428	0.895819666	0.04674725
LinDA	50	2000	mix	10	0.805909091	0.004878183	0.096306763	0.079582996	0.008	0.006854555	0.014641687	0.012339375	0.016777778	0.006056171	0.983222222	0.006056171	0.903693237	0.079582996
MaAsLin2	50	2000	mix	10	0.8057	0.004821417	0.098333545	0.0773979	0.008275	0.006698787	0.015127213	0.012027535	0.017094444	0.006008532	0.982905556	0.006008532	0.901666455	0.0773979
Wilcox	50	2000	mix	10	0.808572727	0.004230289	0.095551116	0.084182104	0.006175	0.005626068	0.011496153	0.010315225	0.013116667	0.005304427	0.986883333	0.005304427	0.904448884	0.084182104
ZicoSeq	50	2000	mix	10	0.818181818	0	0	0	0	0	0	0	0	0	1	0	0	0
ALDEx2_wi	50	2000	mix	2	0.817868182	0.000797633	0.03625	0.164045022	3.00E-04	0.001291643	0.000593828	0.002554993	0.00045	0.000971698	0.99955	0.000971698	0.21875	0.404421189
Corncob	50	2000	mix	2	0.817681818	0.000872969	0.0525	0.193650969	0.00045	0.001519554	0.000890133	0.003004568	0.000711111	0.001062826	0.999288889	0.001062826	0.3625	0.468787803
DACOMP	50	2000	mix	2	0.818181818	0	0	0	0	0	0	0	0	0	1	0	0	0
DESeq2	50	2000	mix	2	0.6938	0.018305827	0.001995004	0.003743932	0.001325	0.002479945	0.00158424	0.002958199	0.152316667	0.022329661	0.847683333	0.022329661	0.998004996	0.003743932
fastANCOM	50	2000	mix	2	0.817831818	0.000843586	0.042916667	0.178001793	0.000325	0.001235722	0.000644067	0.002448909	5.00E-04	0.001025453	0.9995	0.001025453	0.247083333	0.421154848
LEfSe	50	2000	mix	2	0.817854545	0.000757262	0.042083333	0.176232499	0.00035	0.001373657	0.000693081	0.002720177	0.000477778	0.000915229	0.999522222	0.000915229	0.262916667	0.43047452
limma_voom	50	2000	mix	2	0.744145455	0.190435132	0.062854479	0.168796258	0.050775	0.131367085	0.023743854	0.052392153	0.101772222	0.261852911	0.898227778	0.261852911	0.532145521	0.468519091
LinDA	50	2000	mix	2	0.817872727	0.000742866	0.029708333	0.133258924	0.000325	0.001333517	0.000640207	0.002623455	0.00045	0.000990666	0.99955	0.000990666	0.220291667	0.401763263
MaAsLin2	50	2000	mix	2	0.817832874	0.000811122	0.046717172	0.188012575	0.000378788	0.001418856	0.00075009	0.002809689	0.000510662	0.000979763	0.999489338	0.000979763	0.286616162	0.442824152
Wilcox	50	2000	mix	2	0.817913636	0.00076684	0.020833333	0.120414207	0.000175	0.000921205	0.00034654	0.001824206	0.000366667	0.000945897	0.999633333	0.000945897	0.179166667	0.376567077
ZicoSeq	50	2000	mix	2	0.818181818	0	0	0	0	0	0	0	0	0	1	0	0	0
ALDEx2_wi	50	2000	mix	5	0.814045455	0.002297941	0.097811799	0.129422004	0.003025	0.004038057	0.005833932	0.007734236	0.005727778	0.00283355	0.994272222	0.00283355	0.882188201	0.180323085
Corncob	50	2000	mix	5	0.814236364	0.002752948	0.091883686	0.131100533	0.002725	0.003940433	0.005252485	0.007534815	0.005427778	0.003456998	0.994572222	0.003456998	0.868116314	0.219983367
DACOMP	50	2000	mix	5	0.816381818	0.004126373	0.021018387	0.062422042	0.001375	0.004039301	0.002565163	0.007509582	0.002505556	0.005588398	0.997494444	0.005588398	0.168981613	0.352631517
DESeq2	50	2000	mix	5	0.671504545	0.018048068	0.011330572	0.008559243	0.009275	0.007042539	0.01016416	0.007671263	0.181333333	0.021998032	0.818666667	0.021998032	0.988669428	0.008559243
fastANCOM	50	2000	mix	5	0.809045455	0.040920789	0.099996036	0.108090475	0.006475	0.029436916	0.009202758	0.014377166	0.012605556	0.056449821	0.987394444	0.056449821	0.900003964	0.108090475
LEfSe	50	2000	mix	5	0.81345	0.002670021	0.10353296	0.127695649	0.0035	0.004163734	0.006726828	0.007955512	0.006561111	0.003288546	0.993438889	0.003288546	0.87646704	0.178444787
limma_voom	50	2000	mix	5	0.666572727	0.283600997	0.106643107	0.087090535	0.10325	0.193600992	0.047319834	0.060451761	0.208244444	0.389473332	0.791755556	0.389473332	0.893356893	0.087090535
LinDA	50	2000	mix	5	0.812381818	0.002824607	0.103750402	0.115029094	0.0044	0.004900005	0.00838677	0.00927452	0.008066667	0.003498141	0.991933333	0.003498141	0.891249598	0.131106731
MaAsLin2	50	2000	mix	5	0.812061524	0.002953126	0.098977128	0.107692559	0.004343434	0.004892056	0.008264186	0.009220008	0.008445567	0.003666795	0.991554433	0.003666795	0.901022872	0.107692559
Wilcox	50	2000	mix	5	0.813827273	0.002470121	0.092328921	0.118938998	0.003	0.003882702	0.005780024	0.007439475	0.005988889	0.003062291	0.994011111	0.003062291	0.882671079	0.184402626
ZicoSeq	50	2000	mix	5	0.818181818	0	0	0	0	0	0	0	0	0	1	0	0	0
ALDEx2_wi	50	300	mix	1	0.967741935	0	0	0	0	0	0	0	0	0	1	0	0	0
Corncob	50	300	mix	1	0.967725806	0.00020102	0.005	0.070710678	0.000166667	0.002357023	0.000322581	0.004561979	2.22E-05	0.000191642	0.999977778	0.000191642	0.015	0.121857483
DACOMP	50	300	mix	1	0.967741935	0	0	0	0	0	0	0	0	0	1	0	0	0
DESeq2	50	300	mix	1	0.96705914	0.001257935	0.044847222	0.167462829	0.0035	0.011281634	0.006280792	0.020182559	0.000822222	0.001405633	0.999177778	0.001405633	0.355152778	0.463856365
fastANCOM	50	300	mix	1	0.967741935	0	0	0	0	0	0	0	0	0	1	0	0	0
LEfSe	50	300	mix	1	0.967632214	0.000850368	0.007417582	0.075205176	0.001020408	0.00887274	0.001569078	0.013365302	0.000147392	0.001104112	0.999852608	0.001104112	0.023194662	0.145011579
limma_voom	50	300	mix	1	0.965801075	0.006817405	0.028285013	0.143879458	0.006	0.029277547	0.006445771	0.023320637	0.002205556	0.007928646	0.997794444	0.007928646	0.226714987	0.411429818
LinDA	50	300	mix	1	0.967682796	0.000376479	0.000833333	0.011785113	0.000166667	0.002357023	0.000277778	0.003928371	6.67E-05	0.000454384	0.999933333	0.000454384	0.034166667	0.180186562
MaAsLin2	50	300	mix	1	0.967725725	0.000201524	0.005025126	0.070888121	0.000167504	0.002362937	0.000324202	0.004573427	2.23E-05	0.000192119	0.999977666	0.000192119	0.015075377	0.122160142
Wilcox	50	300	mix	1	0.967741935	0.000107797	0.005	0.070710678	0.000166667	0.002357023	0.000322581	0.004561979	5.56E-06	7.86E-05	0.999994444	7.86E-05	0.005	0.070710678
ZicoSeq	50	300	mix	1	0.967741935	0	0	0	0	0	0	0	0	0	1	0	0	0
ALDEx2_wi	50	300	mix	10	0.962655914	0.003054111	0.106126013	0.151777007	0.020833333	0.028045886	0.033705747	0.044690783	0.00595	0.003080687	0.99405	0.003080687	0.888873987	0.16422444
Corncob	50	300	mix	10	0.962172043	0.003689987	0.10530685	0.148560762	0.021833333	0.029055003	0.034424876	0.04444467	0.006483333	0.00387595	0.993516667	0.00387595	0.87969315	0.183696666
DACOMP	50	300	mix	10	0.960591398	0.003674192	0.105150715	0.121510646	0.029166667	0.031514445	0.044676605	0.047984546	0.008361111	0.003652057	0.991638889	0.003652057	0.859849285	0.203253593
DESeq2	50	300	mix	10	0.951688172	0.005395772	0.10483203	0.078814362	0.064333333	0.046365383	0.078254555	0.055242375	0.018733333	0.005394126	0.981266667	0.005394126	0.89516797	0.078814362
fastANCOM	50	300	mix	10	0.960666667	0.004072605	0.112132797	0.138362037	0.029333333	0.033510417	0.044721296	0.05015551	0.008288889	0.004166103	0.991711111	0.004166103	0.887867203	0.138362037
LEfSe	50	300	mix	10	0.95972043	0.004907817	0.10222274	0.122281631	0.031666667	0.037023541	0.045716806	0.050962751	0.009344444	0.005328341	0.990655556	0.005328341	0.89777726	0.122281631
limma_voom	50	300	mix	10	0.934403226	0.028444956	0.0978312	0.063033785	0.123166667	0.112838485	0.093606016	0.058971849	0.038555556	0.03252567	0.961444444	0.03252567	0.9021688	0.063033785
LinDA	50	300	mix	10	0.958290323	0.005206246	0.104830663	0.114515816	0.037	0.037775971	0.052446712	0.05257334	0.011	0.005451283	0.989	0.005451283	0.895169337	0.114515816
MaAsLin2	50	300	mix	10	0.958693548	0.005154303	0.105025327	0.118796951	0.036333333	0.038710366	0.051489325	0.053203403	0.010561111	0.005522512	0.989438889	0.005522512	0.894974673	0.118796951
Wilcox	50	300	mix	10	0.960483871	0.004564207	0.10267796	0.134741556	0.028	0.034637792	0.04146413	0.049254559	0.008433333	0.004937967	0.991566667	0.004937967	0.89732204	0.134741556
ZicoSeq	50	300	mix	10	0.967741935	0	0	0	0	0	0	0	0	0	1	0	0	0
ALDEx2_wi	50	300	mix	2	0.967456989	0.000694243	0.037916667	0.179139153	0.001666667	0.007283062	0.003157632	0.013805115	0.00035	0.000709559	0.99965	0.000709559	0.227083333	0.414520225
Corncob	50	300	mix	2	0.967397849	0.000812132	0.04	0.189948419	0.001666667	0.00801311	0.003185484	0.01526681	0.000411111	0.000782192	0.999588889	0.000782192	0.27	0.44224189
DACOMP	50	300	mix	2	0.967639785	0.000839137	0.002916667	0.029391631	0.000333333	0.003324948	0.000597148	0.005957127	0.000116667	0.000893883	0.999883333	0.000893883	0.022083333	0.140161603
DESeq2	50	300	mix	2	0.965311828	0.002191324	0.098843254	0.195255574	0.010833333	0.019178407	0.0190345	0.033521782	0.002872222	0.002236907	0.997127778	0.002236907	0.761156746	0.362373533
fastANCOM	50	300	mix	2	0.967596774	0.000513338	0.0275	0.160068296	0.001	0.00570051	0.001925403	0.010976555	0.000183333	0.000495372	0.999816667	0.000495372	0.1325	0.338031175
LEfSe	50	300	mix	2	0.967365318	0.000808579	0.054145516	0.210012998	0.002368866	0.008586322	0.00450427	0.016330923	0.000468133	0.000801668	0.999531867	0.000801668	0.291032149	0.447230969
limma_voom	50	300	mix	2	0.964145161	0.008659101	0.051741227	0.173286886	0.010166667	0.027596337	0.012721739	0.02956919	0.004055556	0.009688203	0.995944444	0.009688203	0.478258773	0.481143372
LinDA	50	300	mix	2	0.967370968	0.000810969	0.0285	0.144984933	0.001666667	0.00801311	0.003100047	0.014855157	0.000438889	0.000847571	0.999561111	0.000847571	0.2565	0.429953285
MaAsLin2	50	300	mix	2	0.967306452	0.000807379	0.025	0.140540156	0.001333333	0.007351736	0.002501833	0.013711517	0.000494444	0.00081625	0.999505556	0.00081625	0.32	0.462544609
Wilcox	50	300	mix	2	0.967446237	0.000689709	0.024166667	0.138183861	0.001333333	0.007351736	0.002492363	0.013670464	0.00035	0.000709559	0.99965	0.000709559	0.230833333	0.416935424
ZicoSeq	50	300	mix	2	0.967741935	0	0	0	0	0	0	0	0	0	1	0	0	0
ALDEx2_wi	50	300	mix	5	0.964650538	0.002019391	0.099267857	0.160969645	0.013833333	0.020674689	0.023845336	0.035400921	0.003655556	0.002040565	0.996344444	0.002040565	0.865732143	0.229939736
Corncob	50	300	mix	5	0.965204301	0.001984865	0.105625361	0.210558669	0.012	0.02033774	0.02074467	0.034603044	0.003022222	0.002105122	0.996977778	0.002105122	0.814374639	0.318307744
DACOMP	50	300	mix	5	0.964209677	0.002822087	0.085579601	0.125200476	0.016666667	0.024097327	0.027408323	0.039097682	0.004205556	0.003080647	0.995794444	0.003080647	0.669420399	0.399293068
DESeq2	50	300	mix	5	0.956924731	0.003941057	0.09940076	0.084810543	0.042333333	0.037168036	0.058341716	0.049934467	0.012588889	0.003999364	0.987411111	0.003999364	0.90059924	0.084810543
fastANCOM	50	300	mix	5	0.964182796	0.00215429	0.100301587	0.14193476	0.0155	0.020836097	0.026353155	0.035136995	0.004194444	0.002203825	0.995805556	0.002203825	0.889698413	0.167568233
LEfSe	50	300	mix	5	0.963849462	0.002468898	0.100733978	0.143088205	0.017833333	0.024755082	0.029511407	0.040152443	0.004616667	0.002614931	0.995383333	0.002614931	0.879266022	0.190060832
limma_voom	50	300	mix	5	0.953709677	0.016886536	0.098843661	0.104992534	0.056833333	0.07941702	0.058915762	0.057318312	0.016394444	0.019698546	0.983605556	0.019698546	0.896156339	0.122597017
LinDA	50	300	mix	5	0.963236559	0.002459065	0.104293741	0.131287826	0.02	0.024327929	0.032810566	0.039137528	0.005322222	0.002553698	0.994677778	0.002553698	0.885706259	0.15839787
MaAsLin2	50	300	mix	5	0.96338172	0.002477443	0.105094919	0.136872104	0.019666667	0.025709366	0.032237619	0.040899035	0.005161111	0.002597793	0.994838889	0.002597793	0.884905081	0.163006936
Wilcox	50	300	mix	5	0.96422043	0.002139534	0.100203755	0.153790473	0.015833333	0.02289429	0.026646662	0.037778443	0.004166667	0.002238217	0.995833333	0.002238217	0.879796245	0.198297026
ZicoSeq	50	300	mix	5	0.967741935	0	0	0	0	0	0	0	0	0	1	0	0	0
ALDEx2_wi	50	400	mix	1	0.957446809	0	0	0	0	0	0	0	0	0	1	0	0	0
Corncob	50	400	mix	1	0.957420213	0.000248691	0	0	0	0	0	0	2.78E-05	0.000259744	0.999972222	0.000259744	0.015	0.121857483
DACOMP	50	400	mix	1	0.957446809	0	0	0	0	0	0	0	0	0	1	0	0	0
DESeq2	50	400	mix	1	0.956968085	0.000858184	0.028678571	0.139146246	0.001625	0.007123066	0.003012887	0.013133166	0.000572222	0.00096452	0.999427778	0.00096452	0.336321429	0.464431444
fastANCOM	50	400	mix	1	0.957446809	0	0	0	0	0	0	0	0	0	1	0	0	0
LEfSe	50	400	mix	1	0.957344206	0.001223304	0.002256063	0.031665356	0.000507614	0.007124705	0.000828758	0.011632171	0.000129724	0.00133351	0.999870276	0.00133351	0.012972363	0.107748062
limma_voom	50	400	mix	1	0.954345745	0.008413712	0.037559225	0.151668977	0.007625	0.02914156	0.009269127	0.028040836	0.003577778	0.009804947	0.996422222	0.009804947	0.347440775	0.4631828
LinDA	50	400	mix	1	0.957420213	0.000248691	0	0	0	0	0	0	2.78E-05	0.000259744	0.999972222	0.000259744	0.015	0.121857483
MaAsLin2	50	400	mix	1	0.957430771	0.000226239	0	0	0	0	0	0	1.68E-05	0.000236294	0.99998325	0.000236294	0.005025126	0.070888121
Wilcox	50	400	mix	1	0.957446809	0	0	0	0	0	0	0	0	0	1	0	0	0
ZicoSeq	50	400	mix	1	0.957446809	0	0	0	0	0	0	0	0	0	1	0	0	0
ALDEx2_wi	50	400	mix	10	0.95087234	0.003681756	0.094605686	0.126112735	0.017375	0.020544947	0.02839248	0.032840621	0.007638889	0.003930246	0.992361111	0.003930246	0.905394314	0.126112735
Corncob	50	400	mix	10	0.950196809	0.004764851	0.097549854	0.126553642	0.021125	0.025324217	0.033056862	0.037727155	0.008511111	0.005293589	0.991488889	0.005293589	0.902450146	0.126553642
DACOMP	50	400	mix	10	0.948196809	0.004047358	0.098586975	0.09189175	0.02875	0.027767656	0.043591513	0.040648434	0.010938889	0.004419384	0.989061111	0.004419384	0.876413025	0.167294536
DESeq2	50	400	mix	10	0.938611702	0.005023651	0.098610667	0.067076686	0.05425	0.035718575	0.069094908	0.044508113	0.022083333	0.00515043	0.977916667	0.00515043	0.901389333	0.067076686
fastANCOM	50	400	mix	10	0.948101064	0.006590653	0.106448405	0.107873468	0.027	0.028061311	0.041142162	0.039372471	0.010961111	0.007177245	0.989038889	0.007177245	0.893551595	0.107873468
LEfSe	50	400	mix	10	0.947744681	0.006114084	0.099369715	0.106243621	0.027375	0.029717842	0.040697334	0.041351089	0.01135	0.006747029	0.98865	0.006747029	0.900630285	0.106243621
limma_voom	50	400	mix	10	0.911053191	0.040140604	0.095132885	0.053986512	0.12625	0.11728048	0.092475307	0.054365651	0.054066667	0.046505723	0.945933333	0.046505723	0.904867115	0.053986512
LinDA	50	400	mix	10	0.946037234	0.005880211	0.102125006	0.090322448	0.03275	0.029376904	0.047660632	0.040250057	0.013372222	0.006411821	0.986627778	0.006411821	0.897874994	0.090322448
MaAsLin2	50	400	mix	10	0.946514487	0.006147512	0.103044332	0.09110746	0.031407035	0.028311581	0.04628659	0.039609779	0.01281407	0.006639271	0.98718593	0.006639271	0.896955668	0.09110746
Wilcox	50	400	mix	10	0.948734043	0.005426994	0.100351115	0.104579167	0.025125	0.027511704	0.038207566	0.038944397	0.010216667	0.00602505	0.989783333	0.00602505	0.899648885	0.104579167
ZicoSeq	50	400	mix	10	0.957446809	0	0	0	0	0	0	0	0	0	1	0	0	0
ALDEx2_wi	50	400	mix	2	0.95712234	0.000770523	0.024583333	0.139742699	0.001125	0.006289448	0.002132575	0.011898731	0.000388889	0.000785674	0.999611111	0.000785674	0.240416667	0.423039827
Corncob	50	400	mix	2	0.957037234	0.000766675	0.020416667	0.097604437	0.001375	0.00672387	0.002550206	0.012376296	0.000488889	0.00086023	0.999511111	0.00086023	0.294583333	0.445280285
DACOMP	50	400	mix	2	0.957276596	0.001155763	0.005039474	0.037667648	0.000875	0.006807428	0.001402414	0.010488367	0.000216667	0.001451054	0.999783333	0.001451054	0.029960526	0.159964108
DESeq2	50	400	mix	2	0.95425	0.003002338	0.085080729	0.163316912	0.00975	0.016959529	0.016798721	0.028639714	0.003772222	0.003313542	0.996227778	0.003313542	0.784919271	0.343669325
fastANCOM	50	400	mix	2	0.957218085	0.000620749	0.014166667	0.095658843	0.00075	0.004955835	0.001392971	0.009065817	0.000272222	0.000700053	0.999727778	0.000700053	0.165833333	0.366254336
LEfSe	50	400	mix	2	0.956944296	0.000924703	0.028475712	0.134104961	0.001507538	0.006944127	0.002814238	0.01281376	0.000591848	0.000997371	0.999408152	0.000997371	0.333333333	0.462086713
limma_voom	50	400	mix	2	0.952340426	0.011922395	0.056793625	0.176170024	0.01425	0.041221153	0.015570471	0.036779693	0.005966667	0.014037037	0.994033333	0.014037037	0.493206375	0.477920996
LinDA	50	400	mix	2	0.956962766	0.000970441	0.017083333	0.092388093	0.001125	0.006289448	0.002072259	0.011447233	0.000555556	0.001062592	0.999444444	0.001062592	0.307916667	0.453689932
MaAsLin2	50	400	mix	2	0.956952128	0.000922861	0.019761905	0.110911494	0.001125	0.006289448	0.002086932	0.011534348	0.000566667	0.00099624	0.999433333	0.00099624	0.325238095	0.461945588
Wilcox	50	400	mix	2	0.957159574	0.000713121	0.02625	0.140435208	0.00125	0.00651149	0.002360099	0.012247172	0.000355556	0.000745231	0.999644444	0.000745231	0.21375	0.403655953
ZicoSeq	50	400	mix	2	0.957446809	0	0	0	0	0	0	0	0	0	1	0	0	0
ALDEx2_wi	50	400	mix	5	0.953574468	0.002469217	0.088856151	0.140402313	0.011	0.016556588	0.0192416	0.028770255	0.004533333	0.002543401	0.995466667	0.002543401	0.896143849	0.178558046
Corncob	50	400	mix	5	0.954255319	0.002561819	0.101477124	0.194631967	0.009375	0.01512874	0.016733292	0.026856912	0.00375	0.002634643	0.99625	0.002634643	0.843522876	0.280890026
DACOMP	50	400	mix	5	0.952255319	0.003798535	0.082258445	0.107078552	0.01575	0.020562138	0.026049022	0.033726938	0.006122222	0.004116894	0.993877778	0.004116894	0.722741555	0.370118402
DESeq2	50	400	mix	5	0.944111702	0.004780104	0.102155536	0.079371454	0.0405	0.033113176	0.057164832	0.045189772	0.015727778	0.004850386	0.984272222	0.004850386	0.897844464	0.079371454
fastANCOM	50	400	mix	5	0.952664894	0.002883491	0.095576118	0.140315311	0.01375	0.01767767	0.023567635	0.030151469	0.005605556	0.002974961	0.994394444	0.002974961	0.879423882	0.198451642
LEfSe	50	400	mix	5	0.952617021	0.003002987	0.085419469	0.129855425	0.01325	0.019236364	0.022403352	0.032051187	0.005633333	0.003186823	0.994366667	0.003186823	0.904580531	0.158414664
limma_voom	50	400	mix	5	0.938494681	0.021848425	0.091682632	0.080740191	0.054625	0.066455368	0.057833068	0.049676985	0.022222222	0.025395195	0.977777778	0.025395195	0.903317368	0.102944378
LinDA	50	400	mix	5	0.951478723	0.003136288	0.08927716	0.114570804	0.016375	0.020757862	0.027129434	0.03368195	0.006961111	0.00327698	0.993038889	0.00327698	0.90572284	0.13126009
MaAsLin2	50	400	mix	5	0.951816033	0.003195097	0.088930065	0.12134915	0.015025253	0.019140792	0.025119744	0.031471028	0.006548822	0.003370513	0.993451178	0.003370513	0.90601943	0.137380049
Wilcox	50	400	mix	5	0.953085106	0.002972837	0.085437146	0.133059976	0.012	0.018410451	0.02050136	0.030643734	0.005088889	0.003167002	0.994911111	0.003167002	0.889562854	0.194702647
ZicoSeq	50	400	mix	5	0.957446809	0	0	0	0	0	0	0	0	0	1	0	0	0
ALDEx2_wi	50	500	mix	1	0.947368421	0	0	0	0	0	0	0	0	0	1	0	0	0
Corncob	50	500	mix	1	0.947352632	0.000128271	0	0	0	0	0	0	1.67E-05	0.000135397	0.999983333	0.000135397	0.015	0.121857483
DACOMP	50	500	mix	1	0.947368421	0	0	0	0	0	0	0	0	0	1	0	0	0
DESeq2	50	500	mix	1	0.946557895	0.002250257	0.021518116	0.11687789	0.0012	0.005166572	0.002121416	0.008909431	0.000922222	0.002523197	0.999077778	0.002523197	0.308481884	0.45485418
fastANCOM	50	500	mix	1	0.947352632	0.000166101	0	0	0	0	0	0	1.67E-05	0.000175329	0.999983333	0.000175329	0.01	0.099748427
LEfSe	50	500	mix	1	0.94734072	0.000314473	0.000877193	0.012091271	0.000105263	0.001450953	0.00018797	0.002590987	3.51E-05	0.000410606	0.999964912	0.000410606	0.009649123	0.094189789
limma_voom	50	500	mix	1	0.939589474	0.020067063	0.046405894	0.152854046	0.0171	0.049006102	0.016274114	0.037801772	0.009161111	0.023574305	0.990838889	0.023574305	0.348594106	0.455090035
LinDA	50	500	mix	1	0.9473	0.000448677	0	0	0	0	0	0	7.22E-05	0.000473604	0.999927778	0.000473604	0.035	0.184240939
MaAsLin2	50	500	mix	1	0.947310526	0.00058942	0.005	0.070710678	1.00E-04	0.001414214	0.000196078	0.002772968	6.67E-05	0.000616581	0.999933333	0.000616581	0.015	0.121857483
Wilcox	50	500	mix	1	0.947368421	0	0	0	0	0	0	0	0	0	1	0	0	0
ZicoSeq	50	500	mix	1	0.947368421	0	0	0	0	0	0	0	0	0	1	0	0	0
ALDEx2_wi	50	500	mix	10	0.939073684	0.004555505	0.094696252	0.106190399	0.0179	0.019583348	0.029309186	0.031300732	0.00975	0.004854656	0.99025	0.004854656	0.905303748	0.106190399
Corncob	50	500	mix	10	0.937521053	0.006381478	0.10128888	0.111737344	0.0221	0.022182206	0.034624318	0.033689296	0.011622222	0.007022727	0.988377778	0.007022727	0.89871112	0.111737344
DACOMP	50	500	mix	10	0.934710526	0.005044865	0.090473936	0.077270138	0.026	0.023035913	0.039518563	0.033323983	0.014805556	0.005390556	0.985194444	0.005390556	0.909526064	0.077270138
DESeq2	50	500	mix	10	0.923494737	0.007412315	0.095198593	0.055499219	0.0515	0.030104508	0.066019508	0.037772397	0.028061111	0.007590059	0.971938889	0.007590059	0.904801407	0.055499219
fastANCOM	50	500	mix	10	0.934405263	0.010266336	0.09481728	0.081800043	0.0288	0.035734363	0.041371067	0.037366645	0.015283333	0.012114646	0.984716667	0.012114646	0.90518272	0.081800043
LEfSe	50	500	mix	10	0.933652632	0.008085699	0.097974266	0.087384493	0.0312	0.030184691	0.04508894	0.040869039	0.016211111	0.009016525	0.983788889	0.009016525	0.902025734	0.087384493
limma_voom	50	500	mix	10	0.874947368	0.055370169	0.093082737	0.042924217	0.1624	0.137392224	0.103618762	0.052484004	0.085466667	0.065321755	0.914533333	0.065321755	0.906917263	0.042924217
LinDA	50	500	mix	10	0.931842105	0.007643084	0.096223863	0.076949053	0.0345	0.030666794	0.049017029	0.040449801	0.018305556	0.008431812	0.981694444	0.008431812	0.903776137	0.076949053
MaAsLin2	50	500	mix	10	0.932278947	0.007780646	0.095523288	0.07772733	0.0334	0.02967902	0.047647282	0.03940201	0.017783333	0.008644388	0.982216667	0.008644388	0.904476712	0.07772733
Wilcox	50	500	mix	10	0.935136842	0.007317662	0.09493478	0.092326056	0.0273	0.029547849	0.040439768	0.040499189	0.014427778	0.008182785	0.985572222	0.008182785	0.90506522	0.092326056
ZicoSeq	50	500	mix	10	0.947368421	0	0	0	0	0	0	0	0	0	1	0	0	0
ALDEx2_wi	50	500	mix	2	0.946910526	0.000905185	0.0445	0.1799568	0.0016	0.006134178	0.003049667	0.011626328	0.000572222	0.000970931	0.999427778	0.000970931	0.3205	0.456645545
Corncob	50	500	mix	2	0.946821053	0.00093771	0.049666667	0.185847389	0.0018	0.006400377	0.00343441	0.012146839	0.000677778	0.000994993	0.999322222	0.000994993	0.390333333	0.475679772
DACOMP	50	500	mix	2	0.947294737	0.000619922	0.001	0.014142136	1.00E-04	0.001414214	0.000181818	0.002571297	8.33E-05	0.000686089	0.999916667	0.000686089	0.014	0.114321244
DESeq2	50	500	mix	2	0.943568421	0.003115809	0.082924839	0.155431188	0.0084	0.013943173	0.014883813	0.02453473	0.004477778	0.003369265	0.995522222	0.003369265	0.822075161	0.307784008
fastANCOM	50	500	mix	2	0.947031579	0.000815775	0.0245	0.146824854	8.00E-04	0.004845347	0.001528795	0.009196862	4.00E-04	0.000848613	0.9996	0.000848613	0.2405	0.425576464
LEfSe	50	500	mix	2	0.946652632	0.001173965	0.05225	0.193426864	0.0019	0.006527099	0.003613244	0.012338877	0.000861111	0.001247555	0.999138889	0.001247555	0.41775	0.481770063
limma_voom	50	500	mix	2	0.938294737	0.019737996	0.0550571	0.127638637	0.0218	0.053956618	0.021658877	0.042922136	0.010788889	0.023524803	0.989211111	0.023524803	0.5699429	0.458632814
LinDA	50	500	mix	2	0.946821053	0.001101535	0.05725	0.203984442	0.002	0.006649895	0.003805963	0.012560512	0.000688889	0.001187022	0.999311111	0.001187022	0.34275	0.462353173
MaAsLin2	50	500	mix	2	0.946786564	0.001006974	0.039698492	0.165598322	0.001507538	0.006008302	0.002878456	0.011423802	0.000697934	0.001054927	0.999302066	0.001054927	0.392462312	0.478275663
Wilcox	50	500	mix	2	0.9469	0.000976897	0.029333333	0.13535156	0.0013	0.005698453	0.002455066	0.01069348	0.000566667	0.001074148	0.999433333	0.001074148	0.295666667	0.446092408
ZicoSeq	50	500	mix	2	0.947368421	0	0	0	0	0	0	0	0	0	1	0	0	0
ALDEx2_wi	50	500	mix	5	0.942647368	0.002715104	0.105582057	0.133334497	0.0124	0.014945126	0.021813097	0.026002646	0.005672222	0.002842949	0.994327778	0.002842949	0.879417943	0.171592411
Corncob	50	500	mix	5	0.942926316	0.003112895	0.108284179	0.168208028	0.0113	0.015214051	0.019732194	0.026032887	0.005316667	0.003420374	0.994683333	0.003420374	0.861715821	0.225854981
DACOMP	50	500	mix	5	0.940884211	0.004246658	0.088403769	0.108423838	0.0166	0.019242959	0.027440873	0.031522977	0.007766667	0.004754654	0.992233333	0.004754654	0.751596231	0.344092637
DESeq2	50	500	mix	5	0.931110526	0.004953827	0.094691351	0.065319758	0.0361	0.026041907	0.051590407	0.036212567	0.019166667	0.005183822	0.980833333	0.005183822	0.905308649	0.065319758
fastANCOM	50	500	mix	5	0.941252632	0.003372568	0.10284	0.115515787	0.0153	0.016772495	0.026119724	0.028194472	0.007305556	0.003579133	0.992694444	0.003579133	0.89216	0.131568724
LEfSe	50	500	mix	5	0.941078947	0.003841886	0.102698783	0.113422981	0.0162	0.018088559	0.027169089	0.029400155	0.007538889	0.004261852	0.992461111	0.004261852	0.882301217	0.156899882
limma_voom	50	500	mix	5	0.918584211	0.031777319	0.102583004	0.069436673	0.0687	0.07646926	0.067999085	0.050816894	0.0342	0.037124806	0.9658	0.037124806	0.897416996	0.069436673
LinDA	50	500	mix	5	0.939773684	0.003811972	0.09292423	0.096172412	0.0176	0.019080364	0.028942914	0.030538086	0.008994444	0.004185057	0.991005556	0.004185057	0.90207577	0.115391598
MaAsLin2	50	500	mix	5	0.939994737	0.00402597	0.09827938	0.108594816	0.0178	0.019104579	0.029313022	0.030670122	0.008772222	0.004449184	0.991227778	0.004449184	0.89672062	0.125718343
Wilcox	50	500	mix	5	0.941810526	0.003188881	0.099664578	0.128539539	0.0137	0.01586089	0.023476146	0.026618566	0.006627778	0.003505471	0.993372222	0.003505471	0.880335422	0.179483396
ZicoSeq	50	500	mix	5	0.947368421	0	0	0	0	0	0	0	0	0	1	0	0	0
ALDEx2_wi	50	800	mix	1	0.918367347	0	0	0	0	0	0	0	0	0	1	0	0	0
Corncob	50	800	mix	1	0.918362245	7.22E-05	0	0	0	0	0	0	5.56E-06	7.86E-05	0.999994444	7.86E-05	0.005	0.070710678
DACOMP	50	800	mix	1	0.918367347	0	0	0	0	0	0	0	0	0	1	0	0	0
DESeq2	50	800	mix	1	0.908331633	0.003581527	0.000888889	0.009142122	0.000125	0.001246855	0.000217623	0.002171918	0.010938889	0.003901984	0.989061111	0.003901984	0.999111111	0.009142122
fastANCOM	50	800	mix	1	0.918367347	0	0	0	0	0	0	0	0	0	1	0	0	0
LEfSe	50	800	mix	1	0.918367347	0	0	0	0	0	0	0	0	0	1	0	0	0
limma_voom	50	800	mix	1	0.893816327	0.062270459	0.037369123	0.100217433	0.0354375	0.095335442	0.022435941	0.046938561	0.029883333	0.076058317	0.970116667	0.076058317	0.382630877	0.459675583
LinDA	50	800	mix	1	0.918367347	0.000102297	0.005	0.070710678	6.25E-05	0.000883883	0.000123457	0.001745943	5.56E-06	7.86E-05	0.999994444	7.86E-05	0.005	0.070710678
MaAsLin2	50	800	mix	1	0.918372449	7.22E-05	0.005	0.070710678	6.25E-05	0.000883883	0.000123457	0.001745943	0	0	1	0	0	0
Wilcox	50	800	mix	1	0.918367347	0	0	0	0	0	0	0	0	0	1	0	0	0
ZicoSeq	50	800	mix	1	0.918367347	0	0	0	0	0	0	0	0	0	1	0	0	0
ALDEx2_wi	50	800	mix	10	0.913183673	0.003346781	0.11935665	0.155201898	0.009375	0.010978365	0.017044248	0.019636202	0.006477778	0.003660833	0.993522222	0.003660833	0.88064335	0.155201898
Corncob	50	800	mix	10	0.912785714	0.004060954	0.110176718	0.150050856	0.009	0.01049647	0.016209385	0.018600249	0.006877778	0.004568875	0.993122222	0.004568875	0.879823282	0.173926424
DACOMP	50	800	mix	10	0.910270408	0.004856762	0.103758978	0.108197807	0.0138125	0.013863879	0.023961229	0.023727106	0.010044444	0.005473815	0.989955556	0.005473815	0.816241022	0.262662814
DESeq2	50	800	mix	10	0.889663265	0.006352554	0.057821797	0.045554109	0.0235625	0.018929314	0.03320694	0.026223567	0.03335	0.006989643	0.96665	0.006989643	0.942178203	0.045554109
fastANCOM	50	800	mix	10	0.906622449	0.024603407	0.10973408	0.102360529	0.0191875	0.037986325	0.026696965	0.028490449	0.014494444	0.029881645	0.985505556	0.029881645	0.89026592	0.102360529
LEfSe	50	800	mix	10	0.911158163	0.004800414	0.116337087	0.12170236	0.0126875	0.012869995	0.022223302	0.021774131	0.008977778	0.005490247	0.991022222	0.005490247	0.883662913	0.12170236
limma_voom	50	800	mix	10	0.76027551	0.144542649	0.099870325	0.055362524	0.2375	0.220612584	0.105063951	0.063505208	0.193255556	0.176476727	0.806744444	0.176476727	0.900129675	0.055362524
LinDA	50	800	mix	10	0.909709184	0.004752103	0.107007115	0.101669195	0.0141875	0.013536053	0.024529269	0.022850773	0.010688889	0.005334589	0.989311111	0.005334589	0.892992885	0.101669195
MaAsLin2	50	800	mix	10	0.909704082	0.004693398	0.105865129	0.098888664	0.0141875	0.013708967	0.024534392	0.023054605	0.010694444	0.005244133	0.989305556	0.005244133	0.894134871	0.098888664
Wilcox	50	800	mix	10	0.911877551	0.004111062	0.113324806	0.131527493	0.0110625	0.011700399	0.019667157	0.020382191	0.00805	0.0046431	0.99195	0.0046431	0.886675194	0.131527493
ZicoSeq	50	800	mix	10	0.918367347	0	0	0	0	0	0	0	0	0	1	0	0	0
ALDEx2_wi	50	800	mix	2	0.918137755	0.000545517	0.01	0.086239121	0.0001875	0.001523219	0.000367359	0.002984416	0.000266667	0.000591941	0.999733333	0.000591941	0.19	0.390077946
Corncob	50	800	mix	2	0.918030612	0.000716881	0.024166667	0.146041667	0.000375	0.002137691	0.00073626	0.004197245	4.00E-04	0.000763976	0.9996	0.000763976	0.270833333	0.442834098
DACOMP	50	800	mix	2	0.918367347	0	0	0	0	0	0	0	0	0	1	0	0	0
DESeq2	50	800	mix	2	0.906489796	0.004098315	0.0175496	0.038296774	0.0029375	0.006262864	0.004959327	0.010524868	0.013194444	0.004547845	0.986805556	0.004547845	0.9824504	0.038296774
fastANCOM	50	800	mix	2	0.918142857	0.000561795	0.010833333	0.085323799	0.00025	0.001754391	0.000486372	0.003413325	0.000266667	0.000632475	0.999733333	0.000632475	0.174166667	0.375587201
LEfSe	50	800	mix	2	0.918081633	0.000640153	0.021666667	0.132945416	0.000375	0.002137691	0.000734755	0.004188654	0.000344444	0.000690168	0.999655556	0.000690168	0.238333333	0.422863467
limma_voom	50	800	mix	2	0.904862245	0.040431472	0.054227341	0.145679942	0.0205625	0.065749657	0.017032798	0.038179821	0.016533333	0.049713936	0.983466667	0.049713936	0.470772659	0.46912252
LinDA	50	800	mix	2	0.918112245	0.000714249	0.02	0.131095117	0.0003125	0.001956459	0.000614273	0.00384583	0.000305556	0.000763143	0.999694444	0.000763143	0.185	0.386031217
MaAsLin2	50	800	mix	2	0.918086735	0.000638332	0.0125	0.105591181	0.0001875	0.001523219	0.000368865	0.002996646	0.000322222	0.000682939	0.999677778	0.000682939	0.2225	0.415459726
Wilcox	50	800	mix	2	0.918188776	0.000484562	0.015	0.111070624	0.00025	0.001754391	0.000490816	0.0034444	0.000216667	0.000518861	0.999783333	0.000518861	0.16	0.364091766
ZicoSeq	50	800	mix	2	0.918367347	0	0	0	0	0	0	0	0	0	1	0	0	0
ALDEx2_wi	50	800	mix	5	0.915617347	0.001954908	0.116113095	0.200219859	0.0053125	0.008163443	0.01000534	0.015245856	0.003466667	0.0021239	0.996533333	0.0021239	0.818886905	0.293253881
Corncob	50	800	mix	5	0.916076531	0.00196372	0.115049603	0.218367993	0.0046875	0.007667467	0.008875973	0.014440027	0.002911111	0.002152911	0.997088889	0.002152911	0.774950397	0.347330444
DACOMP	50	800	mix	5	0.915704082	0.003325498	0.055657037	0.103849657	0.0054375	0.009913056	0.009840275	0.017899016	0.003383333	0.004022854	0.996616667	0.004022854	0.404342963	0.447237447
DESeq2	50	800	mix	5	0.897285714	0.005463496	0.054941751	0.05201594	0.0161875	0.015741588	0.024784451	0.023771648	0.024394444	0.005869201	0.975605556	0.005869201	0.945058249	0.05201594
fastANCOM	50	800	mix	5	0.914173469	0.007963922	0.116431892	0.187412941	0.007375	0.011768149	0.013096472	0.017616669	0.005222222	0.009310893	0.994777778	0.009310893	0.853568108	0.239476143
LEfSe	50	800	mix	5	0.91519898	0.002295186	0.129510281	0.22147958	0.0061875	0.00868176	0.011575506	0.016122686	0.004	0.002515539	0.996	0.002515539	0.830489719	0.277908766
limma_voom	50	800	mix	5	0.861076531	0.08833982	0.100422519	0.099351626	0.088625	0.137885993	0.056965408	0.060721643	0.070261111	0.108126008	0.929738889	0.108126008	0.884577481	0.147282644
LinDA	50	800	mix	5	0.914678571	0.002445896	0.116107864	0.181275083	0.0070625	0.009672519	0.013101198	0.017804842	0.004644444	0.002665829	0.995355556	0.002665829	0.858892136	0.226988055
MaAsLin2	50	800	mix	5	0.914654907	0.002424669	0.118455665	0.179926969	0.007160804	0.009678116	0.013295201	0.017802602	0.00467895	0.002617885	0.99532105	0.002617885	0.861443833	0.217677689
Wilcox	50	800	mix	5	0.915494898	0.002066492	0.115335678	0.198710526	0.0055625	0.008283746	0.010427348	0.015394014	0.003622222	0.002313159	0.996377778	0.002313159	0.809664322	0.303021786
ZicoSeq	50	800	mix	5	0.918367347	0	0	0	0	0	0	0	0	0	1	0	0	0
edgeR	50	2000	mix	1	0.89982	0.000592546	0.003428571	0.024460368	1.00E-04	0.000703526	0.000194179	0.001366119	0.000211111	0.0006964	0.999788889	0.0006964	0.136571429	0.340965924
edgeR	50	2000	mix	2	0.90131	0.001440363	0.795910284	0.288927332	0.02015	0.011687319	0.038936706	0.022082	0.000783333	0.001258702	0.999216667	0.001258702	0.164089716	0.24072993
edgeR	50	2000	mix	5	0.901705	0.002244066	0.766777722	0.232435823	0.03415	0.012351236	0.064566611	0.0221386	0.0019	0.002640467	0.9981	0.002640467	0.233222278	0.232435823
edgeR	50	2000	mix	10	0.900705	0.002962812	0.687232357	0.248601706	0.0332	0.011902805	0.06219352	0.02095611	0.002905556	0.003717864	0.997094444	0.003717864	0.312767643	0.248601706
edgeR	50	1000	mix	1	0.949635	0.000920735	0.070634921	0.207242857	0.0016	0.003949172	0.003079298	0.007593325	0.000468421	0.001036276	0.999531579	0.001036276	0.249365079	0.407079539
edgeR	50	1000	mix	2	0.95082	0.001472852	0.736277778	0.299957948	0.0341	0.01859157	0.064144314	0.033739985	0.000931579	0.001389191	0.999068421	0.001389191	0.233722222	0.273396807
edgeR	50	1000	mix	5	0.95113	0.002119677	0.733904831	0.242759719	0.0542	0.018322586	0.09909988	0.031017589	0.001663158	0.002330724	0.998336842	0.002330724	0.256095169	0.232606794
edgeR	50	1000	mix	10	0.95083	0.00185894	0.702550059	0.229576385	0.0537	0.019830341	0.097336459	0.032337691	0.001952632	0.002301214	0.998047368	0.002301214	0.297449941	0.229576385
edgeR	50	500	mix	1	0.974695	0.000758437	0.018595238	0.106652824	0.0012	0.004773665	0.002167517	0.008633902	0.00034359	0.000843926	0.99965641	0.000843926	0.201404762	0.394216401
edgeR	50	500	mix	2	0.976	0.001273268	0.746645688	0.249454966	0.073	0.040037861	0.129187554	0.065736571	0.000846154	0.001115882	0.999153846	0.001115882	0.233354312	0.227724082
edgeR	50	500	mix	5	0.97635	0.001812554	0.750728944	0.220518271	0.1116	0.0418926	0.188221082	0.060189505	0.001476923	0.001909473	0.998523077	0.001909473	0.249271056	0.220518271
edgeR	50	500	mix	10	0.975615	0.002465781	0.687562493	0.261305887	0.1154	0.046087751	0.187915118	0.064212901	0.002328205	0.002801656	0.997671795	0.002801656	0.312437507	0.261305887
edgeR	50	400	mix	1	0.979675	0.000746625	0.015595238	0.068266027	0.0015	0.005967081	0.002700141	0.010748727	0.000362245	0.000808478	0.999637755	0.000808478	0.234404762	0.412825679
edgeR	50	400	mix	2	0.98042	0.001370173	0.679348124	0.329950856	0.069	0.044822884	0.119881356	0.072864242	0.000979592	0.00132665	0.999020408	0.00132665	0.260651876	0.288949887
edgeR	50	400	mix	5	0.980825	0.001906097	0.697620184	0.242809075	0.12475	0.05167583	0.202983048	0.071739311	0.001704082	0.001984934	0.998295918	0.001984934	0.302379816	0.242809075
edgeR	50	400	mix	10	0.980535	0.00238816	0.686649711	0.258851664	0.121	0.048163233	0.195571906	0.064410045	0.001923469	0.002764092	0.998076531	0.002764092	0.303350289	0.251261762
edgeR	50	300	mix	1	0.984665	0.000816667	0.05075	0.188197245	0.004	0.014432785	0.007034092	0.024481145	0.000401015	0.000869674	0.999598985	0.000869674	0.31925	0.454182606
edgeR	50	300	mix	2	0.985415	0.001150439	0.650605339	0.359024637	0.073	0.049621463	0.126484266	0.081499046	0.000690355	0.00104185	0.999309645	0.00104185	0.259394661	0.305506273
edgeR	50	300	mix	5	0.98552	0.001601641	0.66420933	0.260624846	0.135666667	0.066202933	0.212877179	0.08958462	0.001538071	0.001794259	0.998461929	0.001794259	0.32579067	0.253982165
edgeR	50	300	mix	10	0.98531	0.001410244	0.633957473	0.222665989	0.124	0.058041357	0.196739044	0.079204843	0.001573604	0.001568311	0.998426396	0.001568311	0.366042527	0.222665989
edgeR	50	200	mix	1	0.98974	0.000538798	0.042	0.179700462	0.0035	0.01282162	0.006265839	0.022999587	0.00029798	0.000556482	0.99970202	0.000556482	0.278	0.440900517
edgeR	50	200	mix	2	0.990555	0.001107584	0.620238095	0.340879462	0.12	0.085575886	0.193260724	0.127684917	0.000651515	0.000803524	0.999348485	0.000803524	0.279761905	0.286019708
edgeR	50	200	mix	5	0.99069	0.001456057	0.715405878	0.253916099	0.1865	0.082221369	0.279412746	0.102033555	0.001186869	0.001528484	0.998813131	0.001528484	0.274594122	0.244991309
edgeR	50	200	mix	10	0.9903	0.00158433	0.661229934	0.244573965	0.1735	0.077997345	0.256815598	0.093983848	0.001449495	0.001794123	0.998550505	0.001794123	0.338770066	0.244573965
edgeR	50	100	mix	1	0.994595	0.000827846	0.026928571	0.125545009	0.007	0.02564324	0.010089891	0.037666746	0.000442211	0.000875578	0.999557789	0.000875578	0.293071429	0.445608285
edgeR	50	100	mix	2	0.99525	0.000991122	0.615714619	0.322926947	0.205	0.129001605	0.28509723	0.156258725	0.000778894	0.001018575	0.999221106	0.001018575	0.324285381	0.294311799
edgeR	50	100	mix	5	0.99588	0.001277466	0.690784917	0.209885887	0.402	0.140690936	0.48904495	0.14072953	0.001135678	0.001168432	0.998864322	0.001168432	0.309215083	0.209885887
edgeR	50	100	mix	10	0.99511	0.001841689	0.624755622	0.236445732	0.345	0.126630776	0.412692101	0.116647547	0.001623116	0.002077267	0.998376884	0.002077267	0.365244378	0.230835999
edgeR	50	800	mix	1	0.959605	0.00098035	0.039992063	0.158556268	0.002	0.006816498	0.003693473	0.012565305	0.000494792	0.001138143	0.999505208	0.001138143	0.260007937	0.425096306
edgeR	50	800	mix	2	0.96051	0.001251222	0.69062013	0.321145257	0.032875	0.020616676	0.061615935	0.037245719	0.000838542	0.001117541	0.999161458	0.001117541	0.25937987	0.285227041
edgeR	50	800	mix	5	0.960945	0.001571358	0.73573262	0.232809723	0.054875	0.023361387	0.099766379	0.039452177	0.001302083	0.001760405	0.998697917	0.001760405	0.26426738	0.232809723
edgeR	50	800	mix	10	0.96032	0.001943027	0.658363084	0.268738835	0.05375	0.024905123	0.096219721	0.040944955	0.00190625	0.002252959	0.99809375	0.002252959	0.331636916	0.262526756
metagenomeSeq	50	800	mix	1	0.95997	0.000198733	0.01	0.1	0.000125	0.00125	0.000246914	0.002469136	3.65E-05	0.000199395	0.999963542	0.000199395	0.04	0.196946386
metagenomeSeq	50	800	mix	2	0.96012	0.000247411	0.21	0.409360181	0.003	0.006185271	0.005907859	0.012153174	0	0	1	0	0	0
metagenomeSeq	50	800	mix	5	0.962545	0.001208336	0.955214286	0.179656538	0.06525	0.030853802	0.120711476	0.053859467	6.77E-05	0.00031105	0.999932292	0.00031105	0.014785714	0.061470612
metagenomeSeq	50	800	mix	10	0.96501	0.001596998	0.955921288	0.069355381	0.13325	0.043345715	0.230729353	0.066693278	0.000333333	0.000603771	0.999666667	0.000603771	0.044078712	0.069355381
metagenomeSeq	50	1000	mix	1	0.94996	0.000209376	0	0	0	0	0	0	4.21E-05	0.000220396	0.999957895	0.000220396	0.04	0.196946386
metagenomeSeq	50	1000	mix	2	0.95009	0.000259953	0.1625	0.364759157	0.0022	0.005427204	0.00432571	0.010617655	2.11E-05	0.000103656	0.999978947	0.000103656	0.0275	0.150315325
metagenomeSeq	50	1000	mix	5	0.95351	0.001485587	0.974973429	0.069845347	0.0728	0.030153814	0.133882383	0.051968863	0.000136842	0.000446468	0.999863158	0.000446468	0.025026571	0.069845347
metagenomeSeq	50	1000	mix	10	0.95634	0.001746396	0.948574853	0.068156569	0.1353	0.036416641	0.234713954	0.054865999	0.000447368	0.000658028	0.999552632	0.000658028	0.051425147	0.068156569
metagenomeSeq	50	500	mix	1	0.974985	0.000111351	0	0	0	0	0	0	1.54E-05	0.000114206	0.999984615	0.000114206	0.02	0.140705294
metagenomeSeq	50	500	mix	2	0.975165	0.00036965	0.259333333	0.43255771	0.0078	0.015800524	0.014944905	0.029720114	3.08E-05	0.000142461	0.999969231	0.000142461	0.030666667	0.152029296
metagenomeSeq	50	500	mix	5	0.97917	0.001434108	0.941654573	0.09005895	0.181	0.059991582	0.298427024	0.082423989	0.000364103	0.000597935	0.999635897	0.000597935	0.058345427	0.09005895
metagenomeSeq	50	500	mix	10	0.982805	0.001740624	0.934491862	0.077736867	0.3396	0.069803765	0.492906783	0.075548385	0.000702564	0.000903517	0.999297436	0.000903517	0.065508138	0.077736867
metagenomeSeq	50	2000	mix	1	0.9	0	0	0	0	0	0	0	0	0	1	0	0	0
metagenomeSeq	50	2000	mix	2	0.90012	0.000349025	0.165	0.369650394	0.0013	0.003453881	0.002572867	0.006812381	1.11E-05	7.82E-05	0.999988889	7.82E-05	0.015	0.111350752
metagenomeSeq	50	2000	mix	5	0.904765	0.001521653	0.976119436	0.053845439	0.04915	0.015683985	0.093120981	0.028240384	0.000166667	0.00042888	0.999833333	0.00042888	0.023880564	0.053845439
metagenomeSeq	50	2000	mix	10	0.90885	0.002252384	0.97439162	0.048440111	0.09105	0.022386583	0.165740225	0.037657634	0.000283333	0.000572116	0.999716667	0.000572116	0.02560838	0.048440111
metagenomeSeq	50	400	mix	1	0.97999	7.04E-05	0.003333333	0.033333333	0.00025	0.0025	0.000465116	0.004651163	1.53E-05	0.000113623	0.999984694	0.000113623	0.016666667	0.119623427
metagenomeSeq	50	400	mix	2	0.980125	0.000320787	0.17	0.377525168	0.00625	0.01603933	0.01194594	0.030203631	0	0	1	0	0	0
metagenomeSeq	50	400	mix	5	0.98354	0.00144194	0.947527362	0.088056758	0.1905	0.077425428	0.309034427	0.107389825	0.00027551	0.00049937	0.99972449	0.00049937	0.052472638	0.088056758
metagenomeSeq	50	400	mix	10	0.98633	0.001504572	0.935262952	0.079717896	0.3445	0.078301089	0.497058456	0.083032087	0.000571429	0.000818128	0.999428571	0.000818128	0.064737048	0.079717896
metagenomeSeq	50	300	mix	1	0.984985	8.57E-05	0	0	0	0	0	0	1.52E-05	8.70E-05	0.999984772	8.70E-05	0.03	0.171446608
metagenomeSeq	50	300	mix	2	0.98507	0.000213437	0.135	0.339748867	0.005333333	0.013990537	0.010221774	0.026684355	1.02E-05	7.14E-05	0.999989848	7.14E-05	0.015	0.111350752
metagenomeSeq	50	300	mix	5	0.98739	0.001252432	0.937120851	0.139511194	0.171333333	0.084489621	0.280856782	0.119723356	0.000182741	0.000342386	0.999817259	0.000342386	0.052879149	0.102623773
metagenomeSeq	50	300	mix	10	0.989815	0.001413597	0.948521649	0.07801752	0.344666667	0.099518482	0.495620338	0.106018673	0.000360406	0.000587451	0.999639594	0.000587451	0.051478351	0.07801752
metagenomeSeq	50	200	mix	1	0.98998	0.000121439	0.01	0.1	5.00E-04	0.005	0.000952381	0.00952381	2.53E-05	0.000110628	0.999974747	0.000110628	0.05	0.219042914
metagenomeSeq	50	200	mix	2	0.990095	0.000262996	0.155	0.360239819	0.0105	0.025912635	0.01952381	0.047793617	1.01E-05	7.11E-05	0.999989899	7.11E-05	0.015	0.111350752
metagenomeSeq	50	200	mix	5	0.992035	0.000910808	0.937573232	0.136305265	0.222	0.099828135	0.346645205	0.128010261	0.000186869	0.000377502	0.999813131	0.000377502	0.052426768	0.098174599
metagenomeSeq	50	200	mix	10	0.99405	0.00138626	0.934751898	0.095113136	0.4415	0.132774397	0.586463663	0.128972139	0.000368687	0.00061691	0.999631313	0.00061691	0.065248102	0.095113136
metagenomeSeq	50	100	mix	1	0.99497	0.000185592	0	0	0	0	0	0	3.02E-05	0.000186525	0.999969849	0.000186525	0.03	0.171446608
metagenomeSeq	50	100	mix	2	0.995065	0.000209074	0.15	0.345323089	0.02	0.047140452	0.034290709	0.079007331	3.52E-05	0.000163731	0.999964824	0.000163731	0.03	0.140904565
metagenomeSeq	50	100	mix	5	0.99664	0.000813646	0.923595238	0.17496293	0.358	0.162791308	0.495124528	0.176846658	0.000150754	0.0003154	0.999849246	0.0003154	0.056404762	0.114424767
metagenomeSeq	50	100	mix	10	0.998125	0.000838996	0.92798242	0.100713506	0.694	0.159430806	0.778627464	0.11518877	0.000346734	0.000565537	0.999653266	0.000565537	0.07201758	0.100713506
AAMAVD	50	100	mix	1	0.992125	0.001668749	0.09737457	0.138046428	0.058	0.071322287	0.067340266	0.082319697	0.003180905	0.001659829	0.996819095	0.001659829	0.90262543	0.138046428
AAMAVD	50	100	mix	2	0.99491	0.001470896	0.513124817	0.143049878	0.52	0.162057478	0.502251078	0.12635225	0.002703518	0.001445838	0.997296482	0.001445838	0.486875183	0.143049878
AAMAVD	50	100	mix	5	0.997575	0.001411309	0.71903227	0.128322441	0.92	0.099493668	0.798468422	0.095345807	0.002035176	0.001367122	0.997964824	0.001367122	0.28096773	0.128322441
AAMAVD	50	100	mix	10	0.998175	0.001425551	0.767666751	0.134093825	0.977	0.052905481	0.852549619	0.093116882	0.001718593	0.001425227	0.998281407	0.001425227	0.232333249	0.134093825
AAMAVD	50	200	mix	1	0.981195	0.003518275	0.104934738	0.069909525	0.111	0.073367761	0.105431118	0.067967994	0.010015152	0.003522617	0.989984848	0.003522617	0.895065262	0.069909525
AAMAVD	50	200	mix	2	0.986245	0.003046355	0.369264966	0.0966026	0.476	0.119231546	0.409827309	0.093629468	0.00860101	0.0030468	0.99139899	0.0030468	0.630735034	0.0966026
AAMAVD	50	200	mix	5	0.99243	0.0024236	0.600484525	0.098503395	0.8475	0.085686473	0.696083591	0.070500886	0.006106061	0.002562319	0.993893939	0.002562319	0.399515475	0.098503395
AAMAVD	50	200	mix	10	0.994445	0.002381425	0.664590181	0.101347286	0.9695	0.038856769	0.783750848	0.071918544	0.00530303	0.002444374	0.99469697	0.002444374	0.335409819	0.101347286
AAMAVD	50	300	mix	1	0.97062	0.003873714	0.110389112	0.047332947	0.136333333	0.065150262	0.12050909	0.052148253	0.016675127	0.004125376	0.983324873	0.004125376	0.889610888	0.047332947
AAMAVD	50	300	mix	2	0.97641	0.004404646	0.315295286	0.057441806	0.459333333	0.100680067	0.368910579	0.059994215	0.015715736	0.004872562	0.984284264	0.004872562	0.684704714	0.057441806
AAMAVD	50	300	mix	5	0.985095	0.004380106	0.515110495	0.081434721	0.832666667	0.076097285	0.631646222	0.067288461	0.012583756	0.004572967	0.987416244	0.004572967	0.484889505	0.081434721
AAMAVD	50	300	mix	10	0.98965	0.003470292	0.613435069	0.087543356	0.923666667	0.057889364	0.732997909	0.066796233	0.009345178	0.00352727	0.990654822	0.00352727	0.386564931	0.087543356
AAMAVD	50	400	mix	1	0.95918	0.005107194	0.094205858	0.03742941	0.11925	0.04985522	0.103929976	0.040382866	0.023678571	0.005399052	0.976321429	0.005399052	0.905794142	0.03742941
AAMAVD	50	400	mix	2	0.968425	0.005322135	0.314836186	0.059331288	0.463	0.07756392	0.371239516	0.056243738	0.021260204	0.005671227	0.978739796	0.005671227	0.685163814	0.059331288
AAMAVD	50	400	mix	5	0.980135	0.005305731	0.513594699	0.07855449	0.836	0.067356282	0.632141644	0.06453005	0.016923469	0.005514676	0.983076531	0.005514676	0.486405301	0.07855449
AAMAVD	50	400	mix	10	0.985895	0.004293109	0.605223441	0.081353019	0.9375	0.044310087	0.73145274	0.058338646	0.013117347	0.004647499	0.986882653	0.004647499	0.394776559	0.081353019
AAMAVD	50	500	mix	1	0.948255	0.007590363	0.104850328	0.035855837	0.1402	0.054568648	0.117978779	0.039475509	0.031025641	0.008322618	0.968974359	0.008322618	0.895149672	0.035855837
AAMAVD	50	500	mix	2	0.96068	0.005895778	0.312680126	0.051705926	0.459	0.084153539	0.36866149	0.053619389	0.02645641	0.006586329	0.97354359	0.006586329	0.687319874	0.051705926
AAMAVD	50	500	mix	5	0.97496	0.006098385	0.509727244	0.072391914	0.8488	0.067588774	0.632949097	0.059198914	0.021805128	0.006494287	0.978194872	0.006494287	0.490272756	0.072391914
AAMAVD	50	500	mix	10	0.982505	0.00531412	0.607708419	0.078926476	0.931	0.042390679	0.731446857	0.056529852	0.016174359	0.005738102	0.983825641	0.005738102	0.392291581	0.078926476
AAMAVD	50	800	mix	1	0.88198	0.009232934	0.099825964	0.018618934	0.244875	0.05787414	0.141451106	0.02773977	0.091473958	0.010671251	0.908526042	0.010671251	0.900174036	0.018618934
AAMAVD	50	800	mix	2	0.897395	0.010233954	0.189861502	0.02398861	0.475	0.067185481	0.270427343	0.031904793	0.085005208	0.011439018	0.914994792	0.011439018	0.810138498	0.02398861
AAMAVD	50	800	mix	5	0.91739	0.008628289	0.29390958	0.025778837	0.7495	0.057787489	0.421443832	0.03075002	0.075614583	0.009451086	0.924385417	0.009451086	0.70609042	0.025778837
AAMAVD	50	800	mix	10	0.92923	0.01103402	0.347516995	0.038338337	0.84375	0.041723446	0.490864934	0.039161932	0.067208333	0.011774627	0.932791667	0.011774627	0.652483005	0.038338337
AAMAVD	50	1000	mix	1	0.85175	0.011985366	0.097286963	0.018710893	0.2376	0.054106517	0.137671487	0.026929694	0.115926316	0.013462943	0.884073684	0.013462943	0.902713037	0.018710893
AAMAVD	50	1000	mix	2	0.871915	0.01210373	0.188535422	0.018718932	0.4694	0.058254405	0.268234645	0.024798305	0.1069	0.014170972	0.8931	0.014170972	0.811464578	0.018718932
AAMAVD	50	1000	mix	5	0.897155	0.009900693	0.296266643	0.023034327	0.7587	0.047025783	0.4253977	0.025582064	0.095557895	0.011198706	0.904442105	0.011198706	0.703733357	0.023034327
AAMAVD	50	1000	mix	10	0.9145	0.009903066	0.353819261	0.027509481	0.8388	0.042337747	0.496567028	0.025757533	0.081515789	0.011617374	0.918484211	0.011617374	0.646180739	0.027509481
AAMAVD	50	2000	mix	1	0.66942	0.019727016	0.099357999	0.00952188	0.28585	0.035320002	0.147280648	0.014416211	0.287961111	0.023699107	0.712038889	0.023699107	0.900642001	0.00952188
AAMAVD	50	2000	mix	2	0.70165	0.02143813	0.161261554	0.01276276	0.47045	0.044319176	0.239846412	0.01788552	0.272661111	0.02589853	0.727338889	0.02589853	0.838738446	0.01276276
AAMAVD	50	2000	mix	5	0.74667	0.019087018	0.235375923	0.014704694	0.67755	0.039334714	0.348955454	0.017553155	0.24565	0.023165994	0.75435	0.023165994	0.764624077	0.014704694
AAMAVD	50	2000	mix	10	0.778355	0.022034098	0.278354113	0.021010021	0.7535	0.036476781	0.405819959	0.022314993	0.218883333	0.026277498	0.781116667	0.026277498	0.721645887	0.021010021
