name	Sample	OTU	effect	mean_TPR	mean_FPR
ALDEx2_wi	100	100	1	5.00E-04	5.56E-06
Corncob	100	100	1	5.00E-04	3.89E-05
DACOMP	100	100	1	0	1.67E-05
DESeq2	100	100	1	0.015	0.002011111
fastANCOM	100	100	1	0	0
LEfSe	100	100	1	0	3.42E-05
limma_voom	100	100	1	0	6.11E-05
LinDA	100	100	1	0	0.000111111
MaAsLin2	100	100	1	0	5.00E-05
Wilcox	100	100	1	0	3.33E-05
ZicoSeq	100	100	1	0	0
ALDEx2_wi	100	100	10	0.104	0.010977778
Corncob	100	100	10	0.143	0.015966667
DACOMP	100	100	10	0.092	0.008822222
DESeq2	100	100	10	0.191	0.0194
fastANCOM	100	100	10	0.086	0.008794444
LEfSe	100	100	10	0.1955	0.020505556
limma_voom	100	100	10	0.115	0.0116
LinDA	100	100	10	0.1265	0.012855556
MaAsLin2	100	100	10	0.1875	0.019238889
Wilcox	100	100	10	0.1775	0.018488889
ZicoSeq	100	100	10	0	0
ALDEx2_wi	100	100	2	0.025	0.002177778
Corncob	100	100	2	0.0185	0.001883333
DACOMP	100	100	2	0.029	0.003277778
DESeq2	100	100	2	0.083	0.008566667
fastANCOM	100	100	2	0.007	0.000811111
LEfSe	100	100	2	0.0275	0.002738889
limma_voom	100	100	2	0.029	0.00255
LinDA	100	100	2	0.0315	0.003127778
MaAsLin2	100	100	2	0.024	0.002388889
Wilcox	100	100	2	0.0265	0.002455556
ZicoSeq	100	100	2	0	0
ALDEx2_wi	100	100	5	0.0785	0.006738889
Corncob	100	100	5	0.092	0.008111111
DACOMP	100	100	5	0.076	0.007216667
DESeq2	100	100	5	0.147	0.015566667
fastANCOM	100	100	5	0.0685	0.0064
LEfSe	100	100	5	0.1155	0.010655556
limma_voom	100	100	5	0.0885	0.008794444
LinDA	100	100	5	0.094	0.009616667
MaAsLin2	100	100	5	0.1085	0.010338889
Wilcox	100	100	5	0.0965	0.009344444
ZicoSeq	100	100	5	0	0
ALDEx2_wi	20	100	1	0	1.67E-05
Corncob	20	100	1	0.0015	8.89E-05
DACOMP	20	100	1	0	2.78E-05
DESeq2	20	100	1	0.02	0.002066667
fastANCOM	20	100	1	0	3.33E-05
LEfSe	20	100	1	0	4.12E-05
limma_voom	20	100	1	5.00E-04	0.000116667
LinDA	20	100	1	5.00E-04	0.000155556
MaAsLin2	20	100	1	0	6.70E-05
Wilcox	20	100	1	0	1.67E-05
ZicoSeq	20	100	1	0	0
ALDEx2_wi	20	100	10	0.023	0.002477778
Corncob	20	100	10	0.025	0.003033333
DACOMP	20	100	10	0.022	0.002416667
DESeq2	20	100	10	0.0985	0.010638889
fastANCOM	20	100	10	0.017	0.001988889
LEfSe	20	100	10	0.023	0.002516667
limma_voom	20	100	10	0.045	0.005377778
LinDA	20	100	10	0.042	0.004955556
MaAsLin2	20	100	10	0.0335	0.004111111
Wilcox	20	100	10	0.019	0.002177778
ZicoSeq	20	100	10	0	0
ALDEx2_wi	20	100	2	5.00E-04	4.44E-05
Corncob	20	100	2	0.0025	0.00025
DACOMP	20	100	2	0	5.00E-05
DESeq2	20	100	2	0.0215	0.002538889
fastANCOM	20	100	2	5.00E-04	1.11E-05
LEfSe	20	100	2	0.001015228	5.08E-05
limma_voom	20	100	2	0.002	0.000172222
LinDA	20	100	2	0.004	0.000211111
MaAsLin2	20	100	2	0.003	8.33E-05
Wilcox	20	100	2	0	2.22E-05
ZicoSeq	20	100	2	0	0
ALDEx2_wi	20	100	5	0.0135	0.001183333
Corncob	20	100	5	0.0195	0.001716667
DACOMP	20	100	5	0.012	0.001222222
DESeq2	20	100	5	0.075	0.007855556
fastANCOM	20	100	5	0.008	0.000466667
LEfSe	20	100	5	0.0115	0.001038889
limma_voom	20	100	5	0.025	0.002544444
LinDA	20	100	5	0.0265	0.002416667
MaAsLin2	20	100	5	0.021105528	0.001965382
Wilcox	20	100	5	0.0115	0.000927778
ZicoSeq	20	100	5	0	0
ALDEx2_wi	200	100	1	0	1.11E-05
Corncob	200	100	1	0	8.33E-05
DACOMP	200	100	1	0	0
DESeq2	200	100	1	0.019	0.0026
fastANCOM	200	100	1	0	5.56E-06
LEfSe	200	100	1	0.001015228	5.08E-05
limma_voom	200	100	1	0.002	0.000116667
LinDA	200	100	1	0.003	0.000283333
MaAsLin2	200	100	1	0.001	5.56E-05
Wilcox	200	100	1	5.00E-04	5.56E-05
ZicoSeq	200	100	1	0	0
ALDEx2_wi	200	100	10	0.195	0.020944444
Corncob	200	100	10	0.261	0.028427778
DACOMP	200	100	10	0.086	0.010027778
DESeq2	200	100	10	0.2915	0.030722222
fastANCOM	200	100	10	0.1005	0.011316667
LEfSe	200	100	10	0.3255	0.035388889
limma_voom	200	100	10	0.1515	0.0165
LinDA	200	100	10	0.157	0.018088889
MaAsLin2	200	100	10	0.3085	0.033494444
Wilcox	200	100	10	0.318	0.034016667
ZicoSeq	200	100	10	0.003	0.000211111
ALDEx2_wi	200	100	2	0.0425	0.003866667
Corncob	200	100	2	0.0405	0.003577778
DACOMP	200	100	2	0.0595	0.005622222
DESeq2	200	100	2	0.124	0.011611111
fastANCOM	200	100	2	0.0305	0.002727778
LEfSe	200	100	2	0.057	0.005016667
limma_voom	200	100	2	0.051	0.004727778
LinDA	200	100	2	0.0595	0.005777778
MaAsLin2	200	100	2	0.05	0.004661111
Wilcox	200	100	2	0.0525	0.004744444
ZicoSeq	200	100	2	0	0
ALDEx2_wi	200	100	5	0.112	0.011583333
Corncob	200	100	5	0.1415	0.014655556
DACOMP	200	100	5	0.0865	0.009172222
DESeq2	200	100	5	0.2055	0.021944444
fastANCOM	200	100	5	0.083	0.008894444
LEfSe	200	100	5	0.188	0.019272222
limma_voom	200	100	5	0.109	0.011927778
LinDA	200	100	5	0.115	0.0122
MaAsLin2	200	100	5	0.162	0.017177778
Wilcox	200	100	5	0.165	0.016777778
ZicoSeq	200	100	5	0.001	0.000105556
ALDEx2_wi	300	100	1	5.00E-04	1.11E-05
Corncob	300	100	1	0.001	7.22E-05
DACOMP	300	100	1	0	3.89E-05
DESeq2	300	100	1	0.029	0.002888889
fastANCOM	300	100	1	5.00E-04	5.56E-06
LEfSe	300	100	1	0.0015	7.78E-05
limma_voom	300	100	1	0.002	1.00E-04
LinDA	300	100	1	0.005	0.000288889
MaAsLin2	300	100	1	0.002	9.44E-05
Wilcox	300	100	1	0.0015	7.78E-05
ZicoSeq	300	100	1	0	0
ALDEx2_wi	300	100	10	0.2705	0.027411111
Corncob	300	100	10	0.352	0.0354
DACOMP	300	100	10	0.0935	0.010105556
DESeq2	300	100	10	0.39	0.037977778
fastANCOM	300	100	10	0.1255	0.012672222
LEfSe	300	100	10	0.43	0.042455556
limma_voom	300	100	10	0.199	0.019733333
LinDA	300	100	10	0.203	0.0206
MaAsLin2	300	100	10	0.42	0.041144444
Wilcox	300	100	10	0.413	0.040494444
ZicoSeq	300	100	10	0.0015	8.89E-05
ALDEx2_wi	300	100	2	0.0455	0.005022222
Corncob	300	100	2	0.0505	0.0051
DACOMP	300	100	2	0.0875	0.008766667
DESeq2	300	100	2	0.1255	0.013638889
fastANCOM	300	100	2	0.041	0.004211111
LEfSe	300	100	2	0.064	0.006761111
limma_voom	300	100	2	0.0605	0.006461111
LinDA	300	100	2	0.0695	0.00725
MaAsLin2	300	100	2	0.0635	0.006516667
Wilcox	300	100	2	0.0585	0.006272222
ZicoSeq	300	100	2	0	0
ALDEx2_wi	300	100	5	0.15	0.015338889
Corncob	300	100	5	0.2	0.020377778
DACOMP	300	100	5	0.1005	0.009472222
DESeq2	300	100	5	0.2655	0.027422222
fastANCOM	300	100	5	0.1095	0.009644444
LEfSe	300	100	5	0.2545	0.0259
limma_voom	300	100	5	0.149	0.014572222
LinDA	300	100	5	0.147	0.013827778
MaAsLin2	300	100	5	0.227	0.023172222
Wilcox	300	100	5	0.2335	0.023811111
ZicoSeq	300	100	5	0	0
ALDEx2_wi	50	100	1	5.00E-04	3.89E-05
Corncob	50	100	1	0.001	0.000105556
DACOMP	50	100	1	0	2.22E-05
DESeq2	50	100	1	0.023	0.002594444
fastANCOM	50	100	1	5.00E-04	1.67E-05
LEfSe	50	100	1	0.000510204	5.10E-05
limma_voom	50	100	1	5.00E-04	9.44E-05
LinDA	50	100	1	0.002	0.000305556
MaAsLin2	50	100	1	0.001	0.000111111
Wilcox	50	100	1	5.00E-04	3.89E-05
ZicoSeq	50	100	1	0	0
ALDEx2_wi	50	100	10	0.067	0.006044444
Corncob	50	100	10	0.0885	0.007816667
DACOMP	50	100	10	0.0745	0.006533333
DESeq2	50	100	10	0.154	0.014922222
fastANCOM	50	100	10	0.07	0.006055556
LEfSe	50	100	10	0.1115	0.010305556
limma_voom	50	100	10	0.097	0.00885
LinDA	50	100	10	0.102	0.009727778
MaAsLin2	50	100	10	0.117	0.010888889
Wilcox	50	100	10	0.104	0.009644444
ZicoSeq	50	100	10	0	0
ALDEx2_wi	50	100	2	0.0075	0.000627778
Corncob	50	100	2	0.011	0.00075
DACOMP	50	100	2	0.0095	0.000611111
DESeq2	50	100	2	0.0545	0.005738889
fastANCOM	50	100	2	0.0025	0.000133333
LEfSe	50	100	2	0.0095	0.000872222
limma_voom	50	100	2	0.0085	0.000838889
LinDA	50	100	2	0.0095	0.001233333
MaAsLin2	50	100	2	0.009	0.000766667
Wilcox	50	100	2	0.0085	0.000783333
ZicoSeq	50	100	2	0	0
ALDEx2_wi	50	100	5	0.0415	0.004277778
Corncob	50	100	5	0.0405	0.004033333
DACOMP	50	100	5	0.047	0.004988889
DESeq2	50	100	5	0.1245	0.0132
fastANCOM	50	100	5	0.0325	0.003611111
LEfSe	50	100	5	0.0585	0.005355556
limma_voom	50	100	5	0.056	0.006127778
LinDA	50	100	5	0.0655	0.006705556
MaAsLin2	50	100	5	0.064	0.005855556
Wilcox	50	100	5	0.0535	0.004933333
ZicoSeq	50	100	5	0	0
ALDEx2_wi	500	100	1	0	0
Corncob	500	100	1	0.0015	3.89E-05
DACOMP	500	100	1	0	5.56E-05
DESeq2	500	100	1	0.0355	0.003427778
fastANCOM	500	100	1	0	0
LEfSe	500	100	1	5.00E-04	3.33E-05
limma_voom	500	100	1	5.00E-04	7.22E-05
LinDA	500	100	1	0.003	0.000238889
MaAsLin2	500	100	1	0.0015	4.44E-05
Wilcox	500	100	1	0.0015	3.89E-05
ZicoSeq	500	100	1	0	0
ALDEx2_wi	500	100	10	0.374	0.037883333
Corncob	500	100	10	0.471	0.047461111
DACOMP	500	100	10	0.104	0.0103
DESeq2	500	100	10	0.48	0.050783333
fastANCOM	500	100	10	0.168	0.016683333
LEfSe	500	100	10	0.5515	0.055288889
limma_voom	500	100	10	0.2615	0.026372222
LinDA	500	100	10	0.27	0.027466667
MaAsLin2	500	100	10	0.549	0.055166667
Wilcox	500	100	10	0.535	0.053227778
ZicoSeq	500	100	10	0.001	9.44E-05
ALDEx2_wi	500	100	2	0.0745	0.007322222
Corncob	500	100	2	0.0815	0.008127778
DACOMP	500	100	2	0.129	0.013133333
DESeq2	500	100	2	0.159	0.01715
fastANCOM	500	100	2	0.0645	0.006566667
LEfSe	500	100	2	0.109	0.010722222
limma_voom	500	100	2	0.097	0.009588889
LinDA	500	100	2	0.0925	0.009511111
MaAsLin2	500	100	2	0.097	0.0096
Wilcox	500	100	2	0.0915	0.009288889
ZicoSeq	500	100	2	0.0015	8.89E-05
ALDEx2_wi	500	100	5	0.211	0.022261111
Corncob	500	100	5	0.242	0.026538889
DACOMP	500	100	5	0.0895	0.010094444
DESeq2	500	100	5	0.3395	0.035855556
fastANCOM	500	100	5	0.0945	0.010872222
LEfSe	500	100	5	0.314	0.033011111
limma_voom	500	100	5	0.171	0.018627778
LinDA	500	100	5	0.1415	0.015672222
MaAsLin2	500	100	5	0.2705	0.029716667
Wilcox	500	100	5	0.2895	0.0305
ZicoSeq	500	100	5	0.0025	0.000194444
ALDEx2_wi	100	1000	1	0	0
Corncob	100	1000	1	0	1.11E-05
DACOMP	100	1000	1	5.00E-05	3.33E-05
DESeq2	100	1000	1	0.00075	0.011744444
fastANCOM	100	1000	1	0	0
LEfSe	100	1000	1	0	2.29E-05
limma_voom	100	1000	1	0.0368	0.038344444
LinDA	100	1000	1	0	2.78E-05
MaAsLin2	100	1000	1	0	2.22E-05
Wilcox	100	1000	1	0	2.78E-05
ZicoSeq	100	1000	1	0	0
ALDEx2_wi	100	1000	10	0.0161	0.015438889
Corncob	100	1000	10	0.0217	0.020433333
DACOMP	100	1000	10	0.02835	0.027088889
DESeq2	100	1000	10	0.03505	0.048688889
fastANCOM	100	1000	10	0.054	0.055861111
LEfSe	100	1000	10	0.03155	0.030511111
limma_voom	100	1000	10	0.3738	0.374416667
LinDA	100	1000	10	0.0326	0.031938889
MaAsLin2	100	1000	10	0.03185	0.030566667
Wilcox	100	1000	10	0.02725	0.026377778
ZicoSeq	100	1000	10	0	0
ALDEx2_wi	100	1000	2	0.00115	0.001827778
Corncob	100	1000	2	0.0011	0.001661111
DACOMP	100	1000	2	0.0012	0.001266667
DESeq2	100	1000	2	0.00645	0.019144444
fastANCOM	100	1000	2	0.00115	0.001977778
LEfSe	100	1000	2	0.002	0.002922222
limma_voom	100	1000	2	0.053	0.054972222
LinDA	100	1000	2	0.00125	0.00195
MaAsLin2	100	1000	2	0.001407035	0.002026801
Wilcox	100	1000	2	0.00135	0.002155556
ZicoSeq	100	1000	2	0	0
ALDEx2_wi	100	1000	5	0.00775	0.008822222
Corncob	100	1000	5	0.00965	0.010083333
DACOMP	100	1000	5	0.01625	0.016194444
DESeq2	100	1000	5	0.0241	0.036672222
fastANCOM	100	1000	5	0.01655	0.017038889
LEfSe	100	1000	5	0.01355	0.014044444
limma_voom	100	1000	5	0.14035	0.142266667
LinDA	100	1000	5	0.01585	0.015833333
MaAsLin2	100	1000	5	0.015628141	0.015840313
Wilcox	100	1000	5	0.01175	0.012255556
ZicoSeq	100	1000	5	0	0
ALDEx2_wi	20	1000	1	0	0
Corncob	20	1000	1	1.00E-04	7.22E-05
DACOMP	20	1000	1	0	0
DESeq2	20	1000	1	0.00035	0.221777778
fastANCOM	20	1000	1	0	0
LEfSe	20	1000	1	0	0
limma_voom	20	1000	1	0.0417	0.040933333
LinDA	20	1000	1	0	5.56E-06
MaAsLin2	20	1000	1	0	5.56E-06
Wilcox	20	1000	1	0	0
ZicoSeq	20	1000	1	0	0
ALDEx2_wi	20	1000	10	0.00195	0.001816667
Corncob	20	1000	10	0.0029	0.00275
DACOMP	20	1000	10	0.00065	0.000522222
DESeq2	20	1000	10	0.01025	0.254777778
fastANCOM	20	1000	10	0.0049	0.005005556
LEfSe	20	1000	10	0.00055	0.000438889
limma_voom	20	1000	10	0.1431	0.148477778
LinDA	20	1000	10	0.0034	0.003183333
MaAsLin2	20	1000	10	0.003502538	0.003637902
Wilcox	20	1000	10	4.00E-04	0.000361111
ZicoSeq	20	1000	10	0	0
ALDEx2_wi	20	1000	2	0	3.33E-05
Corncob	20	1000	2	1.00E-04	0.000266667
DACOMP	20	1000	2	0	0
DESeq2	20	1000	2	0.00055	0.227666667
fastANCOM	20	1000	2	0	1.67E-05
LEfSe	20	1000	2	0	0
limma_voom	20	1000	2	0.035	0.036311111
LinDA	20	1000	2	0	2.78E-05
MaAsLin2	20	1000	2	0	4.44E-05
Wilcox	20	1000	2	0	0
ZicoSeq	20	1000	2	0	0
ALDEx2_wi	20	1000	5	9.00E-04	0.000683333
Corncob	20	1000	5	0.00165	0.001244444
DACOMP	20	1000	5	5.00E-05	3.33E-05
DESeq2	20	1000	5	0.0075	0.237694444
fastANCOM	20	1000	5	0.00145	0.001044444
LEfSe	20	1000	5	5.00E-05	1.67E-05
limma_voom	20	1000	5	0.07055	0.070894444
LinDA	20	1000	5	0.0015	0.001083333
MaAsLin2	20	1000	5	0.0021	0.001411111
Wilcox	20	1000	5	0.00055	0.000227778
ZicoSeq	20	1000	5	0	0
ALDEx2_wi	200	1000	1	0	0
Corncob	200	1000	1	0	1.11E-05
DACOMP	200	1000	1	0	0
DESeq2	200	1000	1	0.00045	0.001411111
fastANCOM	200	1000	1	0	5.56E-06
LEfSe	200	1000	1	0	3.51E-05
limma_voom	200	1000	1	0.0329	0.034111111
LinDA	200	1000	1	5.00E-05	2.22E-05
MaAsLin2	200	1000	1	0	5.56E-06
Wilcox	200	1000	1	0	2.22E-05
ZicoSeq	200	1000	1	0	0
ALDEx2_wi	200	1000	10	0.0331	0.031705556
Corncob	200	1000	10	0.0479	0.046283333
DACOMP	200	1000	10	0.0454	0.042733333
DESeq2	200	1000	10	0.05945	0.057583333
fastANCOM	200	1000	10	0.1257	0.121744444
LEfSe	200	1000	10	0.07515	0.07135
limma_voom	200	1000	10	0.5414	0.54735
LinDA	200	1000	10	0.08195	0.079016667
MaAsLin2	200	1000	10	0.08155	0.078561111
Wilcox	200	1000	10	0.06865	0.064816667
ZicoSeq	200	1000	10	0.00015	0.000227778
ALDEx2_wi	200	1000	2	0.00465	0.004766667
Corncob	200	1000	2	0.00405	0.004333333
DACOMP	200	1000	2	0.00725	0.007
DESeq2	200	1000	2	0.0148	0.015261111
fastANCOM	200	1000	2	0.00565	0.005922222
LEfSe	200	1000	2	0.00645	0.006905556
limma_voom	200	1000	2	0.0709	0.071838889
LinDA	200	1000	2	0.0057	0.006294444
MaAsLin2	200	1000	2	0.0055	0.006188889
Wilcox	200	1000	2	0.0053	0.005738889
ZicoSeq	200	1000	2	0	0
ALDEx2_wi	200	1000	5	0.01575	0.015783333
Corncob	200	1000	5	0.02065	0.021066667
DACOMP	200	1000	5	0.02675	0.027027778
DESeq2	200	1000	5	0.035	0.038038889
fastANCOM	200	1000	5	0.04565	0.046422222
LEfSe	200	1000	5	0.0314	0.0314
limma_voom	200	1000	5	0.259	0.264533333
LinDA	200	1000	5	0.0349	0.036011111
MaAsLin2	200	1000	5	0.03425	0.035572222
Wilcox	200	1000	5	0.027	0.027777778
ZicoSeq	200	1000	5	0.00015	0.000244444
ALDEx2_wi	300	1000	1	0	1.11E-05
Corncob	300	1000	1	0	2.22E-05
DACOMP	300	1000	1	5.00E-05	5.56E-05
DESeq2	300	1000	1	0.0012	0.001105556
fastANCOM	300	1000	1	0	1.67E-05
LEfSe	300	1000	1	0.00037234	0.000307329
limma_voom	300	1000	1	0.03655	0.037233333
LinDA	300	1000	1	0	5.00E-05
MaAsLin2	300	1000	1	0	5.00E-05
Wilcox	300	1000	1	0	4.44E-05
ZicoSeq	300	1000	1	0	0
ALDEx2_wi	300	1000	10	0.04875	0.0443
Corncob	300	1000	10	0.07765	0.073555556
DACOMP	300	1000	10	0.05445	0.052716667
DESeq2	300	1000	10	0.0846	0.082005556
fastANCOM	300	1000	10	0.1733	0.175022222
LEfSe	300	1000	10	0.11175	0.108916667
limma_voom	300	1000	10	0.6179	0.627038889
LinDA	300	1000	10	0.11925	0.118005556
MaAsLin2	300	1000	10	0.1302	0.130788889
Wilcox	300	1000	10	0.10535	0.102144444
ZicoSeq	300	1000	10	2.00E-04	0.000327778
ALDEx2_wi	300	1000	2	0.00565	0.0063
Corncob	300	1000	2	0.00585	0.006638889
DACOMP	300	1000	2	0.01005	0.010516667
DESeq2	300	1000	2	0.0186	0.019227778
fastANCOM	300	1000	2	0.0093	0.010083333
LEfSe	300	1000	2	0.00885	0.009444444
limma_voom	300	1000	2	0.07285	0.075188889
LinDA	300	1000	2	0.00955	0.010505556
MaAsLin2	300	1000	2	0.00975	0.010688889
Wilcox	300	1000	2	0.00785	0.00845
ZicoSeq	300	1000	2	0	0
ALDEx2_wi	300	1000	5	0.0223	0.021727778
Corncob	300	1000	5	0.0332	0.032988889
DACOMP	300	1000	5	0.03095	0.031933333
DESeq2	300	1000	5	0.05175	0.051144444
fastANCOM	300	1000	5	0.06525	0.064922222
LEfSe	300	1000	5	0.048	0.048883333
limma_voom	300	1000	5	0.272	0.2739
LinDA	300	1000	5	0.05265	0.054705556
MaAsLin2	300	1000	5	0.0562	0.058638889
Wilcox	300	1000	5	0.04305	0.043533333
ZicoSeq	300	1000	5	0	0
ALDEx2_wi	50	1000	1	0	0
Corncob	50	1000	1	0	2.22E-05
DACOMP	50	1000	1	0	0
DESeq2	50	1000	1	5.00E-04	0.0185
fastANCOM	50	1000	1	0	5.56E-06
LEfSe	50	1000	1	0	1.11E-05
limma_voom	50	1000	1	0.041	0.041394444
LinDA	50	1000	1	5.00E-05	1.67E-05
MaAsLin2	50	1000	1	0	1.69E-05
Wilcox	50	1000	1	0	5.56E-06
ZicoSeq	50	1000	1	0	0
ALDEx2_wi	50	1000	10	0.0085	0.007766667
Corncob	50	1000	10	0.00915	0.008722222
DACOMP	50	1000	10	0.0122	0.011488889
DESeq2	50	1000	10	0.02205	0.047883333
fastANCOM	50	1000	10	0.02135	0.020138889
LEfSe	50	1000	10	0.012	0.010938889
limma_voom	50	1000	10	0.25775	0.2608
LinDA	50	1000	10	0.01395	0.012566667
MaAsLin2	50	1000	10	0.01361809	0.012518146
Wilcox	50	1000	10	0.0103	0.009794444
ZicoSeq	50	1000	10	0	0
ALDEx2_wi	50	1000	2	0.00055	0.000383333
Corncob	50	1000	2	0.00055	0.000466667
DACOMP	50	1000	2	0	0
DESeq2	50	1000	2	0.00215	0.021638889
fastANCOM	50	1000	2	0.00025	0.000405556
LEfSe	50	1000	2	6.00E-04	0.000555556
limma_voom	50	1000	2	0.04065	0.042227778
LinDA	50	1000	2	5.00E-04	0.00045
MaAsLin2	50	1000	2	0.000603015	0.000491346
Wilcox	50	1000	2	0.00035	0.000311111
ZicoSeq	50	1000	2	0	0
ALDEx2_wi	50	1000	5	0.0038	0.004344444
Corncob	50	1000	5	0.00335	0.003922222
DACOMP	50	1000	5	0.0045	0.004644444
DESeq2	50	1000	5	0.0148	0.036911111
fastANCOM	50	1000	5	0.0067	0.007061111
LEfSe	50	1000	5	0.0049	0.005222222
limma_voom	50	1000	5	0.07885	0.077905556
LinDA	50	1000	5	0.00605	0.006227778
MaAsLin2	50	1000	5	0.006080402	0.006309324
Wilcox	50	1000	5	0.00405	0.004722222
ZicoSeq	50	1000	5	0	0
ALDEx2_wi	500	1000	1	0	0
Corncob	500	1000	1	5.00E-05	1.67E-05
DACOMP	500	1000	1	0	3.33E-05
DESeq2	500	1000	1	0.00145	0.00135
fastANCOM	500	1000	1	0	1.11E-05
LEfSe	500	1000	1	5.38E-05	0.00016129
limma_voom	500	1000	1	0.0352	0.035488889
LinDA	500	1000	1	5.00E-05	3.89E-05
MaAsLin2	500	1000	1	5.00E-05	3.33E-05
Wilcox	500	1000	1	5.00E-05	9.44E-05
ZicoSeq	500	1000	1	0	0
ALDEx2_wi	500	1000	10	0.0652	0.066183333
Corncob	500	1000	10	0.1298	0.132011111
DACOMP	500	1000	10	0.06745	0.069161111
DESeq2	500	1000	10	0.1272	0.126094444
fastANCOM	500	1000	10	0.2683	0.274061111
LEfSe	500	1000	10	0.1646	0.165861111
limma_voom	500	1000	10	0.6809	0.687772222
LinDA	500	1000	10	0.173	0.172766667
MaAsLin2	500	1000	10	0.21185	0.213377778
Wilcox	500	1000	10	0.1585	0.160394444
ZicoSeq	500	1000	10	0.00025	0.000505556
ALDEx2_wi	500	1000	2	0.00865	0.009077778
Corncob	500	1000	2	0.01115	0.010811111
DACOMP	500	1000	2	0.01615	0.014994444
DESeq2	500	1000	2	0.02875	0.027527778
fastANCOM	500	1000	2	0.01715	0.016622222
LEfSe	500	1000	2	0.01535	0.015038889
limma_voom	500	1000	2	0.10035	0.09865
LinDA	500	1000	2	0.0189	0.01785
MaAsLin2	500	1000	2	0.01995	0.018838889
Wilcox	500	1000	2	0.01445	0.013927778
ZicoSeq	500	1000	2	0	0
ALDEx2_wi	500	1000	5	0.0363	0.037666667
Corncob	500	1000	5	0.06405	0.065544444
DACOMP	500	1000	5	0.03985	0.040572222
DESeq2	500	1000	5	0.08455	0.084194444
fastANCOM	500	1000	5	0.13285	0.131016667
LEfSe	500	1000	5	0.0872	0.088872222
limma_voom	500	1000	5	0.3982	0.40815
LinDA	500	1000	5	0.0947	0.095655556
MaAsLin2	500	1000	5	0.11355	0.114722222
Wilcox	500	1000	5	0.0824	0.084066667
ZicoSeq	500	1000	5	0.00035	0.000205556
ALDEx2_wi	100	200	1	0	1.67E-05
Corncob	100	200	1	0	3.89E-05
DACOMP	100	200	1	0	0
DESeq2	100	200	1	0.00625	0.001238889
fastANCOM	100	200	1	0	2.78E-05
LEfSe	100	200	1	0	2.29E-05
limma_voom	100	200	1	0.00325	0.000944444
LinDA	100	200	1	0.00075	0.000111111
MaAsLin2	100	200	1	0	3.35E-05
Wilcox	100	200	1	0	2.22E-05
ZicoSeq	100	200	1	0	0
ALDEx2_wi	100	200	10	0.06475	0.011127778
Corncob	100	200	10	0.08	0.01565
DACOMP	100	200	10	0.0665	0.013272222
DESeq2	100	200	10	0.1255	0.025744444
fastANCOM	100	200	10	0.0705	0.014477778
LEfSe	100	200	10	0.11225	0.021294444
limma_voom	100	200	10	0.13675	0.02945
LinDA	100	200	10	0.10775	0.021855556
MaAsLin2	100	200	10	0.11475	0.022994444
Wilcox	100	200	10	0.101	0.019361111
ZicoSeq	100	200	10	0	0
ALDEx2_wi	100	200	2	0.0065	0.001655556
Corncob	100	200	2	0.0055	0.001483333
DACOMP	100	200	2	0.00775	0.002033333
DESeq2	100	200	2	0.038	0.007372222
fastANCOM	100	200	2	0.0045	0.001133333
LEfSe	100	200	2	0.00875	0.002327778
limma_voom	100	200	2	0.017	0.003661111
LinDA	100	200	2	0.0115	0.0023
MaAsLin2	100	200	2	0.0085	0.001938889
Wilcox	100	200	2	0.00775	0.001955556
ZicoSeq	100	200	2	0	0
ALDEx2_wi	100	200	5	0.03275	0.006616667
Corncob	100	200	5	0.0385	0.007783333
DACOMP	100	200	5	0.0475	0.009272222
DESeq2	100	200	5	0.09275	0.019055556
fastANCOM	100	200	5	0.04	0.008088889
LEfSe	100	200	5	0.05575	0.011166667
limma_voom	100	200	5	0.07975	0.017283333
LinDA	100	200	5	0.063	0.012933333
MaAsLin2	100	200	5	0.0605	0.012205556
Wilcox	100	200	5	0.0515	0.010027778
ZicoSeq	100	200	5	0	0
ALDEx2_wi	20	200	1	0	0
Corncob	20	200	1	0.00125	0.000116667
DACOMP	20	200	1	0	0
DESeq2	20	200	1	0.00425	0.003577778
fastANCOM	20	200	1	0	5.56E-06
LEfSe	20	200	1	0	0
limma_voom	20	200	1	0.00475	0.000844444
LinDA	20	200	1	0.00075	7.22E-05
MaAsLin2	20	200	1	5.00E-04	2.22E-05
Wilcox	20	200	1	0	0
ZicoSeq	20	200	1	0	0
ALDEx2_wi	20	200	10	0.00875	0.001733333
Corncob	20	200	10	0.01225	0.002105556
DACOMP	20	200	10	0.0055	0.001116667
DESeq2	20	200	10	0.04375	0.012644444
fastANCOM	20	200	10	0.0095	0.001994444
LEfSe	20	200	10	0.0085	0.001355556
limma_voom	20	200	10	0.04725	0.009055556
LinDA	20	200	10	0.01725	0.003288889
MaAsLin2	20	200	10	0.01575	0.002955556
Wilcox	20	200	10	0.0085	0.001222222
ZicoSeq	20	200	10	0	0
ALDEx2_wi	20	200	2	0.00025	4.44E-05
Corncob	20	200	2	0.00125	0.000216667
DACOMP	20	200	2	0	0
DESeq2	20	200	2	0.00775	0.003927778
fastANCOM	20	200	2	0.00025	5.56E-06
LEfSe	20	200	2	0	5.00E-05
limma_voom	20	200	2	0.0025	0.000511111
LinDA	20	200	2	0.001	9.44E-05
MaAsLin2	20	200	2	5.00E-04	0.000105556
Wilcox	20	200	2	5.00E-04	2.78E-05
ZicoSeq	20	200	2	0	0
ALDEx2_wi	20	200	5	0.0025	0.000738889
Corncob	20	200	5	0.00325	0.001033333
DACOMP	20	200	5	5.00E-04	0.000266667
DESeq2	20	200	5	0.02925	0.009088889
fastANCOM	20	200	5	0.00225	0.00065
LEfSe	20	200	5	0.00175	0.000533333
limma_voom	20	200	5	0.017	0.004433333
LinDA	20	200	5	0.00675	0.001516667
MaAsLin2	20	200	5	0.005	0.001333333
Wilcox	20	200	5	0.00225	0.000505556
ZicoSeq	20	200	5	0	0
ALDEx2_wi	200	200	1	0	0
Corncob	200	200	1	0	3.89E-05
DACOMP	200	200	1	0	0
DESeq2	200	200	1	0.009	0.001694444
fastANCOM	200	200	1	0	5.56E-06
LEfSe	200	200	1	0.000252525	4.49E-05
limma_voom	200	200	1	0.00225	0.000588889
LinDA	200	200	1	0	7.22E-05
MaAsLin2	200	200	1	0	2.78E-05
Wilcox	200	200	1	0	2.78E-05
ZicoSeq	200	200	1	0	0
ALDEx2_wi	200	200	10	0.11475	0.022488889
Corncob	200	200	10	0.171	0.034216667
DACOMP	200	200	10	0.0925	0.016916667
DESeq2	200	200	10	0.20525	0.040272222
fastANCOM	200	200	10	0.12475	0.025377778
LEfSe	200	200	10	0.215	0.042638889
limma_voom	200	200	10	0.19625	0.041366667
LinDA	200	200	10	0.17275	0.035438889
MaAsLin2	200	200	10	0.23025	0.045766667
Wilcox	200	200	10	0.20225	0.040238889
ZicoSeq	200	200	10	5.00E-04	0.000161111
ALDEx2_wi	200	200	2	0.02075	0.003427778
Corncob	200	200	2	0.01925	0.003233333
DACOMP	200	200	2	0.03075	0.005122222
DESeq2	200	200	2	0.06925	0.012472222
fastANCOM	200	200	2	0.018	0.0031
LEfSe	200	200	2	0.028	0.004616667
limma_voom	200	200	2	0.037	0.006511111
LinDA	200	200	2	0.03175	0.005327778
MaAsLin2	200	200	2	0.0285	0.004333333
Wilcox	200	200	2	0.02675	0.004327778
ZicoSeq	200	200	2	0	0
ALDEx2_wi	200	200	5	0.05425	0.010944444
Corncob	200	200	5	0.07275	0.015211111
DACOMP	200	200	5	0.06275	0.013716667
DESeq2	200	200	5	0.136	0.028438889
fastANCOM	200	200	5	0.06525	0.014188889
LEfSe	200	200	5	0.09875	0.019894444
limma_voom	200	200	5	0.11125	0.024011111
LinDA	200	200	5	0.10075	0.0211
MaAsLin2	200	200	5	0.1045	0.021994444
Wilcox	200	200	5	0.08675	0.018216667
ZicoSeq	200	200	5	0.001	0.000305556
ALDEx2_wi	300	200	1	0	2.22E-05
Corncob	300	200	1	0	8.33E-05
DACOMP	300	200	1	0	0
DESeq2	300	200	1	0.01125	0.002466667
fastANCOM	300	200	1	0	3.33E-05
LEfSe	300	200	1	0.001030928	0.00013173
limma_voom	300	200	1	0.00275	0.000788889
LinDA	300	200	1	0	0.000144444
MaAsLin2	300	200	1	0	7.82E-05
Wilcox	300	200	1	0	9.44E-05
ZicoSeq	300	200	1	0	0
ALDEx2_wi	300	200	10	0.15	0.030188889
Corncob	300	200	10	0.2105	0.044055556
DACOMP	300	200	10	0.08425	0.017794444
DESeq2	300	200	10	0.25875	0.052911111
fastANCOM	300	200	10	0.1485	0.032872222
LEfSe	300	200	10	0.2565	0.052966667
limma_voom	300	200	10	0.2305	0.051127778
LinDA	300	200	10	0.19975	0.041755556
MaAsLin2	300	200	10	0.28	0.05775
Wilcox	300	200	10	0.247	0.050561111
ZicoSeq	300	200	10	0.0015	0.00015
ALDEx2_wi	300	200	2	0.0215	0.004694444
Corncob	300	200	2	0.02125	0.005144444
DACOMP	300	200	2	0.03425	0.007316667
DESeq2	300	200	2	0.079	0.016344444
fastANCOM	300	200	2	0.02275	0.004855556
LEfSe	300	200	2	0.03575	0.007038889
limma_voom	300	200	2	0.04225	0.009566667
LinDA	300	200	2	0.0375	0.008288889
MaAsLin2	300	200	2	0.0345	0.007327778
Wilcox	300	200	2	0.03	0.006294444
ZicoSeq	300	200	2	0	0
ALDEx2_wi	300	200	5	0.081	0.015988889
Corncob	300	200	5	0.11425	0.0228
DACOMP	300	200	5	0.0785	0.015505556
DESeq2	300	200	5	0.178	0.036155556
fastANCOM	300	200	5	0.09	0.018316667
LEfSe	300	200	5	0.146	0.028983333
limma_voom	300	200	5	0.14275	0.029588889
LinDA	300	200	5	0.1255	0.026238889
MaAsLin2	300	200	5	0.15	0.030361111
Wilcox	300	200	5	0.1305	0.026477778
ZicoSeq	300	200	5	0	0
ALDEx2_wi	50	200	1	0	1.67E-05
Corncob	50	200	1	0	2.22E-05
DACOMP	50	200	1	0	0
DESeq2	50	200	1	0.00525	0.000961111
fastANCOM	50	200	1	0	1.67E-05
LEfSe	50	200	1	0.00052356	0.000122164
limma_voom	50	200	1	0.00325	5.00E-04
LinDA	50	200	1	5.00E-04	5.56E-05
MaAsLin2	50	200	1	0.000251256	3.35E-05
Wilcox	50	200	1	0.00025	2.22E-05
ZicoSeq	50	200	1	0	0
ALDEx2_wi	50	200	10	0.02525	0.006133333
Corncob	50	200	10	0.034	0.006855556
DACOMP	50	200	10	0.03475	0.007272222
DESeq2	50	200	10	0.085	0.018505556
fastANCOM	50	200	10	0.0345	0.007611111
LEfSe	50	200	10	0.046	0.009933333
limma_voom	50	200	10	0.08	0.018922222
LinDA	50	200	10	0.05325	0.011444444
MaAsLin2	50	200	10	0.052	0.011011111
Wilcox	50	200	10	0.041	0.008822222
ZicoSeq	50	200	10	0	0
ALDEx2_wi	50	200	2	0.00225	0.000516667
Corncob	50	200	2	0.00225	0.000583333
DACOMP	50	200	2	0.001	0.000188889
DESeq2	50	200	2	0.01775	0.004016667
fastANCOM	50	200	2	0.00075	0.000177778
LEfSe	50	200	2	0.00375	0.000711111
limma_voom	50	200	2	0.0065	0.00155
LinDA	50	200	2	0.00325	0.000683333
MaAsLin2	50	200	2	0.003768844	0.000670017
Wilcox	50	200	2	0.003	0.000555556
ZicoSeq	50	200	2	0	0
ALDEx2_wi	50	200	5	0.018	0.003355556
Corncob	50	200	5	0.016	0.003111111
DACOMP	50	200	5	0.018	0.003422222
DESeq2	50	200	5	0.063	0.012511111
fastANCOM	50	200	5	0.0185	0.003455556
LEfSe	50	200	5	0.02475	0.004355556
limma_voom	50	200	5	0.04275	0.008088889
LinDA	50	200	5	0.0295	0.005544444
MaAsLin2	50	200	5	0.027	0.004988889
Wilcox	50	200	5	0.02175	0.003911111
ZicoSeq	50	200	5	0	0
ALDEx2_wi	500	200	1	0	0
Corncob	500	200	1	0	1.00E-04
DACOMP	500	200	1	0	6.67E-05
DESeq2	500	200	1	0	0.002622222
fastANCOM	500	200	1	0	1.11E-05
LEfSe	500	200	1	0	5.58E-05
limma_voom	500	200	1	0	0.00055
LinDA	500	200	1	0	5.56E-05
MaAsLin2	500	200	1	0	5.56E-05
Wilcox	500	200	1	0	6.67E-05
ZicoSeq	500	200	1	0	0
ALDEx2_wi	500	200	10	0	0.049861111
Corncob	500	200	10	0	0.070711111
DACOMP	500	200	10	0	0.020377778
DESeq2	500	200	10	0	0.085388889
fastANCOM	500	200	10	0	0.046022222
LEfSe	500	200	10	0	0.082744444
limma_voom	500	200	10	0	0.066833333
LinDA	500	200	10	0	0.058011111
MaAsLin2	500	200	10	0	0.090455556
Wilcox	500	200	10	0	0.079572222
ZicoSeq	500	200	10	0	0.000716667
ALDEx2_wi	500	200	2	0	0.007988889
Corncob	500	200	2	0	0.009783333
DACOMP	500	200	2	0	0.013827778
DESeq2	500	200	2	0	0.025438889
fastANCOM	500	200	2	0	0.009655556
LEfSe	500	200	2	0	0.0128
limma_voom	500	200	2	0	0.015666667
LinDA	500	200	2	0	0.014855556
MaAsLin2	500	200	2	0	0.014205556
Wilcox	500	200	2	0	0.011822222
ZicoSeq	500	200	2	0	0
ALDEx2_wi	500	200	5	0	0.028605556
Corncob	500	200	5	0	0.040222222
DACOMP	500	200	5	0	0.018872222
DESeq2	500	200	5	0	0.059244444
fastANCOM	500	200	5	0	0.027805556
LEfSe	500	200	5	0	0.04985
limma_voom	500	200	5	0	0.040205556
LinDA	500	200	5	0	0.037161111
MaAsLin2	500	200	5	0	0.051111111
Wilcox	500	200	5	0	0.045944444
ZicoSeq	500	200	5	0	0.000222222
ALDEx2_wi	100	2000	1	0	0
Corncob	100	2000	1	0	5.56E-05
DACOMP	100	2000	1	0	0
DESeq2	100	2000	1	0.000325	0.112366667
fastANCOM	100	2000	1	0	0
LEfSe	100	2000	1	0	1.12E-05
limma_voom	100	2000	1	0.036875	0.076427778
LinDA	100	2000	1	0	5.56E-06
MaAsLin2	100	2000	1	0	1.13E-05
Wilcox	100	2000	1	0	5.56E-06
ZicoSeq	100	2000	1	0	0
ALDEx2_wi	100	2000	10	0.01005	0.020205556
Corncob	100	2000	10	0.014975	0.029905556
DACOMP	100	2000	10	0.0192	0.0366
DESeq2	100	2000	10	0.02135	0.170811111
fastANCOM	100	2000	10	0.0865	0.175572222
LEfSe	100	2000	10	0.020725	0.041316667
limma_voom	100	2000	10	0.51045	1.031583333
LinDA	100	2000	10	0.020925	0.041044444
MaAsLin2	100	2000	10	0.02115	0.041605556
Wilcox	100	2000	10	0.017225	0.034383333
ZicoSeq	100	2000	10	0	0
ALDEx2_wi	100	2000	2	0.00085	0.00235
Corncob	100	2000	2	0.000925	0.002438889
DACOMP	100	2000	2	0.000275	0.00075
DESeq2	100	2000	2	0.003875	0.123716667
fastANCOM	100	2000	2	0.00105	0.002788889
LEfSe	100	2000	2	0.001275	0.003366667
limma_voom	100	2000	2	0.06525	0.133816667
LinDA	100	2000	2	0.001025	0.00265
MaAsLin2	100	2000	2	0.001030151	0.002763819
Wilcox	100	2000	2	0.00105	0.002583333
ZicoSeq	100	2000	2	0	0
ALDEx2_wi	100	2000	5	0.005275	0.0112
Corncob	100	2000	5	0.00665	0.013555556
DACOMP	100	2000	5	0.010825	0.021444444
DESeq2	100	2000	5	0.015875	0.15085
fastANCOM	100	2000	5	0.014875	0.031272222
LEfSe	100	2000	5	0.009075	0.017777778
limma_voom	100	2000	5	0.2	0.402733333
LinDA	100	2000	5	0.01035	0.020355556
MaAsLin2	100	2000	5	0.01	0.02035
Wilcox	100	2000	5	0.00805	0.0159
ZicoSeq	100	2000	5	0	0
ALDEx2_wi	20	2000	1	0	0
Corncob	20	2000	1	7.50E-05	1.00E-04
DACOMP	20	2000	1	0	0
DESeq2	20	2000	1	0.00015	0.739977778
fastANCOM	20	2000	1	0	5.56E-06
LEfSe	20	2000	1	0	0
limma_voom	20	2000	1	0.06035	0.121683333
LinDA	20	2000	1	2.50E-05	5.56E-06
MaAsLin2	20	2000	1	2.51E-05	2.79E-05
Wilcox	20	2000	1	0	0
ZicoSeq	20	2000	1	0	0
ALDEx2_wi	20	2000	10	0.001225	0.002694444
Corncob	20	2000	10	0.001875	0.004011111
DACOMP	20	2000	10	0.000125	0.000238889
DESeq2	20	2000	10	0.0069	0.808866667
fastANCOM	20	2000	10	0.0238	0.048694444
LEfSe	20	2000	10	0.00025	0.000322222
limma_voom	20	2000	10	0.22405	0.450761111
LinDA	20	2000	10	0.0021	0.004222222
MaAsLin2	20	2000	10	0.00245	0.00505
Wilcox	20	2000	10	0.000175	0.000283333
ZicoSeq	20	2000	10	0	0
ALDEx2_wi	20	2000	2	0	2.22E-05
Corncob	20	2000	2	1.00E-04	0.000144444
DACOMP	20	2000	2	0	0
DESeq2	20	2000	2	0.000575	0.746161111
fastANCOM	20	2000	2	0.0043	0.008855556
LEfSe	20	2000	2	0	0
limma_voom	20	2000	2	0.0629	0.126561111
LinDA	20	2000	2	0	1.67E-05
MaAsLin2	20	2000	2	2.51E-05	4.47E-05
Wilcox	20	2000	2	0	1.11E-05
ZicoSeq	20	2000	2	0	0
ALDEx2_wi	20	2000	5	0.000375	0.000816667
Corncob	20	2000	5	8.00E-04	0.001777778
DACOMP	20	2000	5	0	0
DESeq2	20	2000	5	0.0043	0.772083333
fastANCOM	20	2000	5	0.007	0.014172222
LEfSe	20	2000	5	0	0
limma_voom	20	2000	5	0.0762	0.15465
LinDA	20	2000	5	0.000675	0.001405556
MaAsLin2	20	2000	5	0.000959596	0.001975309
Wilcox	20	2000	5	1.00E-04	0.000105556
ZicoSeq	20	2000	5	0	0
ALDEx2_wi	200	2000	1	0	5.56E-06
Corncob	200	2000	1	2.50E-05	1.67E-05
DACOMP	200	2000	1	0	0
DESeq2	200	2000	1	0.000575	0.0191
fastANCOM	200	2000	1	5.00E-05	1.67E-05
LEfSe	200	2000	1	2.67E-05	2.38E-05
limma_voom	200	2000	1	0.049025	0.099888889
LinDA	200	2000	1	2.50E-05	1.11E-05
MaAsLin2	200	2000	1	2.51E-05	3.35E-05
Wilcox	200	2000	1	2.50E-05	1.11E-05
ZicoSeq	200	2000	1	0	0
ALDEx2_wi	200	2000	10	0.0213	0.0421
Corncob	200	2000	10	0.0322	0.063466667
DACOMP	200	2000	10	0.037025	0.073327778
DESeq2	200	2000	10	0.036275	0.096294444
fastANCOM	200	2000	10	0.170025	0.338038889
LEfSe	200	2000	10	0.0511	0.098483333
limma_voom	200	2000	10	0.652	1.308388889
LinDA	200	2000	10	0.052675	0.103766667
MaAsLin2	200	2000	10	0.051575	0.101966667
Wilcox	200	2000	10	0.0449	0.087711111
ZicoSeq	200	2000	10	0.000225	0.000294444
ALDEx2_wi	200	2000	2	0.00315	0.006077778
Corncob	200	2000	2	0.003375	0.006061111
DACOMP	200	2000	2	0.00395	0.007705556
DESeq2	200	2000	2	0.00915	0.03655
fastANCOM	200	2000	2	0.0048	0.008777778
LEfSe	200	2000	2	0.004775	0.008277778
limma_voom	200	2000	2	0.073	0.150961111
LinDA	200	2000	2	0.00465	0.008433333
MaAsLin2	200	2000	2	0.004822335	0.008505358
Wilcox	200	2000	2	0.0044	0.007611111
ZicoSeq	200	2000	2	0	0
ALDEx2_wi	200	2000	5	0.010325	0.020122222
Corncob	200	2000	5	0.0144	0.029044444
DACOMP	200	2000	5	0.021225	0.042366667
DESeq2	200	2000	5	0.02365	0.066244444
fastANCOM	200	2000	5	0.0465	0.091783333
LEfSe	200	2000	5	0.02045	0.041166667
limma_voom	200	2000	5	0.280425	0.562222222
LinDA	200	2000	5	0.0226	0.045166667
MaAsLin2	200	2000	5	0.022969543	0.045188945
Wilcox	200	2000	5	0.01765	0.035761111
ZicoSeq	200	2000	5	0	0
ALDEx2_wi	300	2000	1	0	0
Corncob	300	2000	1	2.50E-05	0
DACOMP	300	2000	1	0	0
DESeq2	300	2000	1	5.00E-04	0.004566667
fastANCOM	300	2000	1	0	0
LEfSe	300	2000	1	0.000136612	0.000139648
limma_voom	300	2000	1	0.039675	0.079138889
LinDA	300	2000	1	2.50E-05	0
MaAsLin2	300	2000	1	0	0
Wilcox	300	2000	1	2.50E-05	0
ZicoSeq	300	2000	1	0	0
ALDEx2_wi	300	2000	10	0.03005	0.06175
Corncob	300	2000	10	0.0518	0.1038
DACOMP	300	2000	10	0.04735	0.097344444
DESeq2	300	2000	10	0.053275	0.113555556
fastANCOM	300	2000	10	0.199625	0.408261111
LEfSe	300	2000	10	0.079	0.158816667
limma_voom	300	2000	10	0.706	1.427422222
LinDA	300	2000	10	0.08375	0.167688889
MaAsLin2	300	2000	10	0.08861809	0.179369068
Wilcox	300	2000	10	0.07175	0.144866667
ZicoSeq	300	2000	10	4.00E-04	0.001016667
ALDEx2_wi	300	2000	2	0.004625	0.008288889
Corncob	300	2000	2	0.004925	0.009127778
DACOMP	300	2000	2	0.008175	0.014622222
DESeq2	300	2000	2	0.012425	0.029327778
fastANCOM	300	2000	2	0.0074	0.013905556
LEfSe	300	2000	2	0.0067	0.012822222
limma_voom	300	2000	2	0.082575	0.163038889
LinDA	300	2000	2	0.0073	0.013872222
MaAsLin2	300	2000	2	0.007325	0.014016667
Wilcox	300	2000	2	0.00595	0.011155556
ZicoSeq	300	2000	2	7.50E-05	0.000338889
ALDEx2_wi	300	2000	5	0.0128	0.027738889
Corncob	300	2000	5	0.0207	0.0443
DACOMP	300	2000	5	0.02635	0.055011111
DESeq2	300	2000	5	0.03095	0.068105556
fastANCOM	300	2000	5	0.0713	0.141594444
LEfSe	300	2000	5	0.03165	0.067011111
limma_voom	300	2000	5	0.3441	0.6949
LinDA	300	2000	5	0.03555	0.071744444
MaAsLin2	300	2000	5	0.037311558	0.075488554
Wilcox	300	2000	5	0.0278	0.058233333
ZicoSeq	300	2000	5	0.000125	0.000305556
ALDEx2_wi	50	2000	1	0	0
Corncob	50	2000	1	2.50E-05	2.22E-05
DACOMP	50	2000	1	0	0
DESeq2	50	2000	1	1.00E-04	0.1491
fastANCOM	50	2000	1	2.50E-05	5.56E-06
LEfSe	50	2000	1	2.50E-05	5.56E-06
limma_voom	50	2000	1	0.05105	0.102483333
LinDA	50	2000	1	2.50E-05	3.33E-05
MaAsLin2	50	2000	1	2.50E-05	1.11E-05
Wilcox	50	2000	1	2.50E-05	5.56E-06
ZicoSeq	50	2000	1	0	0
ALDEx2_wi	50	2000	10	0.004625	0.010433333
Corncob	50	2000	10	0.005725	0.012688889
DACOMP	50	2000	10	0.00655	0.013711111
DESeq2	50	2000	10	0.0135	0.214488889
fastANCOM	50	2000	10	0.040275	0.083283333
LEfSe	50	2000	10	0.006725	0.014416667
limma_voom	50	2000	10	0.3278	0.660583333
LinDA	50	2000	10	0.008	0.016777778
MaAsLin2	50	2000	10	0.008275	0.017094444
Wilcox	50	2000	10	0.006175	0.013116667
ZicoSeq	50	2000	10	0	0
ALDEx2_wi	50	2000	2	3.00E-04	0.00045
Corncob	50	2000	2	0.00045	0.000711111
DACOMP	50	2000	2	0	0
DESeq2	50	2000	2	0.001325	0.152316667
fastANCOM	50	2000	2	0.000325	5.00E-04
LEfSe	50	2000	2	0.00035	0.000477778
limma_voom	50	2000	2	0.050775	0.101772222
LinDA	50	2000	2	0.000325	0.00045
MaAsLin2	50	2000	2	0.000378788	0.000510662
Wilcox	50	2000	2	0.000175	0.000366667
ZicoSeq	50	2000	2	0	0
ALDEx2_wi	50	2000	5	0.003025	0.005727778
Corncob	50	2000	5	0.002725	0.005427778
DACOMP	50	2000	5	0.001375	0.002505556
DESeq2	50	2000	5	0.009275	0.181333333
fastANCOM	50	2000	5	0.006475	0.012605556
LEfSe	50	2000	5	0.0035	0.006561111
limma_voom	50	2000	5	0.10325	0.208244444
LinDA	50	2000	5	0.0044	0.008066667
MaAsLin2	50	2000	5	0.004343434	0.008445567
Wilcox	50	2000	5	0.003	0.005988889
ZicoSeq	50	2000	5	0	0
ALDEx2_wi	500	2000	1	0	0
Corncob	500	2000	1	0	1.11E-05
DACOMP	500	2000	1	0	0
DESeq2	500	2000	1	0.000825	0.001444444
fastANCOM	500	2000	1	0	5.56E-06
LEfSe	500	2000	1	0	7.58E-05
limma_voom	500	2000	1	0.057725	0.113005556
LinDA	500	2000	1	0	2.78E-05
MaAsLin2	500	2000	1	0	1.12E-05
Wilcox	500	2000	1	0	3.33E-05
ZicoSeq	500	2000	1	0	0
ALDEx2_wi	500	2000	10	0.0431	0.090761111
Corncob	500	2000	10	0.08845	0.181833333
DACOMP	500	2000	10	0.062875	0.126366667
DESeq2	500	2000	10	0.07925	0.162177778
fastANCOM	500	2000	10	0.273225	0.558927778
LEfSe	500	2000	10	0.123675	0.250183333
limma_voom	500	2000	10	0.78345	1.572788889
LinDA	500	2000	10	0.122675	0.248583333
MaAsLin2	500	2000	10	0.15625	0.316472222
Wilcox	500	2000	10	0.118075	0.238844444
ZicoSeq	500	2000	10	3.00E-04	0.000727778
ALDEx2_wi	500	2000	2	0.006725	0.01245
Corncob	500	2000	2	0.008425	0.016072222
DACOMP	500	2000	2	0.012175	0.024272222
DESeq2	500	2000	2	0.0175	0.036205556
fastANCOM	500	2000	2	0.01435	0.02755
LEfSe	500	2000	2	0.01065	0.02145
limma_voom	500	2000	2	0.118075	0.236305556
LinDA	500	2000	2	0.012475	0.024377778
MaAsLin2	500	2000	2	0.013625	0.026616667
Wilcox	500	2000	2	0.0098	0.019277778
ZicoSeq	500	2000	2	0	0
ALDEx2_wi	500	2000	5	0.0223	0.044
Corncob	500	2000	5	0.04165	0.082205556
DACOMP	500	2000	5	0.03795	0.073444444
DESeq2	500	2000	5	0.049275	0.098216667
fastANCOM	500	2000	5	0.134325	0.268411111
LEfSe	500	2000	5	0.05885	0.11815
limma_voom	500	2000	5	0.415625	0.832455556
LinDA	500	2000	5	0.061175	0.121061111
MaAsLin2	500	2000	5	0.073819095	0.1446622
Wilcox	500	2000	5	0.05375	0.108527778
ZicoSeq	500	2000	5	0	0
ALDEx2_wi	100	300	1	0	0
Corncob	100	300	1	0	1.11E-05
DACOMP	100	300	1	0	0
DESeq2	100	300	1	0.002666667	0.000827778
fastANCOM	100	300	1	0	5.56E-06
LEfSe	100	300	1	0	0.000115741
limma_voom	100	300	1	0.0125	0.003344444
LinDA	100	300	1	0.000166667	1.67E-05
MaAsLin2	100	300	1	0	5.56E-06
Wilcox	100	300	1	0	1.11E-05
ZicoSeq	100	300	1	0	0
ALDEx2_wi	100	300	10	0.035333333	0.010961111
Corncob	100	300	10	0.051333333	0.015322222
DACOMP	100	300	10	0.051333333	0.014772222
DESeq2	100	300	10	0.092166667	0.026905556
fastANCOM	100	300	10	0.060666667	0.018477778
LEfSe	100	300	10	0.077333333	0.022305556
limma_voom	100	300	10	0.194833333	0.059988889
LinDA	100	300	10	0.087166667	0.025122222
MaAsLin2	100	300	10	0.0845	0.024466667
Wilcox	100	300	10	0.0685	0.020133333
ZicoSeq	100	300	10	0	0
ALDEx2_wi	100	300	2	0.003833333	0.001372222
Corncob	100	300	2	0.0045	0.001305556
DACOMP	100	300	2	0.005666667	0.001966667
DESeq2	100	300	2	0.0225	0.00695
fastANCOM	100	300	2	0.002333333	0.001105556
LEfSe	100	300	2	0.007	0.002377778
limma_voom	100	300	2	0.021166667	0.006555556
LinDA	100	300	2	0.0055	0.00165
MaAsLin2	100	300	2	0.005166667	0.001722222
Wilcox	100	300	2	0.004833333	0.001622222
ZicoSeq	100	300	2	0	0
ALDEx2_wi	100	300	5	0.017833333	0.006211111
Corncob	100	300	5	0.0195	0.006638889
DACOMP	100	300	5	0.029666667	0.010438889
DESeq2	100	300	5	0.060333333	0.020011111
fastANCOM	100	300	5	0.025166667	0.008905556
LEfSe	100	300	5	0.031166667	0.009877778
limma_voom	100	300	5	0.090333333	0.030561111
LinDA	100	300	5	0.035833333	0.012355556
MaAsLin2	100	300	5	0.035	0.01165
Wilcox	100	300	5	0.030333333	0.009511111
ZicoSeq	100	300	5	0.000166667	0.000166667
ALDEx2_wi	20	300	1	0	1.11E-05
Corncob	20	300	1	0	5.56E-05
DACOMP	20	300	1	0	0
DESeq2	20	300	1	0.003166667	0.010966667
fastANCOM	20	300	1	0	0
LEfSe	20	300	1	0	0
limma_voom	20	300	1	0.008666667	0.002822222
LinDA	20	300	1	0	3.89E-05
MaAsLin2	20	300	1	0	5.58E-05
Wilcox	20	300	1	0	5.56E-06
ZicoSeq	20	300	1	0	0
ALDEx2_wi	20	300	10	0.008333333	0.001616667
Corncob	20	300	10	0.0095	0.002272222
DACOMP	20	300	10	0.004666667	0.001144444
DESeq2	20	300	10	0.033	0.0208
fastANCOM	20	300	10	0.01	0.00225
LEfSe	20	300	10	0.005333333	0.001077778
limma_voom	20	300	10	0.062833333	0.018055556
LinDA	20	300	10	0.0115	0.002905556
MaAsLin2	20	300	10	0.012833333	0.002922222
Wilcox	20	300	10	0.0045	0.000844444
ZicoSeq	20	300	10	0	0
ALDEx2_wi	20	300	2	0	2.78E-05
Corncob	20	300	2	0.000333333	0.000161111
DACOMP	20	300	2	0	0
DESeq2	20	300	2	0.004333333	0.011488889
fastANCOM	20	300	2	0	1.11E-05
LEfSe	20	300	2	0	2.22E-05
limma_voom	20	300	2	0.004	0.001433333
LinDA	20	300	2	0.000166667	8.89E-05
MaAsLin2	20	300	2	0.000335008	6.70E-05
Wilcox	20	300	2	0	1.67E-05
ZicoSeq	20	300	2	0	0
ALDEx2_wi	20	300	5	0.003333333	0.000622222
Corncob	20	300	5	0.005166667	0.001094444
DACOMP	20	300	5	0.000166667	0.00015
DESeq2	20	300	5	0.020166667	0.016605556
fastANCOM	20	300	5	0.003	0.000694444
LEfSe	20	300	5	0.002166667	0.000311111
limma_voom	20	300	5	0.019833333	0.006955556
LinDA	20	300	5	0.004166667	0.0011
MaAsLin2	20	300	5	0.004666667	0.001327778
Wilcox	20	300	5	0.002	0.000288889
ZicoSeq	20	300	5	0	0
ALDEx2_wi	200	300	1	0.000166667	1.11E-05
Corncob	200	300	1	0.000166667	2.78E-05
DACOMP	200	300	1	0	0
DESeq2	200	300	1	0.007	0.001505556
fastANCOM	200	300	1	0.000166667	5.56E-06
LEfSe	200	300	1	0.000343643	0.000154639
limma_voom	200	300	1	0.011	0.003705556
LinDA	200	300	1	0.000166667	0.000111111
MaAsLin2	200	300	1	0.000167504	7.82E-05
Wilcox	200	300	1	0.000166667	8.89E-05
ZicoSeq	200	300	1	0	0
ALDEx2_wi	200	300	10	0.079833333	0.024444444
Corncob	200	300	10	0.1185	0.03825
DACOMP	200	300	10	0.056333333	0.019338889
DESeq2	200	300	10	0.148333333	0.04855
fastANCOM	200	300	10	0.132333333	0.044177778
LEfSe	200	300	10	0.1545	0.049783333
limma_voom	200	300	10	0.292833333	0.094194444
LinDA	200	300	10	0.154666667	0.050355556
MaAsLin2	200	300	10	0.1775	0.057388889
Wilcox	200	300	10	0.147666667	0.047061111
ZicoSeq	200	300	10	0.000833333	0.00015
ALDEx2_wi	200	300	2	0.011	0.003627778
Corncob	200	300	2	0.01	0.0033
DACOMP	200	300	2	0.016666667	0.005222222
DESeq2	200	300	2	0.039	0.011966667
fastANCOM	200	300	2	0.010333333	0.003622222
LEfSe	200	300	2	0.0165	0.004983333
limma_voom	200	300	2	0.043833333	0.0132
LinDA	200	300	2	0.016333333	0.005288889
MaAsLin2	200	300	2	0.016333333	0.004888889
Wilcox	200	300	2	0.015	0.004538889
ZicoSeq	200	300	2	0	0
ALDEx2_wi	200	300	5	0.036666667	0.011133333
Corncob	200	300	5	0.052	0.0154
DACOMP	200	300	5	0.050166667	0.01515
DESeq2	200	300	5	0.097	0.029938889
fastANCOM	200	300	5	0.058333333	0.01785
LEfSe	200	300	5	0.0695	0.021594444
limma_voom	200	300	5	0.138833333	0.041466667
LinDA	200	300	5	0.0855	0.025133333
MaAsLin2	200	300	5	0.083666667	0.025383333
Wilcox	200	300	5	0.063833333	0.019783333
ZicoSeq	200	300	5	0	0
ALDEx2_wi	300	300	1	0	0
Corncob	300	300	1	0	2.22E-05
DACOMP	300	300	1	0.000333333	5.00E-05
DESeq2	300	300	1	0.005166667	0.001483333
fastANCOM	300	300	1	0	0
LEfSe	300	300	1	0.000169205	5.64E-05
limma_voom	300	300	1	0.015166667	0.004461111
LinDA	300	300	1	0.001	1.00E-04
MaAsLin2	300	300	1	0.000166667	3.33E-05
Wilcox	300	300	1	0.000166667	8.89E-05
ZicoSeq	300	300	1	0	0
ALDEx2_wi	300	300	10	0.1055	0.032394444
Corncob	300	300	10	0.172	0.052
DACOMP	300	300	10	0.062333333	0.019288889
DESeq2	300	300	10	0.196666667	0.061222222
fastANCOM	300	300	10	0.191	0.057122222
LEfSe	300	300	10	0.2095	0.063594444
limma_voom	300	300	10	0.3485	0.105588889
LinDA	300	300	10	0.192833333	0.059338889
MaAsLin2	300	300	10	0.2435	0.0741
Wilcox	300	300	10	0.203	0.060933333
ZicoSeq	300	300	10	0	0
ALDEx2_wi	300	300	2	0.014833333	0.004783333
Corncob	300	300	2	0.016	0.00505
DACOMP	300	300	2	0.027833333	0.008366667
DESeq2	300	300	2	0.053333333	0.016027778
fastANCOM	300	300	2	0.018	0.005683333
LEfSe	300	300	2	0.023	0.007122222
limma_voom	300	300	2	0.048	0.015433333
LinDA	300	300	2	0.027166667	0.008444444
MaAsLin2	300	300	2	0.025166667	0.007755556
Wilcox	300	300	2	0.021166667	0.006505556
ZicoSeq	300	300	2	0	0
ALDEx2_wi	300	300	5	0.059166667	0.016583333
Corncob	300	300	5	0.0875	0.025816667
DACOMP	300	300	5	0.056666667	0.016766667
DESeq2	300	300	5	0.134833333	0.041866667
fastANCOM	300	300	5	0.092333333	0.028105556
LEfSe	300	300	5	0.1115	0.033538889
limma_voom	300	300	5	0.181166667	0.056172222
LinDA	300	300	5	0.118	0.035988889
MaAsLin2	300	300	5	0.127166667	0.039183333
Wilcox	300	300	5	0.1045	0.031444444
ZicoSeq	300	300	5	0	0
ALDEx2_wi	50	300	1	0	0
Corncob	50	300	1	0.000166667	2.22E-05
DACOMP	50	300	1	0	0
DESeq2	50	300	1	0.0035	0.000822222
fastANCOM	50	300	1	0	0
LEfSe	50	300	1	0.001020408	0.000147392
limma_voom	50	300	1	0.006	0.002205556
LinDA	50	300	1	0.000166667	6.67E-05
MaAsLin2	50	300	1	0.000167504	2.23E-05
Wilcox	50	300	1	0.000166667	5.56E-06
ZicoSeq	50	300	1	0	0
ALDEx2_wi	50	300	10	0.020833333	0.00595
Corncob	50	300	10	0.021833333	0.006483333
DACOMP	50	300	10	0.029166667	0.008361111
DESeq2	50	300	10	0.064333333	0.018733333
fastANCOM	50	300	10	0.029333333	0.008288889
LEfSe	50	300	10	0.031666667	0.009344444
limma_voom	50	300	10	0.123166667	0.038555556
LinDA	50	300	10	0.037	0.011
MaAsLin2	50	300	10	0.036333333	0.010561111
Wilcox	50	300	10	0.028	0.008433333
ZicoSeq	50	300	10	0	0
ALDEx2_wi	50	300	2	0.001666667	0.00035
Corncob	50	300	2	0.001666667	0.000411111
DACOMP	50	300	2	0.000333333	0.000116667
DESeq2	50	300	2	0.010833333	0.002872222
fastANCOM	50	300	2	0.001	0.000183333
LEfSe	50	300	2	0.002368866	0.000468133
limma_voom	50	300	2	0.010166667	0.004055556
LinDA	50	300	2	0.001666667	0.000438889
MaAsLin2	50	300	2	0.001333333	0.000494444
Wilcox	50	300	2	0.001333333	0.00035
ZicoSeq	50	300	2	0	0
ALDEx2_wi	50	300	5	0.013833333	0.003655556
Corncob	50	300	5	0.012	0.003022222
DACOMP	50	300	5	0.016666667	0.004205556
DESeq2	50	300	5	0.042333333	0.012588889
fastANCOM	50	300	5	0.0155	0.004194444
LEfSe	50	300	5	0.017833333	0.004616667
limma_voom	50	300	5	0.056833333	0.016394444
LinDA	50	300	5	0.02	0.005322222
MaAsLin2	50	300	5	0.019666667	0.005161111
Wilcox	50	300	5	0.015833333	0.004166667
ZicoSeq	50	300	5	0	0
ALDEx2_wi	500	300	1	0	0
Corncob	500	300	1	0	5.00E-05
DACOMP	500	300	1	0	2.22E-05
DESeq2	500	300	1	0.005166667	0.001638889
fastANCOM	500	300	1	0	0
LEfSe	500	300	1	0.000167504	3.35E-05
limma_voom	500	300	1	0.011	0.003316667
LinDA	500	300	1	0.000166667	8.89E-05
MaAsLin2	500	300	1	0.000166667	3.89E-05
Wilcox	500	300	1	0.000166667	5.00E-05
ZicoSeq	500	300	1	0	0
ALDEx2_wi	500	300	10	0.1525	0.045705556
Corncob	500	300	10	0.2455	0.072988889
DACOMP	500	300	10	0.072833333	0.020022222
DESeq2	500	300	10	0.282666667	0.083177778
fastANCOM	500	300	10	0.248333333	0.076205556
LEfSe	500	300	10	0.2825	0.084944444
limma_voom	500	300	10	0.412333333	0.127716667
LinDA	500	300	10	0.2395	0.0724
MaAsLin2	500	300	10	0.331333333	0.100133333
Wilcox	500	300	10	0.271833333	0.081761111
ZicoSeq	500	300	10	5.00E-04	0.000155556
ALDEx2_wi	500	300	2	0.025666667	0.006561111
Corncob	500	300	2	0.031666667	0.008
DACOMP	500	300	2	0.0425	0.011922222
DESeq2	500	300	2	0.079	0.022955556
fastANCOM	500	300	2	0.034666667	0.009255556
LEfSe	500	300	2	0.040833333	0.010855556
limma_voom	500	300	2	0.072333333	0.022188889
LinDA	500	300	2	0.046833333	0.013444444
MaAsLin2	500	300	2	0.045333333	0.013166667
Wilcox	500	300	2	0.036333333	0.0098
ZicoSeq	500	300	2	0	0
ALDEx2_wi	500	300	5	0.084	0.024361111
Corncob	500	300	5	0.129333333	0.039127778
DACOMP	500	300	5	0.0635	0.0174
DESeq2	500	300	5	0.195166667	0.057277778
fastANCOM	500	300	5	0.132833333	0.04005
LEfSe	500	300	5	0.161666667	0.048661111
limma_voom	500	300	5	0.222833333	0.068505556
LinDA	500	300	5	0.155833333	0.046044444
MaAsLin2	500	300	5	0.182166667	0.054494444
Wilcox	500	300	5	0.150833333	0.045233333
ZicoSeq	500	300	5	0	0
ALDEx2_wi	100	400	1	0	0
Corncob	100	400	1	0	5.56E-06
DACOMP	100	400	1	0	2.78E-05
DESeq2	100	400	1	0.001375	0.000594444
fastANCOM	100	400	1	0	1.67E-05
LEfSe	100	400	1	0	0.000124777
limma_voom	100	400	1	0.008375	0.004127778
LinDA	100	400	1	0.00025	5.00E-05
MaAsLin2	100	400	1	0.000126263	3.37E-05
Wilcox	100	400	1	0	2.22E-05
ZicoSeq	100	400	1	0	0
ALDEx2_wi	100	400	10	0.036375	0.015538889
Corncob	100	400	10	0.05175	0.022005556
DACOMP	100	400	10	0.045125	0.020255556
DESeq2	100	400	10	0.084375	0.036016667
fastANCOM	100	400	10	0.059375	0.026738889
LEfSe	100	400	10	0.074875	0.032227778
limma_voom	100	400	10	0.21125	0.090161111
LinDA	100	400	10	0.08375	0.0362
MaAsLin2	100	400	10	0.08275	0.034866667
Wilcox	100	400	10	0.068375	0.029711111
ZicoSeq	100	400	10	0	0
ALDEx2_wi	100	400	2	0.0045	0.002022222
Corncob	100	400	2	0.004125	0.001927778
DACOMP	100	400	2	0.00575	0.002538889
DESeq2	100	400	2	0.021875	0.009544444
fastANCOM	100	400	2	0.0035	0.001772222
LEfSe	100	400	2	0.006532663	0.002998325
limma_voom	100	400	2	0.0335	0.014211111
LinDA	100	400	2	0.0055	0.002683333
MaAsLin2	100	400	2	0.0055	0.002588889
Wilcox	100	400	2	0.00575	0.002416667
ZicoSeq	100	400	2	0	0
ALDEx2_wi	100	400	5	0.023125	0.008538889
Corncob	100	400	5	0.025875	0.009838889
DACOMP	100	400	5	0.036125	0.013644444
DESeq2	100	400	5	0.06425	0.025255556
fastANCOM	100	400	5	0.03275	0.012083333
LEfSe	100	400	5	0.03575	0.013933333
limma_voom	100	400	5	0.12275	0.047933333
LinDA	100	400	5	0.042375	0.016488889
MaAsLin2	100	400	5	0.041708543	0.015750977
Wilcox	100	400	5	0.03375	0.012727778
ZicoSeq	100	400	5	0	0
ALDEx2_wi	20	400	1	0	0
Corncob	20	400	1	0	0.000116667
DACOMP	20	400	1	0	0
DESeq2	20	400	1	0.00225	0.015244444
fastANCOM	20	400	1	0	0
LEfSe	20	400	1	0	0
limma_voom	20	400	1	0.009875	0.003894444
LinDA	20	400	1	0.000125	2.22E-05
MaAsLin2	20	400	1	0	1.68E-05
Wilcox	20	400	1	0	0
ZicoSeq	20	400	1	0	0
ALDEx2_wi	20	400	10	0.0055	0.001877778
Corncob	20	400	10	0.006625	0.002266667
DACOMP	20	400	10	0.003625	0.001455556
DESeq2	20	400	10	0.031	0.029344444
fastANCOM	20	400	10	0.008125	0.002855556
LEfSe	20	400	10	0.002125	0.000977778
limma_voom	20	400	10	0.064625	0.028622222
LinDA	20	400	10	0.00975	0.003616667
MaAsLin2	20	400	10	0.00975	0.00365
Wilcox	20	400	10	0.002625	0.000894444
ZicoSeq	20	400	10	0	0
ALDEx2_wi	20	400	2	0	3.33E-05
Corncob	20	400	2	0.000625	0.00025
DACOMP	20	400	2	0	0
DESeq2	20	400	2	0.002625	0.016916667
fastANCOM	20	400	2	0	1.67E-05
LEfSe	20	400	2	0	0
limma_voom	20	400	2	0.010625	0.005738889
LinDA	20	400	2	0.000125	8.33E-05
MaAsLin2	20	400	2	0.000126904	0.000146644
Wilcox	20	400	2	0.000125	3.33E-05
ZicoSeq	20	400	2	0	0
ALDEx2_wi	20	400	5	0.00175	7.00E-04
Corncob	20	400	5	0.003625	0.001238889
DACOMP	20	400	5	0.000375	0.00015
DESeq2	20	400	5	0.0185	0.023555556
fastANCOM	20	400	5	0.002625	0.000877778
LEfSe	20	400	5	0.00075	0.000205556
limma_voom	20	400	5	0.03275	0.012777778
LinDA	20	400	5	0.00325	0.00135
MaAsLin2	20	400	5	0.003125	0.00135
Wilcox	20	400	5	0.000625	0.000327778
ZicoSeq	20	400	5	0	0
ALDEx2_wi	200	400	1	0	1.67E-05
Corncob	200	400	1	0	3.89E-05
DACOMP	200	400	1	0.000125	4.44E-05
DESeq2	200	400	1	0.00325	0.001305556
fastANCOM	200	400	1	0	1.67E-05
LEfSe	200	400	1	0	0.000171821
limma_voom	200	400	1	0.012875	0.005266667
LinDA	200	400	1	0.000375	1.00E-04
MaAsLin2	200	400	1	0	0.000105556
Wilcox	200	400	1	0	6.11E-05
ZicoSeq	200	400	1	0	0
ALDEx2_wi	200	400	10	0.074625	0.031016667
Corncob	200	400	10	0.1215	0.049833333
DACOMP	200	400	10	0.06	0.024983333
DESeq2	200	400	10	0.153375	0.062405556
fastANCOM	200	400	10	0.139875	0.058788889
LEfSe	200	400	10	0.15575	0.065483333
limma_voom	200	400	10	0.305625	0.126072222
LinDA	200	400	10	0.162125	0.066583333
MaAsLin2	200	400	10	0.1845	0.075527778
Wilcox	200	400	10	0.149	0.062355556
ZicoSeq	200	400	10	0	0
ALDEx2_wi	200	400	2	0.01175	0.004766667
Corncob	200	400	2	0.010125	0.004355556
DACOMP	200	400	2	0.019	0.00705
DESeq2	200	400	2	0.03775	0.015122222
fastANCOM	200	400	2	0.011375	0.004861111
LEfSe	200	400	2	0.015	0.006522222
limma_voom	200	400	2	0.04475	0.017622222
LinDA	200	400	2	0.01775	0.007061111
MaAsLin2	200	400	2	0.014949749	0.006487996
Wilcox	200	400	2	0.013375	0.005816667
ZicoSeq	200	400	2	0	0
ALDEx2_wi	200	400	5	0.037875	0.014716667
Corncob	200	400	5	0.058125	0.022122222
DACOMP	200	400	5	0.04725	0.019633333
DESeq2	200	400	5	0.098	0.040294444
fastANCOM	200	400	5	0.06475	0.025216667
LEfSe	200	400	5	0.07675	0.029755556
limma_voom	200	400	5	0.15225	0.062866667
LinDA	200	400	5	0.088125	0.035527778
MaAsLin2	200	400	5	0.089	0.035488889
Wilcox	200	400	5	0.069625	0.027022222
ZicoSeq	200	400	5	0.000375	0.000216667
ALDEx2_wi	300	400	1	0	0
Corncob	300	400	1	0	2.78E-05
DACOMP	300	400	1	0.000125	3.33E-05
DESeq2	300	400	1	0.0035	0.001183333
fastANCOM	300	400	1	0.000125	0
LEfSe	300	400	1	0.000257732	0.00013173
limma_voom	300	400	1	0.01025	0.00405
LinDA	300	400	1	0	6.11E-05
MaAsLin2	300	400	1	0	4.44E-05
Wilcox	300	400	1	0	4.44E-05
ZicoSeq	300	400	1	0	0
ALDEx2_wi	300	400	10	0.1045	0.042311111
Corncob	300	400	10	0.176375	0.071422222
DACOMP	300	400	10	0.064	0.025911111
DESeq2	300	400	10	0.199375	0.079811111
fastANCOM	300	400	10	0.1945	0.079933333
LEfSe	300	400	10	0.21225	0.086455556
limma_voom	300	400	10	0.366375	0.154772222
LinDA	300	400	10	0.195125	0.080188889
MaAsLin2	300	400	10	0.243	0.099688889
Wilcox	300	400	10	0.202875	0.082116667
ZicoSeq	300	400	10	0.000625	0.000238889
ALDEx2_wi	300	400	2	0.014875	0.006544444
Corncob	300	400	2	0.015875	0.007022222
DACOMP	300	400	2	0.02275	0.009911111
DESeq2	300	400	2	0.04725	0.020944444
fastANCOM	300	400	2	0.017875	0.008038889
LEfSe	300	400	2	0.02125	0.009472222
limma_voom	300	400	2	0.05025	0.022716667
LinDA	300	400	2	0.026125	0.01175
MaAsLin2	300	400	2	0.024375	0.010988889
Wilcox	300	400	2	0.0205	0.008927778
ZicoSeq	300	400	2	0	0
ALDEx2_wi	300	400	5	0.05025	0.020127778
Corncob	300	400	5	0.084	0.033444444
DACOMP	300	400	5	0.054625	0.021366667
DESeq2	300	400	5	0.13	0.053438889
fastANCOM	300	400	5	0.0825	0.034933333
LEfSe	300	400	5	0.110375	0.043761111
limma_voom	300	400	5	0.18175	0.074833333
LinDA	300	400	5	0.11175	0.046027778
MaAsLin2	300	400	5	0.1235	0.050194444
Wilcox	300	400	5	0.098	0.039061111
ZicoSeq	300	400	5	0.00075	0.000205556
ALDEx2_wi	50	400	1	0	0
Corncob	50	400	1	0	2.78E-05
DACOMP	50	400	1	0	0
DESeq2	50	400	1	0.001625	0.000572222
fastANCOM	50	400	1	0	0
LEfSe	50	400	1	0.000507614	0.000129724
limma_voom	50	400	1	0.007625	0.003577778
LinDA	50	400	1	0	2.78E-05
MaAsLin2	50	400	1	0	1.68E-05
Wilcox	50	400	1	0	0
ZicoSeq	50	400	1	0	0
ALDEx2_wi	50	400	10	0.017375	0.007638889
Corncob	50	400	10	0.021125	0.008511111
DACOMP	50	400	10	0.02875	0.010938889
DESeq2	50	400	10	0.05425	0.022083333
fastANCOM	50	400	10	0.027	0.010961111
LEfSe	50	400	10	0.027375	0.01135
limma_voom	50	400	10	0.12625	0.054066667
LinDA	50	400	10	0.03275	0.013372222
MaAsLin2	50	400	10	0.031407035	0.01281407
Wilcox	50	400	10	0.025125	0.010216667
ZicoSeq	50	400	10	0	0
ALDEx2_wi	50	400	2	0.001125	0.000388889
Corncob	50	400	2	0.001375	0.000488889
DACOMP	50	400	2	0.000875	0.000216667
DESeq2	50	400	2	0.00975	0.003772222
fastANCOM	50	400	2	0.00075	0.000272222
LEfSe	50	400	2	0.001507538	0.000591848
limma_voom	50	400	2	0.01425	0.005966667
LinDA	50	400	2	0.001125	0.000555556
MaAsLin2	50	400	2	0.001125	0.000566667
Wilcox	50	400	2	0.00125	0.000355556
ZicoSeq	50	400	2	0	0
ALDEx2_wi	50	400	5	0.011	0.004533333
Corncob	50	400	5	0.009375	0.00375
DACOMP	50	400	5	0.01575	0.006122222
DESeq2	50	400	5	0.0405	0.015727778
fastANCOM	50	400	5	0.01375	0.005605556
LEfSe	50	400	5	0.01325	0.005633333
limma_voom	50	400	5	0.054625	0.022222222
LinDA	50	400	5	0.016375	0.006961111
MaAsLin2	50	400	5	0.015025253	0.006548822
Wilcox	50	400	5	0.012	0.005088889
ZicoSeq	50	400	5	0	0
ALDEx2_wi	500	400	1	0	0
Corncob	500	400	1	0.00025	4.44E-05
DACOMP	500	400	1	0	2.22E-05
DESeq2	500	400	1	0.0055	0.0024
fastANCOM	500	400	1	0	0
LEfSe	500	400	1	0.000251256	7.26E-05
limma_voom	500	400	1	0.014625	0.006127778
LinDA	500	400	1	0.00025	8.33E-05
MaAsLin2	500	400	1	0.00025	3.33E-05
Wilcox	500	400	1	0.00025	8.89E-05
ZicoSeq	500	400	1	0	0
ALDEx2_wi	500	400	10	0.148625	0.059833333
Corncob	500	400	10	0.240125	0.098172222
DACOMP	500	400	10	0.067875	0.026888889
DESeq2	500	400	10	0.267	0.108277778
fastANCOM	500	400	10	0.26075	0.104805556
LEfSe	500	400	10	0.275625	0.113622222
limma_voom	500	400	10	0.41925	0.169355556
LinDA	500	400	10	0.230625	0.096544444
MaAsLin2	500	400	10	0.32375	0.1313
Wilcox	500	400	10	0.26375	0.109455556
ZicoSeq	500	400	10	0.002	0.00075
ALDEx2_wi	500	400	2	0.021875	0.008922222
Corncob	500	400	2	0.0275	0.011122222
DACOMP	500	400	2	0.039	0.014744444
DESeq2	500	400	2	0.07425	0.030166667
fastANCOM	500	400	2	0.03325	0.012783333
LEfSe	500	400	2	0.0365	0.014894444
limma_voom	500	400	2	0.075375	0.0321
LinDA	500	400	2	0.047	0.01865
MaAsLin2	500	400	2	0.046	0.018255556
Wilcox	500	400	2	0.03425	0.0137
ZicoSeq	500	400	2	0	0
ALDEx2_wi	500	400	5	0.0825	0.032377778
Corncob	500	400	5	0.1345	0.053172222
DACOMP	500	400	5	0.060375	0.0225
DESeq2	500	400	5	0.18725	0.074511111
fastANCOM	500	400	5	0.138625	0.056394444
LEfSe	500	400	5	0.164	0.064355556
limma_voom	500	400	5	0.225875	0.094688889
LinDA	500	400	5	0.152125	0.061655556
MaAsLin2	500	400	5	0.18275	0.07195
Wilcox	500	400	5	0.154	0.060716667
ZicoSeq	500	400	5	0.000375	0.000205556
ALDEx2_wi	100	500	1	0	1.67E-05
Corncob	100	500	1	0	3.33E-05
DACOMP	100	500	1	1.00E-04	5.56E-05
DESeq2	100	500	1	0.0014	0.001138889
fastANCOM	100	500	1	0	1.11E-05
LEfSe	100	500	1	0.00043956	0.000250305
limma_voom	100	500	1	0.014	0.007572222
LinDA	100	500	1	2.00E-04	5.56E-05
MaAsLin2	100	500	1	2.00E-04	5.00E-05
Wilcox	100	500	1	0	2.22E-05
ZicoSeq	100	500	1	0	0
ALDEx2_wi	100	500	10	0.04	0.020111111
Corncob	100	500	10	0.057	0.028066667
DACOMP	100	500	10	0.0518	0.025255556
DESeq2	100	500	10	0.0895	0.043277778
fastANCOM	100	500	10	0.0712	0.035577778
LEfSe	100	500	10	0.0836	0.041161111
limma_voom	100	500	10	0.2469	0.127822222
LinDA	100	500	10	0.0915	0.044483333
MaAsLin2	100	500	10	0.0888	0.043472222
Wilcox	100	500	10	0.0761	0.037533333
ZicoSeq	100	500	10	0	0
ALDEx2_wi	100	500	2	0.0072	0.002877778
Corncob	100	500	2	0.0062	0.0025
DACOMP	100	500	2	0.0066	0.00255
DESeq2	100	500	2	0.0246	0.010205556
fastANCOM	100	500	2	0.0062	0.002511111
LEfSe	100	500	2	0.0097	0.004061111
limma_voom	100	500	2	0.0378	0.016866667
LinDA	100	500	2	0.0086	0.003577778
MaAsLin2	100	500	2	0.007537688	0.003243998
Wilcox	100	500	2	0.0084	0.003183333
ZicoSeq	100	500	2	0	0
ALDEx2_wi	100	500	5	0.0213	0.010905556
Corncob	100	500	5	0.0254	0.0132
DACOMP	100	500	5	0.0356	0.017211111
DESeq2	100	500	5	0.0599	0.030066667
fastANCOM	100	500	5	0.0317	0.016438889
LEfSe	100	500	5	0.037	0.018405556
limma_voom	100	500	5	0.115	0.059294444
LinDA	100	500	5	0.0442	0.021661111
MaAsLin2	100	500	5	0.0409	0.020738889
Wilcox	100	500	5	0.0341	0.016755556
ZicoSeq	100	500	5	0	0
ALDEx2_wi	20	500	1	0	0
Corncob	20	500	1	3.00E-04	0.000133333
DACOMP	20	500	1	0	0
DESeq2	20	500	1	0.002	0.025027778
fastANCOM	20	500	1	0	0
LEfSe	20	500	1	0	0
limma_voom	20	500	1	0.0093	0.004405556
LinDA	20	500	1	0	1.11E-05
MaAsLin2	20	500	1	0	1.68E-05
Wilcox	20	500	1	0	0
ZicoSeq	20	500	1	0	0
ALDEx2_wi	20	500	10	0.0043	0.002461111
Corncob	20	500	10	0.006	0.003155556
DACOMP	20	500	10	0.0023	0.001072222
DESeq2	20	500	10	0.0276	0.041661111
fastANCOM	20	500	10	0.0066	0.0038
LEfSe	20	500	10	0.0033	0.001588889
limma_voom	20	500	10	0.068	0.035611111
LinDA	20	500	10	0.0083	0.004633333
MaAsLin2	20	500	10	0.007537688	0.004617532
Wilcox	20	500	10	0.0031	0.001322222
ZicoSeq	20	500	10	0	0
ALDEx2_wi	20	500	2	1.00E-04	2.78E-05
Corncob	20	500	2	0.001	0.00025
DACOMP	20	500	2	0	0
DESeq2	20	500	2	0.0022	0.0248
fastANCOM	20	500	2	1.00E-04	4.44E-05
LEfSe	20	500	2	0	0
limma_voom	20	500	2	0.0091	0.004377778
LinDA	20	500	2	3.00E-04	9.44E-05
MaAsLin2	20	500	2	0.00030303	0.00013468
Wilcox	20	500	2	0	1.67E-05
ZicoSeq	20	500	2	0	0
ALDEx2_wi	20	500	5	0.0022	0.000966667
Corncob	20	500	5	0.0036	0.001522222
DACOMP	20	500	5	7.00E-04	0.000127778
DESeq2	20	500	5	0.0195	0.033783333
fastANCOM	20	500	5	0.0028	0.001277778
LEfSe	20	500	5	8.00E-04	0.000383333
limma_voom	20	500	5	0.0311	0.014822222
LinDA	20	500	5	0.0038	0.001905556
MaAsLin2	20	500	5	0.003819095	0.001987716
Wilcox	20	500	5	5.00E-04	0.000355556
ZicoSeq	20	500	5	0	0
ALDEx2_wi	200	500	1	0	0
Corncob	200	500	1	0	1.11E-05
DACOMP	200	500	1	0	0
DESeq2	200	500	1	0.0037	0.001338889
fastANCOM	200	500	1	0	0
LEfSe	200	500	1	0.000104167	4.63E-05
limma_voom	200	500	1	0.0154	0.00675
LinDA	200	500	1	1.00E-04	4.44E-05
MaAsLin2	200	500	1	1.00E-04	2.22E-05
Wilcox	200	500	1	0	2.78E-05
ZicoSeq	200	500	1	0	0
ALDEx2_wi	200	500	10	0.0749	0.039438889
Corncob	200	500	10	0.124	0.064816667
DACOMP	200	500	10	0.0568	0.030516667
DESeq2	200	500	10	0.1382	0.072955556
fastANCOM	200	500	10	0.1411	0.076072222
LEfSe	200	500	10	0.1647	0.085805556
limma_voom	200	500	10	0.3406	0.178316667
LinDA	200	500	10	0.1629	0.085183333
MaAsLin2	200	500	10	0.1835	0.096622222
Wilcox	200	500	10	0.1569	0.081177778
ZicoSeq	200	500	10	7.00E-04	0.000216667
ALDEx2_wi	200	500	2	0.0104	0.00565
Corncob	200	500	2	0.0105	0.005283333
DACOMP	200	500	2	0.0144	0.007961111
DESeq2	200	500	2	0.0391	0.019344444
fastANCOM	200	500	2	0.0126	0.006361111
LEfSe	200	500	2	0.0156	0.007816667
limma_voom	200	500	2	0.0509	0.025861111
LinDA	200	500	2	0.0178	0.00875
MaAsLin2	200	500	2	0.0167	0.008
Wilcox	200	500	2	0.0148	0.007133333
ZicoSeq	200	500	2	0	0
ALDEx2_wi	200	500	5	0.0406	0.019177778
Corncob	200	500	5	0.0623	0.029305556
DACOMP	200	500	5	0.0498	0.024483333
DESeq2	200	500	5	0.097	0.048566667
fastANCOM	200	500	5	0.0684	0.032977778
LEfSe	200	500	5	0.0822	0.039772222
limma_voom	200	500	5	0.1662	0.08615
LinDA	200	500	5	0.0932	0.045316667
MaAsLin2	200	500	5	0.095	0.0459
Wilcox	200	500	5	0.0764	0.036272222
ZicoSeq	200	500	5	0	0
ALDEx2_wi	300	500	1	0	5.56E-06
Corncob	300	500	1	0	2.22E-05
DACOMP	300	500	1	1.00E-04	2.22E-05
DESeq2	300	500	1	0.0036	0.0017
fastANCOM	300	500	1	0	5.56E-06
LEfSe	300	500	1	0.000102564	7.98E-05
limma_voom	300	500	1	0.0148	0.007544444
LinDA	300	500	1	1.00E-04	0.000122222
MaAsLin2	300	500	1	1.00E-04	7.22E-05
Wilcox	300	500	1	1.00E-04	7.22E-05
ZicoSeq	300	500	1	0	0
ALDEx2_wi	300	500	10	0.106	0.052555556
Corncob	300	500	10	0.1919	0.094511111
DACOMP	300	500	10	0.0662	0.032333333
DESeq2	300	500	10	0.1963	0.097672222
fastANCOM	300	500	10	0.2027	0.105883333
LEfSe	300	500	10	0.2305	0.113977778
limma_voom	300	500	10	0.377	0.198005556
LinDA	300	500	10	0.2113	0.105105556
MaAsLin2	300	500	10	0.269	0.131661111
Wilcox	300	500	10	0.2175	0.107588889
ZicoSeq	300	500	10	0	0
ALDEx2_wi	300	500	2	0.0125	0.007561111
Corncob	300	500	2	0.014	0.008377778
DACOMP	300	500	2	0.0201	0.011594444
DESeq2	300	500	2	0.0499	0.026016667
fastANCOM	300	500	2	0.0169	0.009666667
LEfSe	300	500	2	0.0209	0.011522222
limma_voom	300	500	2	0.0546	0.028988889
LinDA	300	500	2	0.0266	0.014061111
MaAsLin2	300	500	2	0.0245	0.013561111
Wilcox	300	500	2	0.0191	0.010438889
ZicoSeq	300	500	2	0	0
ALDEx2_wi	300	500	5	0.0502	0.026272222
Corncob	300	500	5	0.0876	0.044611111
DACOMP	300	500	5	0.0492	0.026494444
DESeq2	300	500	5	0.1248	0.064233333
fastANCOM	300	500	5	0.0906	0.047872222
LEfSe	300	500	5	0.1104	0.056944444
limma_voom	300	500	5	0.1927	0.102794444
LinDA	300	500	5	0.1188	0.060794444
MaAsLin2	300	500	5	0.1266	0.065366667
Wilcox	300	500	5	0.1013	0.05215
ZicoSeq	300	500	5	0	0
ALDEx2_wi	50	500	1	0	0
Corncob	50	500	1	0	1.67E-05
DACOMP	50	500	1	0	0
DESeq2	50	500	1	0.0012	0.000922222
fastANCOM	50	500	1	0	1.67E-05
LEfSe	50	500	1	0.000105263	3.51E-05
limma_voom	50	500	1	0.0171	0.009161111
LinDA	50	500	1	0	7.22E-05
MaAsLin2	50	500	1	1.00E-04	6.67E-05
Wilcox	50	500	1	0	0
ZicoSeq	50	500	1	0	0
ALDEx2_wi	50	500	10	0.0179	0.00975
Corncob	50	500	10	0.0221	0.011622222
DACOMP	50	500	10	0.026	0.014805556
DESeq2	50	500	10	0.0515	0.028061111
fastANCOM	50	500	10	0.0288	0.015283333
LEfSe	50	500	10	0.0312	0.016211111
limma_voom	50	500	10	0.1624	0.085466667
LinDA	50	500	10	0.0345	0.018305556
MaAsLin2	50	500	10	0.0334	0.017783333
Wilcox	50	500	10	0.0273	0.014427778
ZicoSeq	50	500	10	0	0
ALDEx2_wi	50	500	2	0.0016	0.000572222
Corncob	50	500	2	0.0018	0.000677778
DACOMP	50	500	2	1.00E-04	8.33E-05
DESeq2	50	500	2	0.0084	0.004477778
fastANCOM	50	500	2	8.00E-04	4.00E-04
LEfSe	50	500	2	0.0019	0.000861111
limma_voom	50	500	2	0.0218	0.010788889
LinDA	50	500	2	0.002	0.000688889
MaAsLin2	50	500	2	0.001507538	0.000697934
Wilcox	50	500	2	0.0013	0.000566667
ZicoSeq	50	500	2	0	0
ALDEx2_wi	50	500	5	0.0124	0.005672222
Corncob	50	500	5	0.0113	0.005316667
DACOMP	50	500	5	0.0166	0.007766667
DESeq2	50	500	5	0.0361	0.019166667
fastANCOM	50	500	5	0.0153	0.007305556
LEfSe	50	500	5	0.0162	0.007538889
limma_voom	50	500	5	0.0687	0.0342
LinDA	50	500	5	0.0176	0.008994444
MaAsLin2	50	500	5	0.0178	0.008772222
Wilcox	50	500	5	0.0137	0.006627778
ZicoSeq	50	500	5	0	0
ALDEx2_wi	500	500	1	1.00E-04	0
Corncob	500	500	1	1.00E-04	9.44E-05
DACOMP	500	500	1	0	7.78E-05
DESeq2	500	500	1	0.004	0.002727778
fastANCOM	500	500	1	0	5.56E-06
LEfSe	500	500	1	2.00E-04	0.000188889
limma_voom	500	500	1	0.0161	0.007433333
LinDA	500	500	1	2.00E-04	0.000233333
MaAsLin2	500	500	1	0	0.000133333
Wilcox	500	500	1	1.00E-04	1.00E-04
ZicoSeq	500	500	1	0	0
ALDEx2_wi	500	500	10	0.1548	0.077761111
Corncob	500	500	10	0.2706	0.137283333
DACOMP	500	500	10	0.0727	0.034883333
DESeq2	500	500	10	0.2752	0.137438889
fastANCOM	500	500	10	0.2922	0.150527778
LEfSe	500	500	10	0.3097	0.155738889
limma_voom	500	500	10	0.4714	0.239066667
LinDA	500	500	10	0.2631	0.133327778
MaAsLin2	500	500	10	0.3626	0.183227778
Wilcox	500	500	10	0.2973	0.150077778
ZicoSeq	500	500	10	0.0012	0.000561111
ALDEx2_wi	500	500	2	0.0211	0.011327778
Corncob	500	500	2	0.0295	0.015333333
DACOMP	500	500	2	0.0321	0.017
DESeq2	500	500	2	0.0681	0.036155556
fastANCOM	500	500	2	0.0314	0.016538889
LEfSe	500	500	2	0.0375	0.019861111
limma_voom	500	500	2	0.0826	0.044288889
LinDA	500	500	2	0.0457	0.023216667
MaAsLin2	500	500	2	0.0454	0.023588889
Wilcox	500	500	2	0.0336	0.017811111
ZicoSeq	500	500	2	0	0
ALDEx2_wi	500	500	5	0.0831	0.040127778
Corncob	500	500	5	0.1404	0.068516667
DACOMP	500	500	5	0.0581	0.028444444
DESeq2	500	500	5	0.185	0.091461111
fastANCOM	500	500	5	0.1382	0.069944444
LEfSe	500	500	5	0.1683	0.082911111
limma_voom	500	500	5	0.2368	0.119427778
LinDA	500	500	5	0.1552	0.077544444
MaAsLin2	500	500	5	0.1839	0.091988889
Wilcox	500	500	5	0.1575	0.077394444
ZicoSeq	500	500	5	8.00E-04	0.000294444
ALDEx2_wi	100	800	1	0	0
Corncob	100	800	1	0	0
DACOMP	100	800	1	0	0
DESeq2	100	800	1	0.00075	0.007594444
fastANCOM	100	800	1	0	0
LEfSe	100	800	1	0	1.15E-05
limma_voom	100	800	1	0.033375	0.026366667
LinDA	100	800	1	0	1.67E-05
MaAsLin2	100	800	1	0	1.67E-05
Wilcox	100	800	1	0	5.56E-06
ZicoSeq	100	800	1	0	0
ALDEx2_wi	100	800	10	0.0164375	0.012738889
Corncob	100	800	10	0.02175	0.017216667
DACOMP	100	800	10	0.0270625	0.022355556
DESeq2	100	800	10	0.0353125	0.0374
fastANCOM	100	800	10	0.057625	0.047061111
LEfSe	100	800	10	0.0308125	0.024766667
limma_voom	100	800	10	0.381875	0.308183333
LinDA	100	800	10	0.0340625	0.02685
MaAsLin2	100	800	10	0.0325625	0.026205556
Wilcox	100	800	10	0.0264375	0.021511111
ZicoSeq	100	800	10	0	0
ALDEx2_wi	100	800	2	0.0016875	0.001388889
Corncob	100	800	2	0.001625	0.001444444
DACOMP	100	800	2	0.00125	0.001327778
DESeq2	100	800	2	0.007125	0.013538889
fastANCOM	100	800	2	0.0016875	0.001511111
LEfSe	100	800	2	0.0025	0.002211111
limma_voom	100	800	2	0.062875	0.051311111
LinDA	100	800	2	0.0019375	0.001622222
MaAsLin2	100	800	2	0.001821608	0.001781128
Wilcox	100	800	2	0.002	0.001588889
ZicoSeq	100	800	2	0	0
ALDEx2_wi	100	800	5	0.00825	0.007044444
Corncob	100	800	5	0.0095	0.007933333
DACOMP	100	800	5	0.017125	0.01335
DESeq2	100	800	5	0.0248125	0.028222222
fastANCOM	100	800	5	0.0176875	0.014111111
LEfSe	100	800	5	0.0135625	0.011383333
limma_voom	100	800	5	0.1735625	0.139511111
LinDA	100	800	5	0.016125	0.012911111
MaAsLin2	100	800	5	0.0156875	0.012588889
Wilcox	100	800	5	0.011875	0.009883333
ZicoSeq	100	800	5	0	0
ALDEx2_wi	20	800	1	6.25E-05	0
Corncob	20	800	1	0.000125	7.22E-05
DACOMP	20	800	1	0	0
DESeq2	20	800	1	0.0006875	0.163322222
fastANCOM	20	800	1	0	0
LEfSe	20	800	1	0	0
limma_voom	20	800	1	0.032875	0.025611111
LinDA	20	800	1	0	5.56E-06
MaAsLin2	20	800	1	0	5.56E-06
Wilcox	20	800	1	0	0
ZicoSeq	20	800	1	0	0
ALDEx2_wi	20	800	10	0.001875	0.001555556
Corncob	20	800	10	0.002875	0.0023
DACOMP	20	800	10	0.0008125	0.000594444
DESeq2	20	800	10	0.011	0.188877778
fastANCOM	20	800	10	0.006875	0.005133333
LEfSe	20	800	10	0.0006875	6.00E-04
limma_voom	20	800	10	0.1338125	0.106838889
LinDA	20	800	10	0.0034375	0.00265
MaAsLin2	20	800	10	0.0035	0.002888889
Wilcox	20	800	10	0.000375	0.000405556
ZicoSeq	20	800	10	0	0
ALDEx2_wi	20	800	2	6.25E-05	1.11E-05
Corncob	20	800	2	0.00025	0.000177778
DACOMP	20	800	2	0	0
DESeq2	20	800	2	0.0011875	0.165155556
fastANCOM	20	800	2	0	1.67E-05
LEfSe	20	800	2	0	0
limma_voom	20	800	2	0.039125	0.031111111
LinDA	20	800	2	6.25E-05	1.67E-05
MaAsLin2	20	800	2	0	3.89E-05
Wilcox	20	800	2	6.25E-05	5.56E-06
ZicoSeq	20	800	2	0	0
ALDEx2_wi	20	800	5	0.0009375	0.000472222
Corncob	20	800	5	0.0014375	0.000955556
DACOMP	20	800	5	6.25E-05	5.56E-05
DESeq2	20	800	5	0.00725	0.175794444
fastANCOM	20	800	5	0.0008125	0.000705556
LEfSe	20	800	5	0	2.78E-05
limma_voom	20	800	5	0.0581875	0.04785
LinDA	20	800	5	0.0010625	0.000811111
MaAsLin2	20	800	5	0.00138191	0.001111111
Wilcox	20	800	5	6.25E-05	0.000116667
ZicoSeq	20	800	5	0	0
ALDEx2_wi	200	800	1	0	1.11E-05
Corncob	200	800	1	0	1.67E-05
DACOMP	200	800	1	6.25E-05	8.33E-05
DESeq2	200	800	1	0.00075	0.000977778
fastANCOM	200	800	1	0	0
LEfSe	200	800	1	0.000136612	9.71E-05
limma_voom	200	800	1	0.037625	0.029783333
LinDA	200	800	1	0	5.56E-05
MaAsLin2	200	800	1	0	2.22E-05
Wilcox	200	800	1	0	3.89E-05
ZicoSeq	200	800	1	0.0003125	0.000188889
ALDEx2_wi	200	800	10	0.027875	0.0254
Corncob	200	800	10	0.041625	0.036338889
DACOMP	200	800	10	0.0388125	0.034138889
DESeq2	200	800	10	0.055375	0.048405556
fastANCOM	200	800	10	0.1105625	0.091244444
LEfSe	200	800	10	0.0646875	0.055188889
limma_voom	200	800	10	0.470125	0.386094444
LinDA	200	800	10	0.0729375	0.06335
MaAsLin2	200	800	10	0.0718125	0.062211111
Wilcox	200	800	10	0.059	0.050683333
ZicoSeq	200	800	10	6.25E-05	0.000183333
ALDEx2_wi	200	800	2	0.0045	0.003622222
Corncob	200	800	2	0.0039375	0.003127778
DACOMP	200	800	2	0.006875	0.004861111
DESeq2	200	800	2	0.017	0.012244444
fastANCOM	200	800	2	0.00625	0.004333333
LEfSe	200	800	2	0.0069375	0.005094444
limma_voom	200	800	2	0.0601875	0.04755
LinDA	200	800	2	0.00725	0.005011111
MaAsLin2	200	800	2	0.0069375	0.004761111
Wilcox	200	800	2	0.005625	0.004322222
ZicoSeq	200	800	2	0.000125	0.000194444
ALDEx2_wi	200	800	5	0.0135	0.012583333
Corncob	200	800	5	0.0185	0.016633333
DACOMP	200	800	5	0.0235	0.0214
DESeq2	200	800	5	0.035625	0.031733333
fastANCOM	200	800	5	0.03975	0.033722222
LEfSe	200	800	5	0.027	0.02465
limma_voom	200	800	5	0.2210625	0.182666667
LinDA	200	800	5	0.0316875	0.028466667
MaAsLin2	200	800	5	0.032125	0.028555556
Wilcox	200	800	5	0.0238125	0.022011111
ZicoSeq	200	800	5	0.0001875	0.000216667
ALDEx2_wi	300	800	1	6.25E-05	0
Corncob	300	800	1	6.25E-05	0
DACOMP	300	800	1	6.25E-05	2.22E-05
DESeq2	300	800	1	0.001125	0.000972222
fastANCOM	300	800	1	6.25E-05	1.11E-05
LEfSe	300	800	1	0.000343407	0.000213675
limma_voom	300	800	1	0.0386875	0.031927778
LinDA	300	800	1	6.25E-05	3.89E-05
MaAsLin2	300	800	1	6.25E-05	1.11E-05
Wilcox	300	800	1	6.25E-05	1.11E-05
ZicoSeq	300	800	1	0	0
ALDEx2_wi	300	800	10	0.0439375	0.0357
Corncob	300	800	10	0.0701875	0.058427778
DACOMP	300	800	10	0.0504375	0.040877778
DESeq2	300	800	10	0.08275	0.067444444
fastANCOM	300	800	10	0.154125	0.124766667
LEfSe	300	800	10	0.1026875	0.083927778
limma_voom	300	800	10	0.539	0.4399
LinDA	300	800	10	0.11375	0.092494444
MaAsLin2	300	800	10	0.12725	0.102205556
Wilcox	300	800	10	0.0970625	0.078938889
ZicoSeq	300	800	10	0.0001875	0.000183333
ALDEx2_wi	300	800	2	0.0063125	0.005383333
Corncob	300	800	2	0.006375	0.005466667
DACOMP	300	800	2	0.00925	0.008444444
DESeq2	300	800	2	0.01875	0.015977778
fastANCOM	300	800	2	0.0093125	0.008016667
LEfSe	300	800	2	0.0095	0.007877778
limma_voom	300	800	2	0.061875	0.051805556
LinDA	300	800	2	0.009625	0.008522222
MaAsLin2	300	800	2	0.0095	0.008566667
Wilcox	300	800	2	0.0085	0.007138889
ZicoSeq	300	800	2	0	0
ALDEx2_wi	300	800	5	0.0215625	0.017983333
Corncob	300	800	5	0.0319375	0.026905556
DACOMP	300	800	5	0.0329375	0.0266
DESeq2	300	800	5	0.055125	0.044433333
fastANCOM	300	800	5	0.0674375	0.053611111
LEfSe	300	800	5	0.047125	0.039161111
limma_voom	300	800	5	0.2850625	0.232611111
LinDA	300	800	5	0.0575625	0.046022222
MaAsLin2	300	800	5	0.059125	0.049366667
Wilcox	300	800	5	0.04375	0.035544444
ZicoSeq	300	800	5	0	0
ALDEx2_wi	50	800	1	0	0
Corncob	50	800	1	0	5.56E-06
DACOMP	50	800	1	0	0
DESeq2	50	800	1	0.000125	0.010938889
fastANCOM	50	800	1	0	0
LEfSe	50	800	1	0	0
limma_voom	50	800	1	0.0354375	0.029883333
LinDA	50	800	1	6.25E-05	5.56E-06
MaAsLin2	50	800	1	6.25E-05	0
Wilcox	50	800	1	0	0
ZicoSeq	50	800	1	0	0
ALDEx2_wi	50	800	10	0.009375	0.006477778
Corncob	50	800	10	0.009	0.006877778
DACOMP	50	800	10	0.0138125	0.010044444
DESeq2	50	800	10	0.0235625	0.03335
fastANCOM	50	800	10	0.0191875	0.014494444
LEfSe	50	800	10	0.0126875	0.008977778
limma_voom	50	800	10	0.2375	0.193255556
LinDA	50	800	10	0.0141875	0.010688889
MaAsLin2	50	800	10	0.0141875	0.010694444
Wilcox	50	800	10	0.0110625	0.00805
ZicoSeq	50	800	10	0	0
ALDEx2_wi	50	800	2	0.0001875	0.000266667
Corncob	50	800	2	0.000375	4.00E-04
DACOMP	50	800	2	0	0
DESeq2	50	800	2	0.0029375	0.013194444
fastANCOM	50	800	2	0.00025	0.000266667
LEfSe	50	800	2	0.000375	0.000344444
limma_voom	50	800	2	0.0205625	0.016533333
LinDA	50	800	2	0.0003125	0.000305556
MaAsLin2	50	800	2	0.0001875	0.000322222
Wilcox	50	800	2	0.00025	0.000216667
ZicoSeq	50	800	2	0	0
ALDEx2_wi	50	800	5	0.0053125	0.003466667
Corncob	50	800	5	0.0046875	0.002911111
DACOMP	50	800	5	0.0054375	0.003383333
DESeq2	50	800	5	0.0161875	0.024394444
fastANCOM	50	800	5	0.007375	0.005222222
LEfSe	50	800	5	0.0061875	0.004
limma_voom	50	800	5	0.088625	0.070261111
LinDA	50	800	5	0.0070625	0.004644444
MaAsLin2	50	800	5	0.007160804	0.00467895
Wilcox	50	800	5	0.0055625	0.003622222
ZicoSeq	50	800	5	0	0
ALDEx2_wi	500	800	1	0	5.56E-06
Corncob	500	800	1	0	2.22E-05
DACOMP	500	800	1	0	0
DESeq2	500	800	1	0.0013125	0.001283333
fastANCOM	500	800	1	0	0
LEfSe	500	800	1	0	2.94E-05
limma_voom	500	800	1	0.037625	0.030383333
LinDA	500	800	1	0	3.89E-05
MaAsLin2	500	800	1	6.25E-05	6.67E-05
Wilcox	500	800	1	6.25E-05	5.00E-05
ZicoSeq	500	800	1	0	0
ALDEx2_wi	500	800	10	0.0680625	0.054277778
Corncob	500	800	10	0.1309375	0.1042
DACOMP	500	800	10	0.0635625	0.051066667
DESeq2	500	800	10	0.1318125	0.106288889
fastANCOM	500	800	10	0.2464375	0.199588889
LEfSe	500	800	10	0.160875	0.13005
limma_voom	500	800	10	0.6461875	0.5244
LinDA	500	800	10	0.172125	0.136733333
MaAsLin2	500	800	10	0.2115625	0.167733333
Wilcox	500	800	10	0.1560625	0.125305556
ZicoSeq	500	800	10	0.0003125	2.00E-04
ALDEx2_wi	500	800	2	0.008875	0.007511111
Corncob	500	800	2	0.011125	0.008816667
DACOMP	500	800	2	0.015875	0.013411111
DESeq2	500	800	2	0.029125	0.023527778
fastANCOM	500	800	2	0.0154375	0.013205556
LEfSe	500	800	2	0.014375	0.01195
limma_voom	500	800	2	0.1001875	0.082083333
LinDA	500	800	2	0.0170625	0.014638889
MaAsLin2	500	800	2	0.018375	0.015427778
Wilcox	500	800	2	0.0135	0.011161111
ZicoSeq	500	800	2	0.000125	0.000205556
ALDEx2_wi	500	800	5	0.034875	0.026588889
Corncob	500	800	5	0.0581875	0.046683333
DACOMP	500	800	5	0.0394375	0.030522222
DESeq2	500	800	5	0.0815	0.065405556
fastANCOM	500	800	5	0.1015625	0.084
LEfSe	500	800	5	0.0785	0.063016667
limma_voom	500	800	5	0.3544375	0.289233333
LinDA	500	800	5	0.0844375	0.069144444
MaAsLin2	500	800	5	0.099	0.081722222
Wilcox	500	800	5	0.0720625	0.058455556
ZicoSeq	500	800	5	0.0003125	0.000205556
edgeR	20	2000	1	3.00E-04	0.000422222
edgeR	50	2000	1	1.00E-04	0.000211111
edgeR	100	2000	1	4.00E-04	0.000516667
edgeR	200	2000	1	0.00035	0.000438889
edgeR	300	2000	1	0.00055	0.000661111
edgeR	500	2000	1	7.00E-04	0.000705556
edgeR	20	2000	2	0.00525	0.000383333
edgeR	50	2000	2	0.02015	0.000783333
edgeR	100	2000	2	0.03235	0.000877778
edgeR	200	2000	2	0.04015	0.002305556
edgeR	300	2000	2	0.03935	0.003466667
edgeR	500	2000	2	0.0391	0.005005556
edgeR	20	2000	5	0.027	0.000911111
edgeR	50	2000	5	0.03415	0.0019
edgeR	100	2000	5	0.03895	0.004072222
edgeR	200	2000	5	0.0377	0.007555556
edgeR	300	2000	5	0.0408	0.01035
edgeR	500	2000	5	0.0375	0.015327778
edgeR	20	2000	10	0.0253	0.001038889
edgeR	50	2000	10	0.0332	0.002905556
edgeR	100	2000	10	0.03775	0.006422222
edgeR	200	2000	10	0.03565	0.010066667
edgeR	300	2000	10	0.0347	0.014711111
edgeR	500	2000	10	0.03885	0.021616667
edgeR	20	1000	1	6.00E-04	0.000394737
edgeR	50	1000	1	0.0016	0.000468421
edgeR	100	1000	1	0.0011	0.000505263
edgeR	200	1000	1	0.0019	0.000605263
edgeR	300	1000	1	9.00E-04	5.00E-04
edgeR	500	1000	1	0.0014	0.000547368
edgeR	20	1000	2	0.0088	0.000578947
edgeR	50	1000	2	0.0341	0.000931579
edgeR	100	1000	2	0.0508	0.001026316
edgeR	200	1000	2	0.0649	0.001936842
edgeR	300	1000	2	0.0653	0.002810526
edgeR	500	1000	2	0.0645	0.003842105
edgeR	20	1000	5	0.0426	6.00E-04
edgeR	50	1000	5	0.0542	0.001663158
edgeR	100	1000	5	0.0606	0.0035
edgeR	200	1000	5	0.0601	0.005626316
edgeR	300	1000	5	0.065	0.008863158
edgeR	500	1000	5	0.0602	0.010636842
edgeR	20	1000	10	0.0444	0.000984211
edgeR	50	1000	10	0.0537	0.001952632
edgeR	100	1000	10	0.0589	0.004152632
edgeR	200	1000	10	0.0596	0.009136842
edgeR	300	1000	10	0.0567	0.010694737
edgeR	500	1000	10	0.0621	0.016142105
edgeR	20	500	1	0.0026	0.000364103
edgeR	50	500	1	0.0012	0.00034359
edgeR	100	500	1	0.0026	0.000425641
edgeR	200	500	1	8.00E-04	0.000512821
edgeR	300	500	1	0.0024	0.000425641
edgeR	500	500	1	0.001	0.000446154
edgeR	20	500	2	0.017	0.000389744
edgeR	50	500	2	0.073	0.000846154
edgeR	100	500	2	0.109	0.001282051
edgeR	200	500	2	0.1414	0.002025641
edgeR	300	500	2	0.1312	0.002184615
edgeR	500	500	2	0.14	0.004066667
edgeR	20	500	5	0.0922	0.000682051
edgeR	50	500	5	0.1116	0.001476923
edgeR	100	500	5	0.1272	0.003153846
edgeR	200	500	5	0.1348	0.005774359
edgeR	300	500	5	0.1298	0.008153846
edgeR	500	500	5	0.1338	0.011702564
edgeR	20	500	10	0.0912	0.000917949
edgeR	50	500	10	0.1154	0.002328205
edgeR	100	500	10	0.1256	0.004882051
edgeR	200	500	10	0.1328	0.008169231
edgeR	300	500	10	0.1252	0.01085641
edgeR	500	500	10	0.1208	0.015723077
edgeR	20	400	1	0.00175	0.000265306
edgeR	50	400	1	0.0015	0.000362245
edgeR	100	400	1	0.00225	0.000423469
edgeR	200	400	1	0.002	0.000362245
edgeR	300	400	1	0.00325	0.000540816
edgeR	500	400	1	0.00275	5.00E-04
edgeR	20	400	2	0.01425	0.000377551
edgeR	50	400	2	0.069	0.000979592
edgeR	100	400	2	0.1085	0.001346939
edgeR	200	400	2	0.14375	0.001632653
edgeR	300	400	2	0.14275	0.002311224
edgeR	500	400	2	0.15175	0.003280612
edgeR	20	400	5	0.09675	0.000688776
edgeR	50	400	5	0.12475	0.001704082
edgeR	100	400	5	0.13025	0.002566327
edgeR	200	400	5	0.141	0.004862245
edgeR	300	400	5	0.14275	0.006979592
edgeR	500	400	5	0.14075	0.010056122
edgeR	20	400	10	0.10625	0.000780612
edgeR	50	400	10	0.121	0.001923469
edgeR	100	400	10	0.13475	0.00397449
edgeR	200	400	10	0.13375	0.007341837
edgeR	300	400	10	0.139	0.010535714
edgeR	500	400	10	0.12975	0.012204082
edgeR	20	300	1	0.002333333	0.000228426
edgeR	50	300	1	0.004	0.000401015
edgeR	100	300	1	0.002333333	0.000401015
edgeR	200	300	1	0.002	0.000370558
edgeR	300	300	1	0.002	0.000401015
edgeR	500	300	1	0.004333333	0.000380711
edgeR	20	300	2	0.020666667	0.000304569
edgeR	50	300	2	0.073	0.000690355
edgeR	100	300	2	0.124333333	0.000888325
edgeR	200	300	2	0.157666667	0.00157868
edgeR	300	300	2	0.155333333	0.001624365
edgeR	500	300	2	0.168	0.00286802
edgeR	20	300	5	0.108333333	0.000583756
edgeR	50	300	5	0.135666667	0.001538071
edgeR	100	300	5	0.15	0.002086294
edgeR	200	300	5	0.156333333	0.004852792
edgeR	300	300	5	0.152333333	0.005253807
edgeR	500	300	5	0.153333333	0.007685279
edgeR	20	300	10	0.097333333	0.000548223
edgeR	50	300	10	0.124	0.001573604
edgeR	100	300	10	0.133333333	0.003005076
edgeR	200	300	10	0.138666667	0.005619289
edgeR	300	300	10	0.143	0.007228426
edgeR	500	300	10	0.145	0.009411168
edgeR	20	200	1	0.0045	0.000338384
edgeR	50	200	1	0.0035	0.00029798
edgeR	100	200	1	0.006	0.000388889
edgeR	200	200	1	0.006	0.000333333
edgeR	300	200	1	0.0045	0.000318182
edgeR	500	200	1	0.0045	0.000434343
edgeR	20	200	2	0.0275	0.00029798
edgeR	50	200	2	0.12	0.000651515
edgeR	100	200	2	0.1735	0.001085859
edgeR	200	200	2	0.2245	0.001131313
edgeR	300	200	2	0.224	0.001429293
edgeR	500	200	2	0.256	0.002934343
edgeR	20	200	5	0.156	0.000545455
edgeR	50	200	5	0.1865	0.001186869
edgeR	100	200	5	0.209	0.001787879
edgeR	200	200	5	0.234	0.003373737
edgeR	300	200	5	0.2225	0.004929293
edgeR	500	200	5	0.2185	0.006717172
edgeR	20	200	10	0.1445	0.000712121
edgeR	50	200	10	0.1735	0.001449495
edgeR	100	200	10	0.2125	0.003545455
edgeR	200	200	10	0.2095	0.005060606
edgeR	300	200	10	0.2095	0.006085859
edgeR	500	200	10	0.211	0.009191919
edgeR	20	100	1	0.001	0.000271357
edgeR	50	100	1	0.007	0.000442211
edgeR	100	100	1	0.009	0.000386935
edgeR	200	100	1	0.008	0.00040201
edgeR	300	100	1	0.011	0.000256281
edgeR	500	100	1	0.007	0.000341709
edgeR	20	100	2	0.053	0.00038191
edgeR	50	100	2	0.205	0.000778894
edgeR	100	100	2	0.375	0.000959799
edgeR	200	100	2	0.461	0.001437186
edgeR	300	100	2	0.476	0.001407035
edgeR	500	100	2	0.5	0.002135678
edgeR	20	100	5	0.274	0.000507538
edgeR	50	100	5	0.402	0.001135678
edgeR	100	100	5	0.427	0.001839196
edgeR	200	100	5	0.453	0.003376884
edgeR	300	100	5	0.471	0.00540201
edgeR	500	100	5	0.458	0.006346734
edgeR	20	100	10	0.31	0.000753769
edgeR	50	100	10	0.345	0.001623116
edgeR	100	100	10	0.405	0.002738693
edgeR	200	100	10	0.429	0.005824121
edgeR	300	100	10	0.43	0.007221106
edgeR	500	100	10	0.444	0.009517588
edgeR	20	800	1	0.000625	0.000317708
edgeR	50	800	1	0.002	0.000494792
edgeR	100	800	1	0.00225	0.000802083
edgeR	200	800	1	0.00125	0.000479167
edgeR	300	800	1	0.001	0.000567708
edgeR	500	800	1	0.000625	0.000395833
edgeR	20	800	2	0.007625	0.00040625
edgeR	50	800	2	0.032875	0.000838542
edgeR	100	800	2	0.05925	0.001046875
edgeR	200	800	2	0.066375	0.001682292
edgeR	300	800	2	0.0655	0.002015625
edgeR	500	800	2	0.07125	0.003354167
edgeR	20	800	5	0.041875	0.000661458
edgeR	50	800	5	0.054875	0.001302083
edgeR	100	800	5	0.061125	0.00228125
edgeR	200	800	5	0.062375	0.004614583
edgeR	300	800	5	0.06225	0.005963542
edgeR	500	800	5	0.071125	0.010385417
edgeR	20	800	10	0.04625	0.000786458
edgeR	50	800	10	0.05375	0.00190625
edgeR	100	800	10	0.060625	0.003583333
edgeR	200	800	10	0.063125	0.007088542
edgeR	300	800	10	0.061625	0.010041667
edgeR	500	800	10	0.06375	0.013197917
metagenomeSeq	20	800	1	0.00025	1.04E-05
metagenomeSeq	50	800	1	0.000125	3.65E-05
metagenomeSeq	100	800	1	0.000125	3.65E-05
metagenomeSeq	200	800	1	0.000125	3.65E-05
metagenomeSeq	300	800	1	0	4.78E-05
metagenomeSeq	500	800	1	0.000386598	1.07E-05
metagenomeSeq	20	800	2	0.000125	3.13E-05
metagenomeSeq	50	800	2	0.003	0
metagenomeSeq	100	800	2	0.018560606	3.68E-05
metagenomeSeq	200	800	2	0.081125	0.000296875
metagenomeSeq	300	800	2	0.142	0.000333333
metagenomeSeq	500	800	2	0.25975	0.000880208
metagenomeSeq	20	800	5	0.005625	3.13E-05
metagenomeSeq	50	800	5	0.06525	6.77E-05
metagenomeSeq	100	800	5	0.198969072	0.000655069
metagenomeSeq	200	800	5	0.403661616	0.00195181
metagenomeSeq	300	800	5	0.580670103	0.003699527
metagenomeSeq	500	800	5	0.80875	0.009859375
metagenomeSeq	20	800	10	0.027375	8.85E-05
metagenomeSeq	50	800	10	0.13325	0.000333333
metagenomeSeq	100	800	10	0.300505051	0.001367845
metagenomeSeq	200	800	10	0.591161616	0.006197391
metagenomeSeq	300	800	10	0.764668367	0.010932185
metagenomeSeq	500	800	10	0.925128866	0.022787801
metagenomeSeq	20	1000	1	3.00E-04	7.89E-05
metagenomeSeq	50	1000	1	0	4.21E-05
metagenomeSeq	100	1000	1	0	3.32E-05
metagenomeSeq	200	1000	1	0.000102041	8.06E-05
metagenomeSeq	300	1000	1	0.00010101	5.32E-05
metagenomeSeq	500	1000	1	1.00E-04	4.21E-05
metagenomeSeq	20	1000	2	3.00E-04	3.16E-05
metagenomeSeq	50	1000	2	0.0022	2.11E-05
metagenomeSeq	100	1000	2	0.020707071	9.57E-05
metagenomeSeq	200	1000	2	0.082631579	0.000288089
metagenomeSeq	300	1000	2	0.14030303	0.000632642
metagenomeSeq	500	1000	2	0.249693878	0.000891515
metagenomeSeq	20	1000	5	0.0048	4.21E-05
metagenomeSeq	50	1000	5	0.0728	0.000136842
metagenomeSeq	100	1000	5	0.184387755	0.000864662
metagenomeSeq	200	1000	5	0.391010101	0.002626263
metagenomeSeq	300	1000	5	0.5809375	0.005526316
metagenomeSeq	500	1000	5	0.794897959	0.011906552
metagenomeSeq	20	1000	10	0.0252	1.00E-04
metagenomeSeq	50	1000	10	0.1353	0.000447368
metagenomeSeq	100	1000	10	0.2936	0.001768421
metagenomeSeq	200	1000	10	0.559795918	0.007432868
metagenomeSeq	300	1000	10	0.754897959	0.015687433
metagenomeSeq	500	1000	10	0.9177	0.029847368
metagenomeSeq	20	500	1	0	2.05E-05
metagenomeSeq	50	500	1	0	1.54E-05
metagenomeSeq	100	500	1	2.00E-04	3.08E-05
metagenomeSeq	200	500	1	0.00020202	2.07E-05
metagenomeSeq	300	500	1	0.00020202	4.14E-05
metagenomeSeq	500	500	1	0	0
metagenomeSeq	20	500	2	0.0014	4.10E-05
metagenomeSeq	50	500	2	0.0078	3.08E-05
metagenomeSeq	100	500	2	0.061212121	0.00013468
metagenomeSeq	200	500	2	0.206262626	0.0003885
metagenomeSeq	300	500	2	0.300204082	0.000507588
metagenomeSeq	500	500	2	0.490909091	0.000953121
metagenomeSeq	20	500	5	0.014	0.000148718
metagenomeSeq	50	500	5	0.181	0.000364103
metagenomeSeq	100	500	5	0.431134021	0.0012424
metagenomeSeq	200	500	5	0.716767677	0.003330743
metagenomeSeq	300	500	5	0.871020408	0.005808477
metagenomeSeq	500	500	5	0.961836735	0.013474621
metagenomeSeq	20	500	10	0.0728	0.000164103
metagenomeSeq	50	500	10	0.3396	0.000702564
metagenomeSeq	100	500	10	0.6484	0.003687179
metagenomeSeq	200	500	10	0.901237113	0.009384087
metagenomeSeq	300	500	10	0.971313131	0.015120435
metagenomeSeq	500	500	10	0.994285714	0.028691784
metagenomeSeq	20	2000	1	0	5.00E-05
metagenomeSeq	50	2000	1	0	0
metagenomeSeq	100	2000	1	5.05E-05	0.00010101
metagenomeSeq	200	2000	1	0.000204082	7.94E-05
metagenomeSeq	300	2000	1	0	3.44E-05
metagenomeSeq	500	2000	1	0	2.24E-05
metagenomeSeq	20	2000	2	2.00E-04	0.000161111
metagenomeSeq	50	2000	2	0.0013	1.11E-05
metagenomeSeq	100	2000	2	0.010505051	8.98E-05
metagenomeSeq	200	2000	2	0.053112245	0.000306122
metagenomeSeq	300	2000	2	0.090204082	0.00037415
metagenomeSeq	500	2000	2	0.1721	0.001177778
metagenomeSeq	20	2000	5	0.0035	5.56E-05
metagenomeSeq	50	2000	5	0.04915	0.000166667
metagenomeSeq	100	2000	5	0.12545	0.000772222
metagenomeSeq	200	2000	5	0.258571429	0.002885488
metagenomeSeq	300	2000	5	0.412828283	0.007188552
metagenomeSeq	500	2000	5	0.643367347	0.016286848
metagenomeSeq	20	2000	10	0.01685	8.89E-05
metagenomeSeq	50	2000	10	0.09105	0.000283333
metagenomeSeq	100	2000	10	0.195257732	0.002520046
metagenomeSeq	200	2000	10	0.38325	0.008822222
metagenomeSeq	300	2000	10	0.570561224	0.018429705
metagenomeSeq	500	2000	10	0.788383838	0.040819304
metagenomeSeq	20	400	1	5.00E-04	4.59E-05
metagenomeSeq	50	400	1	0.00025	1.53E-05
metagenomeSeq	100	400	1	0	1.04E-05
metagenomeSeq	200	400	1	0	1.58E-05
metagenomeSeq	300	400	1	0	1.53E-05
metagenomeSeq	500	400	1	0	0
metagenomeSeq	20	400	2	0.00025	6.63E-05
metagenomeSeq	50	400	2	0.00625	0
metagenomeSeq	100	400	2	0.062121212	0.000185529
metagenomeSeq	200	400	2	0.1875	0.000281133
metagenomeSeq	300	400	2	0.303826531	0.000390462
metagenomeSeq	500	400	2	0.496134021	0.00097307
metagenomeSeq	20	400	5	0.01625	8.16E-05
metagenomeSeq	50	400	5	0.1905	0.00027551
metagenomeSeq	100	400	5	0.427295918	0.00093711
metagenomeSeq	200	400	5	0.728608247	0.002640438
metagenomeSeq	300	400	5	0.874489796	0.005221783
metagenomeSeq	500	400	5	0.959343434	0.010363843
metagenomeSeq	20	400	10	0.079	0.000122449
metagenomeSeq	50	400	10	0.3445	0.000571429
metagenomeSeq	100	400	10	0.672680412	0.00190932
metagenomeSeq	200	400	10	0.907989691	0.006648433
metagenomeSeq	300	400	10	0.964540816	0.011214077
metagenomeSeq	500	400	10	0.996	0.022331633
metagenomeSeq	20	300	1	0.001	3.05E-05
metagenomeSeq	50	300	1	0	1.52E-05
metagenomeSeq	100	300	1	0.000333333	2.54E-05
metagenomeSeq	200	300	1	0	0
metagenomeSeq	300	300	1	0.001041667	0.000111041
metagenomeSeq	500	300	1	0	5.23E-06
metagenomeSeq	20	300	2	0.000333333	2.03E-05
metagenomeSeq	50	300	2	0.005333333	1.02E-05
metagenomeSeq	100	300	2	0.05170068	9.32E-05
metagenomeSeq	200	300	2	0.176530612	0.000238268
metagenomeSeq	300	300	2	0.292929293	0.000282008
metagenomeSeq	500	300	2	0.46185567	0.000596578
metagenomeSeq	20	300	5	0.015666667	8.12E-05
metagenomeSeq	50	300	5	0.171333333	0.000182741
metagenomeSeq	100	300	5	0.43814433	0.000690774
metagenomeSeq	200	300	5	0.714285714	0.001890604
metagenomeSeq	300	300	5	0.865	0.00319797
metagenomeSeq	500	300	5	0.959722222	0.007270516
metagenomeSeq	20	300	10	0.086	9.14E-05
metagenomeSeq	50	300	10	0.344666667	0.000360406
metagenomeSeq	100	300	10	0.659183673	0.001584999
metagenomeSeq	200	300	10	0.908754209	0.005045378
metagenomeSeq	300	300	10	0.973958333	0.007873308
metagenomeSeq	500	300	10	0.995622896	0.016156489
metagenomeSeq	20	200	1	0.001	2.53E-05
metagenomeSeq	50	200	1	5.00E-04	2.53E-05
metagenomeSeq	100	200	1	0	1.06E-05
metagenomeSeq	200	200	1	5.00E-04	3.54E-05
metagenomeSeq	300	200	1	0	5.21E-06
metagenomeSeq	500	200	1	0.001530612	7.22E-05
metagenomeSeq	20	200	2	0.001	5.56E-05
metagenomeSeq	50	200	2	0.0105	1.01E-05
metagenomeSeq	100	200	2	0.063020833	7.37E-05
metagenomeSeq	200	200	2	0.246428571	0.000211297
metagenomeSeq	300	200	2	0.361111111	0.000239771
metagenomeSeq	500	200	2	0.582653061	0.00070604
metagenomeSeq	20	200	5	0.023	7.58E-05
metagenomeSeq	50	200	5	0.222	0.000186869
metagenomeSeq	100	200	5	0.524489796	0.000700886
metagenomeSeq	200	200	5	0.782653061	0.001767677
metagenomeSeq	300	200	5	0.875252525	0.002892562
metagenomeSeq	500	200	5	0.957575758	0.005882053
metagenomeSeq	20	200	10	0.105	0.000111111
metagenomeSeq	50	200	10	0.4415	0.000368687
metagenomeSeq	100	200	10	0.782323232	0.001530456
metagenomeSeq	200	200	10	0.9455	0.004161616
metagenomeSeq	300	200	10	0.976	0.007409091
metagenomeSeq	500	200	10	0.993814433	0.014485057
metagenomeSeq	20	100	1	0.001	5.53E-05
metagenomeSeq	50	100	1	0	3.02E-05
metagenomeSeq	100	100	1	0.001010101	1.02E-05
metagenomeSeq	200	100	1	0.001030928	1.04E-05
metagenomeSeq	300	100	1	0	3.08E-05
metagenomeSeq	500	100	1	0.001030928	4.14E-05
metagenomeSeq	20	100	2	0.002	4.02E-05
metagenomeSeq	50	100	2	0.02	3.52E-05
metagenomeSeq	100	100	2	0.164583333	0.000136097
metagenomeSeq	200	100	2	0.435353535	0.000167504
metagenomeSeq	300	100	2	0.572	0.000341709
metagenomeSeq	500	100	2	0.710526316	0.000703518
metagenomeSeq	20	100	5	0.045	5.03E-05
metagenomeSeq	50	100	5	0.358	0.000150754
metagenomeSeq	100	100	5	0.714	0.000708543
metagenomeSeq	200	100	5	0.843298969	0.001854634
metagenomeSeq	300	100	5	0.924	0.002668342
metagenomeSeq	500	100	5	0.964285714	0.006127577
metagenomeSeq	20	100	10	0.206	0.000150754
metagenomeSeq	50	100	10	0.694	0.000346734
metagenomeSeq	100	100	10	0.863636364	0.00112177
metagenomeSeq	200	100	10	0.964285714	0.004276484
metagenomeSeq	300	100	10	0.979166667	0.00678392
metagenomeSeq	500	100	10	0.994897959	0.012757666
AAMAVD	20	100	1	0.144680851	0.007163477
AAMAVD	50	100	1	0.058	0.003180905
AAMAVD	100	100	1	0.025	0.001522613
AAMAVD	200	100	1	0.011	0.000557789
AAMAVD	300	100	1	0.007	0.000437186
AAMAVD	500	100	1	0.002	0.000140704
AAMAVD	20	100	2	0.522105263	0.00604073
AAMAVD	50	100	2	0.52	0.002703518
AAMAVD	100	100	2	0.502	0.001311558
AAMAVD	200	100	2	0.528	0.000758794
AAMAVD	300	100	2	0.507	0.000537688
AAMAVD	500	100	2	0.512	0.000276382
AAMAVD	20	100	5	0.844210526	0.005040994
AAMAVD	50	100	5	0.92	0.002035176
AAMAVD	100	100	5	0.954	0.001020101
AAMAVD	200	100	5	0.972	0.000442211
AAMAVD	300	100	5	0.988	0.000417085
AAMAVD	500	100	5	0.996	0.000386935
AAMAVD	20	100	10	0.943298969	0.004356836
AAMAVD	50	100	10	0.977	0.001718593
AAMAVD	100	100	10	0.99	0.000753769
AAMAVD	200	100	10	0.998	0.000236181
AAMAVD	300	100	10	0.998	0.000130653
AAMAVD	500	100	10	1	0.000236181
AAMAVD	20	200	1	0.216666667	0.019569432
AAMAVD	50	200	1	0.111	0.010015152
AAMAVD	100	200	1	0.0545	0.004393939
AAMAVD	200	200	1	0.029	0.00240404
AAMAVD	300	200	1	0.02	0.001505051
AAMAVD	500	200	1	0.0075	0.000868687
AAMAVD	20	200	2	0.458421053	0.016932483
AAMAVD	50	200	2	0.476	0.00860101
AAMAVD	100	200	2	0.425	0.00390404
AAMAVD	200	200	2	0.432	0.001964646
AAMAVD	300	200	2	0.408	0.001282828
AAMAVD	500	200	2	0.394	0.000631313
AAMAVD	20	200	5	0.782446809	0.014743176
AAMAVD	50	200	5	0.8475	0.006106061
AAMAVD	100	200	5	0.9195	0.003090909
AAMAVD	200	200	5	0.9625	0.001545455
AAMAVD	300	200	5	0.9855	0.000818182
AAMAVD	500	200	5	0.996	0.000550505
AAMAVD	20	200	10	0.871354167	0.01299979
AAMAVD	50	200	10	0.9695	0.00530303
AAMAVD	100	200	10	0.9835	0.001787879
AAMAVD	200	200	10	0.9955	0.00089899
AAMAVD	300	200	10	0.9975	0.000383838
AAMAVD	500	200	10	1	0.000282828
AAMAVD	20	300	1	0.238888889	0.031715313
AAMAVD	50	300	1	0.136333333	0.016675127
AAMAVD	100	300	1	0.065666667	0.008314721
AAMAVD	200	300	1	0.030666667	0.004228426
AAMAVD	300	300	1	0.022333333	0.003573604
AAMAVD	500	300	1	0.015	0.002142132
AAMAVD	20	300	2	0.470877193	0.02906225
AAMAVD	50	300	2	0.459333333	0.015715736
AAMAVD	100	300	2	0.397	0.007624365
AAMAVD	200	300	2	0.367666667	0.003253807
AAMAVD	300	300	2	0.369333333	0.00228934
AAMAVD	500	300	2	0.344	0.001360406
AAMAVD	20	300	5	0.710884354	0.025282296
AAMAVD	50	300	5	0.832666667	0.012583756
AAMAVD	100	300	5	0.889333333	0.005771574
AAMAVD	200	300	5	0.944333333	0.002492386
AAMAVD	300	300	5	0.969666667	0.001939086
AAMAVD	500	300	5	0.993	0.000822335
AAMAVD	20	300	10	0.835106383	0.023247651
AAMAVD	50	300	10	0.923666667	0.009345178
AAMAVD	100	300	10	0.973666667	0.004040609
AAMAVD	200	300	10	0.991666667	0.001553299
AAMAVD	300	300	10	0.999333333	0.000862944
AAMAVD	500	300	10	0.999666667	0.000441624
AAMAVD	20	400	1	0.23494898	0.042039775
AAMAVD	50	400	1	0.11925	0.023678571
AAMAVD	100	400	1	0.061	0.011806122
AAMAVD	200	400	1	0.0375	0.006673469
AAMAVD	300	400	1	0.02175	0.003836735
AAMAVD	500	400	1	0.0175	0.002311224
AAMAVD	20	400	2	0.458510638	0.03851498
AAMAVD	50	400	2	0.463	0.021260204
AAMAVD	100	400	2	0.4175	0.00994898
AAMAVD	200	400	2	0.37975	0.004602041
AAMAVD	300	400	2	0.37975	0.003214286
AAMAVD	500	400	2	0.343	0.001913265
AAMAVD	20	400	5	0.719736842	0.033899033
AAMAVD	50	400	5	0.836	0.016923469
AAMAVD	100	400	5	0.9075	0.006857143
AAMAVD	200	400	5	0.95475	0.002852041
AAMAVD	300	400	5	0.98125	0.001831633
AAMAVD	500	400	5	0.987686567	0.001096558
AAMAVD	20	400	10	0.816842105	0.029108485
AAMAVD	50	400	10	0.9375	0.013117347
AAMAVD	100	400	10	0.974	0.00452551
AAMAVD	200	400	10	0.99325	0.001882653
AAMAVD	300	400	10	0.999	0.00127551
AAMAVD	500	400	10	0.9995	0.000413265
AAMAVD	20	500	1	0.224210526	0.053408907
AAMAVD	50	500	1	0.1402	0.031025641
AAMAVD	100	500	1	0.066	0.015369231
AAMAVD	200	500	1	0.0362	0.007441026
AAMAVD	300	500	1	0.0192	0.00485641
AAMAVD	500	500	1	0.0122	0.002794872
AAMAVD	20	500	2	0.449894737	0.047735493
AAMAVD	50	500	2	0.459	0.02645641
AAMAVD	100	500	2	0.414	0.013010256
AAMAVD	200	500	2	0.3874	0.006164103
AAMAVD	300	500	2	0.3724	0.003605128
AAMAVD	500	500	2	0.3614	0.001902564
AAMAVD	20	500	5	0.727311828	0.041918941
AAMAVD	50	500	5	0.8488	0.021805128
AAMAVD	100	500	5	0.9062	0.009846154
AAMAVD	200	500	5	0.9442	0.003641026
AAMAVD	300	500	5	0.976	0.002210256
AAMAVD	500	500	5	0.9936	0.001035897
AAMAVD	20	500	10	0.820204082	0.038435374
AAMAVD	50	500	10	0.931	0.016174359
AAMAVD	100	500	10	0.9648	0.007374359
AAMAVD	200	500	10	0.995	0.002102564
AAMAVD	300	500	10	0.998	0.001287179
AAMAVD	500	500	10	0.9998	0.000502564
AAMAVD	20	800	1	0.257942708	0.0964898
AAMAVD	50	800	1	0.244875	0.091473958
AAMAVD	100	800	1	0.15775	0.058135417
AAMAVD	200	800	1	0.1045	0.040932292
AAMAVD	300	800	1	0.08625	0.032984375
AAMAVD	500	800	1	0.07225	0.028776042
AAMAVD	20	800	2	0.404464286	0.093760629
AAMAVD	50	800	2	0.475	0.085005208
AAMAVD	100	800	2	0.4355	0.052213542
AAMAVD	200	800	2	0.412875	0.034854167
AAMAVD	300	800	2	0.453125	0.029192708
AAMAVD	500	800	2	0.44975	0.019619792
AAMAVD	20	800	5	0.561125	0.085567708
AAMAVD	50	800	5	0.7495	0.075614583
AAMAVD	100	800	5	0.813125	0.042010417
AAMAVD	200	800	5	0.906	0.025645833
AAMAVD	300	800	5	0.949625	0.01746875
AAMAVD	500	800	5	0.981331169	0.011248647
AAMAVD	20	800	10	0.646223958	0.077256944
AAMAVD	50	800	10	0.84375	0.067208333
AAMAVD	100	800	10	0.9135	0.034708333
AAMAVD	200	800	10	0.9715	0.017848958
AAMAVD	300	800	10	0.989875	0.013302083
AAMAVD	500	800	10	0.999	0.0068125
AAMAVD	20	1000	1	0.254742268	0.121432447
AAMAVD	50	1000	1	0.2376	0.115926316
AAMAVD	100	1000	1	0.1659	0.076626316
AAMAVD	200	1000	1	0.1012	0.047052632
AAMAVD	300	1000	1	0.0851	0.041626316
AAMAVD	500	1000	1	0.0655	0.029752632
AAMAVD	20	1000	2	0.402417582	0.116506651
AAMAVD	50	1000	2	0.4694	0.1069
AAMAVD	100	1000	2	0.4207	0.065142105
AAMAVD	200	1000	2	0.4111	0.040331579
AAMAVD	300	1000	2	0.4085	0.032547368
AAMAVD	500	1000	2	0.4388	0.024210526
AAMAVD	20	1000	5	0.575876289	0.107590884
AAMAVD	50	1000	5	0.7587	0.095557895
AAMAVD	100	1000	5	0.828	0.057010526
AAMAVD	200	1000	5	0.8989	0.033805263
AAMAVD	300	1000	5	0.9481	0.022452632
AAMAVD	500	1000	5	0.9817	0.0146
AAMAVD	20	1000	10	0.641354167	0.094599781
AAMAVD	50	1000	10	0.8388	0.081515789
AAMAVD	100	1000	10	0.9228	0.045184211
AAMAVD	200	1000	10	0.9733	0.022731579
AAMAVD	300	1000	10	0.9894	0.015142105
AAMAVD	500	1000	10	0.9981	0.008089474
AAMAVD	20	2000	1	0.228697917	0.228645833
AAMAVD	50	2000	1	0.28585	0.287961111
AAMAVD	100	2000	1	0.2041	0.205138889
AAMAVD	200	2000	1	0.17415	0.173688889
AAMAVD	300	2000	1	0.1512	0.153277778
AAMAVD	500	2000	1	0.12065	0.121522222
AAMAVD	20	2000	2	0.347142857	0.222913832
AAMAVD	50	2000	2	0.47045	0.272661111
AAMAVD	100	2000	2	0.45405	0.191583333
AAMAVD	200	2000	2	0.47755	0.155594444
AAMAVD	300	2000	2	0.47015	0.122933333
AAMAVD	500	2000	2	0.50865	0.092777778
AAMAVD	20	2000	5	0.472096774	0.206051374
AAMAVD	50	2000	5	0.67755	0.24565
AAMAVD	100	2000	5	0.76575	0.160866667
AAMAVD	200	2000	5	0.8847	0.120122222
AAMAVD	300	2000	5	0.93345	0.0923
AAMAVD	500	2000	5	0.975	0.05835
AAMAVD	20	2000	10	0.532295918	0.18728458
AAMAVD	50	2000	10	0.7535	0.218883333
AAMAVD	100	2000	10	0.8519	0.135861111
AAMAVD	200	2000	10	0.9477	0.089155556
AAMAVD	300	2000	10	0.9778	0.068955556
AAMAVD	500	2000	10	0.9948	0.033905556
