name	Sample	OTU	effect	mean_Precision	mean_TPR
ALDEx2_wi	100	100	1	0.005	5.00E-04
Corncob	100	100	1	0.005	5.00E-04
DACOMP	100	100	1	0	0
DESeq2	100	100	1	0.042589286	0.015
fastANCOM	100	100	1	0	0
LEfSe	100	100	1	0	0
limma_voom	100	100	1	0	0
LinDA	100	100	1	0	0
MaAsLin2	100	100	1	0	0
Wilcox	100	100	1	0	0
ZicoSeq	100	100	1	0	0
ALDEx2_wi	100	100	10	0.096490518	0.104
Corncob	100	100	10	0.093049881	0.143
DACOMP	100	100	10	0.104709291	0.092
DESeq2	100	100	10	0.099519306	0.191
fastANCOM	100	100	10	0.1001057	0.086
LEfSe	100	100	10	0.098414187	0.1955
limma_voom	100	100	10	0.099632967	0.115
LinDA	100	100	10	0.098486081	0.1265
MaAsLin2	100	100	10	0.099353178	0.1875
Wilcox	100	100	10	0.099836501	0.1775
ZicoSeq	100	100	10	0	0
ALDEx2_wi	100	100	2	0.112797619	0.025
Corncob	100	100	2	0.07875	0.0185
DACOMP	100	100	2	0.06994717	0.029
DESeq2	100	100	2	0.098714465	0.083
fastANCOM	100	100	2	0.043916667	0.007
LEfSe	100	100	2	0.083615079	0.0275
limma_voom	100	100	2	0.10525	0.029
LinDA	100	100	2	0.09474044	0.0315
MaAsLin2	100	100	2	0.088766053	0.024
Wilcox	100	100	2	0.089948773	0.0265
ZicoSeq	100	100	2	0	0
ALDEx2_wi	100	100	5	0.114380379	0.0785
Corncob	100	100	5	0.106057889	0.092
DACOMP	100	100	5	0.106040043	0.076
DESeq2	100	100	5	0.094421037	0.147
fastANCOM	100	100	5	0.108003968	0.0685
LEfSe	100	100	5	0.102699375	0.1155
limma_voom	100	100	5	0.102111851	0.0885
LinDA	100	100	5	0.099291374	0.094
MaAsLin2	100	100	5	0.09970238	0.1085
Wilcox	100	100	5	0.102796713	0.0965
ZicoSeq	100	100	5	0	0
ALDEx2_wi	20	100	1	0	0
Corncob	20	100	1	0.011666667	0.0015
DACOMP	20	100	1	0	0
DESeq2	20	100	1	0.062847222	0.02
fastANCOM	20	100	1	0	0
LEfSe	20	100	1	0	0
limma_voom	20	100	1	0.001	5.00E-04
LinDA	20	100	1	0.001666667	5.00E-04
MaAsLin2	20	100	1	0	0
Wilcox	20	100	1	0	0
ZicoSeq	20	100	1	0	0
ALDEx2_wi	20	100	10	0.083019841	0.023
Corncob	20	100	10	0.066728355	0.025
DACOMP	20	100	10	0.061714286	0.022
DESeq2	20	100	10	0.093018343	0.0985
fastANCOM	20	100	10	0.07622619	0.017
LEfSe	20	100	10	0.079130037	0.023
limma_voom	20	100	10	0.076609744	0.045
LinDA	20	100	10	0.078102735	0.042
MaAsLin2	20	100	10	0.075444916	0.0335
Wilcox	20	100	10	0.076285714	0.019
ZicoSeq	20	100	10	0	0
ALDEx2_wi	20	100	2	0.005	5.00E-04
Corncob	20	100	2	0.02	0.0025
DACOMP	20	100	2	0	0
DESeq2	20	100	2	0.05249026	0.0215
fastANCOM	20	100	2	0.005	5.00E-04
LEfSe	20	100	2	0.00676819	0.001015228
limma_voom	20	100	2	0.015	0.002
LinDA	20	100	2	0.02975	0.004
MaAsLin2	20	100	2	0.03	0.003
Wilcox	20	100	2	0	0
ZicoSeq	20	100	2	0	0
ALDEx2_wi	20	100	5	0.072714286	0.0135
Corncob	20	100	5	0.078166667	0.0195
DACOMP	20	100	5	0.042852564	0.012
DESeq2	20	100	5	0.092980117	0.075
fastANCOM	20	100	5	0.042083333	0.008
LEfSe	20	100	5	0.054555556	0.0115
limma_voom	20	100	5	0.091111291	0.025
LinDA	20	100	5	0.08874457	0.0265
MaAsLin2	20	100	5	0.094316822	0.021105528
Wilcox	20	100	5	0.059037879	0.0115
ZicoSeq	20	100	5	0	0
ALDEx2_wi	200	100	1	0	0
Corncob	200	100	1	0	0
DACOMP	200	100	1	0	0
DESeq2	200	100	1	0.040368548	0.019
fastANCOM	200	100	1	0	0
LEfSe	200	100	1	0.010152284	0.001015228
limma_voom	200	100	1	0.015625	0.002
LinDA	200	100	1	0.014967949	0.003
MaAsLin2	200	100	1	0.01	0.001
Wilcox	200	100	1	0.005	5.00E-04
ZicoSeq	200	100	1	0	0
ALDEx2_wi	200	100	10	0.09123252	0.195
Corncob	200	100	10	0.090369979	0.261
DACOMP	200	100	10	0.086959975	0.086
DESeq2	200	100	10	0.09164379	0.2915
fastANCOM	200	100	10	0.088393414	0.1005
LEfSe	200	100	10	0.090209319	0.3255
limma_voom	200	100	10	0.091412464	0.1515
LinDA	200	100	10	0.086623665	0.157
MaAsLin2	200	100	10	0.090795286	0.3085
Wilcox	200	100	10	0.09094536	0.318
ZicoSeq	200	100	10	0.001291667	0.003
ALDEx2_wi	200	100	2	0.095845599	0.0425
Corncob	200	100	2	0.095253968	0.0405
DACOMP	200	100	2	0.102297323	0.0595
DESeq2	200	100	2	0.101914658	0.124
fastANCOM	200	100	2	0.085968254	0.0305
LEfSe	200	100	2	0.103487188	0.057
limma_voom	200	100	2	0.097972222	0.051
LinDA	200	100	2	0.101635462	0.0595
MaAsLin2	200	100	2	0.095865079	0.05
Wilcox	200	100	2	0.103762663	0.0525
ZicoSeq	200	100	2	0	0
ALDEx2_wi	200	100	5	0.097089476	0.112
Corncob	200	100	5	0.101871538	0.1415
DACOMP	200	100	5	0.09505612	0.0865
DESeq2	200	100	5	0.092942944	0.2055
fastANCOM	200	100	5	0.094847312	0.083
LEfSe	200	100	5	0.100099064	0.188
limma_voom	200	100	5	0.092556164	0.109
LinDA	200	100	5	0.095446739	0.115
MaAsLin2	200	100	5	0.097963288	0.162
Wilcox	200	100	5	0.099580722	0.165
ZicoSeq	200	100	5	0.00047619	0.001
ALDEx2_wi	300	100	1	0.005	5.00E-04
Corncob	300	100	1	0.006666667	0.001
DACOMP	300	100	1	0	0
DESeq2	300	100	1	0.069095065	0.029
fastANCOM	300	100	1	0.005	5.00E-04
LEfSe	300	100	1	0.015	0.0015
limma_voom	300	100	1	0.0175	0.002
LinDA	300	100	1	0.028222222	0.005
MaAsLin2	300	100	1	0.02	0.002
Wilcox	300	100	1	0.01125	0.0015
ZicoSeq	300	100	1	0	0
ALDEx2_wi	300	100	10	0.098579921	0.2705
Corncob	300	100	10	0.100273369	0.352
DACOMP	300	100	10	0.094585664	0.0935
DESeq2	300	100	10	0.102173314	0.39
fastANCOM	300	100	10	0.099029173	0.1255
LEfSe	300	100	10	0.100487304	0.43
limma_voom	300	100	10	0.099955306	0.199
LinDA	300	100	10	0.098534278	0.203
MaAsLin2	300	100	10	0.102397322	0.42
Wilcox	300	100	10	0.102389499	0.413
ZicoSeq	300	100	10	0.000789474	0.0015
ALDEx2_wi	300	100	2	0.090187229	0.0455
Corncob	300	100	2	0.091058287	0.0505
DACOMP	300	100	2	0.092989401	0.0875
DESeq2	300	100	2	0.091711874	0.1255
fastANCOM	300	100	2	0.09940873	0.041
LEfSe	300	100	2	0.089665499	0.064
limma_voom	300	100	2	0.089873973	0.0605
LinDA	300	100	2	0.095819227	0.0695
MaAsLin2	300	100	2	0.096590152	0.0635
Wilcox	300	100	2	0.088088603	0.0585
ZicoSeq	300	100	2	0	0
ALDEx2_wi	300	100	5	0.096424985	0.15
Corncob	300	100	5	0.096819851	0.2
DACOMP	300	100	5	0.10347472	0.1005
DESeq2	300	100	5	0.096188353	0.2655
fastANCOM	300	100	5	0.108943628	0.1095
LEfSe	300	100	5	0.098066192	0.2545
limma_voom	300	100	5	0.100635143	0.149
LinDA	300	100	5	0.103496675	0.147
MaAsLin2	300	100	5	0.098483467	0.227
Wilcox	300	100	5	0.097270403	0.2335
ZicoSeq	300	100	5	0	0
ALDEx2_wi	50	100	1	0.005	5.00E-04
Corncob	50	100	1	0.01	0.001
DACOMP	50	100	1	0	0
DESeq2	50	100	1	0.045992489	0.023
fastANCOM	50	100	1	0.005	5.00E-04
LEfSe	50	100	1	0.005102041	0.000510204
limma_voom	50	100	1	0.000833333	5.00E-04
LinDA	50	100	1	0.009375	0.002
MaAsLin2	50	100	1	0.0075	0.001
Wilcox	50	100	1	0.005	5.00E-04
ZicoSeq	50	100	1	0	0
ALDEx2_wi	50	100	10	0.11532128	0.067
Corncob	50	100	10	0.112656298	0.0885
DACOMP	50	100	10	0.115444444	0.0745
DESeq2	50	100	10	0.103732931	0.154
fastANCOM	50	100	10	0.113996212	0.07
LEfSe	50	100	10	0.104328426	0.1115
limma_voom	50	100	10	0.108350726	0.097
LinDA	50	100	10	0.104560621	0.102
MaAsLin2	50	100	10	0.106713672	0.117
Wilcox	50	100	10	0.106653309	0.104
ZicoSeq	50	100	10	0	0
ALDEx2_wi	50	100	2	0.042083333	0.0075
Corncob	50	100	2	0.059138889	0.011
DACOMP	50	100	2	0.033125	0.0095
DESeq2	50	100	2	0.084425278	0.0545
fastANCOM	50	100	2	0.025	0.0025
LEfSe	50	100	2	0.051666667	0.0095
limma_voom	50	100	2	0.048083333	0.0085
LinDA	50	100	2	0.044297619	0.0095
MaAsLin2	50	100	2	0.057547619	0.009
Wilcox	50	100	2	0.05225	0.0085
ZicoSeq	50	100	2	0	0
ALDEx2_wi	50	100	5	0.084948413	0.0415
Corncob	50	100	5	0.089468309	0.0405
DACOMP	50	100	5	0.089928571	0.047
DESeq2	50	100	5	0.096436211	0.1245
fastANCOM	50	100	5	0.07702381	0.0325
LEfSe	50	100	5	0.099140604	0.0585
limma_voom	50	100	5	0.090696609	0.056
LinDA	50	100	5	0.096429348	0.0655
MaAsLin2	50	100	5	0.102319796	0.064
Wilcox	50	100	5	0.094821104	0.0535
ZicoSeq	50	100	5	0	0
ALDEx2_wi	500	100	1	0	0
Corncob	500	100	1	0.0125	0.0015
DACOMP	500	100	1	0	0
DESeq2	500	100	1	0.067922539	0.0355
fastANCOM	500	100	1	0	0
LEfSe	500	100	1	0.005	5.00E-04
limma_voom	500	100	1	0.000454545	5.00E-04
LinDA	500	100	1	0.008659091	0.003
MaAsLin2	500	100	1	0.00875	0.0015
Wilcox	500	100	1	0.011666667	0.0015
ZicoSeq	500	100	1	0	0
ALDEx2_wi	500	100	10	0.099115173	0.374
Corncob	500	100	10	0.0999752	0.471
DACOMP	500	100	10	0.101587393	0.104
DESeq2	500	100	10	0.094829663	0.48
fastANCOM	500	100	10	0.100701663	0.168
LEfSe	500	100	10	0.100729409	0.5515
limma_voom	500	100	10	0.100628835	0.2615
LinDA	500	100	10	0.099711002	0.27
MaAsLin2	500	100	10	0.10041271	0.549
Wilcox	500	100	10	0.102250488	0.535
ZicoSeq	500	100	10	0.000526316	0.001
ALDEx2_wi	500	100	2	0.101546675	0.0745
Corncob	500	100	2	0.101309821	0.0815
DACOMP	500	100	2	0.093520983	0.129
DESeq2	500	100	2	0.094184449	0.159
fastANCOM	500	100	2	0.097611472	0.0645
LEfSe	500	100	2	0.100675744	0.109
limma_voom	500	100	2	0.100465211	0.097
LinDA	500	100	2	0.098505922	0.0925
MaAsLin2	500	100	2	0.101256024	0.097
Wilcox	500	100	2	0.098524394	0.0915
ZicoSeq	500	100	2	0.000789474	0.0015
ALDEx2_wi	500	100	5	0.093387041	0.211
Corncob	500	100	5	0.090054984	0.242
DACOMP	500	100	5	0.089026696	0.0895
DESeq2	500	100	5	0.094329323	0.3395
fastANCOM	500	100	5	0.088466343	0.0945
LEfSe	500	100	5	0.091581112	0.314
limma_voom	500	100	5	0.09287356	0.171
LinDA	500	100	5	0.091911505	0.1415
MaAsLin2	500	100	5	0.089023665	0.2705
Wilcox	500	100	5	0.092040051	0.2895
ZicoSeq	500	100	5	0.00125	0.0025
ALDEx2_wi	100	1000	1	0	0
Corncob	100	1000	1	0	0
DACOMP	100	1000	1	0.000714286	5.00E-05
DESeq2	100	1000	1	0.008265748	0.00075
fastANCOM	100	1000	1	0	0
LEfSe	100	1000	1	0	0
limma_voom	100	1000	1	0.071301463	0.0368
LinDA	100	1000	1	0	0
MaAsLin2	100	1000	1	0	0
Wilcox	100	1000	1	0	0
ZicoSeq	100	1000	1	0	0
ALDEx2_wi	100	1000	10	0.099415496	0.0161
Corncob	100	1000	10	0.10024139	0.0217
DACOMP	100	1000	10	0.102216987	0.02835
DESeq2	100	1000	10	0.073148996	0.03505
fastANCOM	100	1000	10	0.093631782	0.054
LEfSe	100	1000	10	0.100366693	0.03155
limma_voom	100	1000	10	0.102494714	0.3738
LinDA	100	1000	10	0.098792378	0.0326
MaAsLin2	100	1000	10	0.100074282	0.03185
Wilcox	100	1000	10	0.099716526	0.02725
ZicoSeq	100	1000	10	0	0
ALDEx2_wi	100	1000	2	0.047708333	0.00115
Corncob	100	1000	2	0.053690476	0.0011
DACOMP	100	1000	2	0.015198649	0.0012
DESeq2	100	1000	2	0.034027565	0.00645
fastANCOM	100	1000	2	0.030857143	0.00115
LEfSe	100	1000	2	0.06602381	0.002
limma_voom	100	1000	2	0.071490623	0.053
LinDA	100	1000	2	0.037255952	0.00125
MaAsLin2	100	1000	2	0.045985882	0.001407035
Wilcox	100	1000	2	0.047186508	0.00135
ZicoSeq	100	1000	2	0	0
ALDEx2_wi	100	1000	5	0.084622294	0.00775
Corncob	100	1000	5	0.089386713	0.00965
DACOMP	100	1000	5	0.098025324	0.01625
DESeq2	100	1000	5	0.068633785	0.0241
fastANCOM	100	1000	5	0.09928594	0.01655
LEfSe	100	1000	5	0.092862485	0.01355
limma_voom	100	1000	5	0.098628485	0.14035
LinDA	100	1000	5	0.097872448	0.01585
MaAsLin2	100	1000	5	0.096947609	0.015628141
Wilcox	100	1000	5	0.09123689	0.01175
ZicoSeq	100	1000	5	0	0
ALDEx2_wi	20	1000	1	0	0
Corncob	20	1000	1	0.005	1.00E-04
DACOMP	20	1000	1	0	0
DESeq2	20	1000	1	0.000176681	0.00035
fastANCOM	20	1000	1	0	0
LEfSe	20	1000	1	0	0
limma_voom	20	1000	1	0.016705973	0.0417
LinDA	20	1000	1	0	0
MaAsLin2	20	1000	1	0	0
Wilcox	20	1000	1	0	0
ZicoSeq	20	1000	1	0	0
ALDEx2_wi	20	1000	10	0.082581349	0.00195
Corncob	20	1000	10	0.082120421	0.0029
DACOMP	20	1000	10	0.008686508	0.00065
DESeq2	20	1000	10	0.004459409	0.01025
fastANCOM	20	1000	10	0.079250431	0.0049
LEfSe	20	1000	10	0.013416667	0.00055
limma_voom	20	1000	10	0.090203285	0.1431
LinDA	20	1000	10	0.09342316	0.0034
MaAsLin2	20	1000	10	0.088486204	0.003502538
Wilcox	20	1000	10	0.021	4.00E-04
ZicoSeq	20	1000	10	0	0
ALDEx2_wi	20	1000	2	0	0
Corncob	20	1000	2	0.005	1.00E-04
DACOMP	20	1000	2	0	0
DESeq2	20	1000	2	0.000273333	0.00055
fastANCOM	20	1000	2	0	0
LEfSe	20	1000	2	0	0
limma_voom	20	1000	2	0.017199497	0.035
LinDA	20	1000	2	0	0
MaAsLin2	20	1000	2	0	0
Wilcox	20	1000	2	0	0
ZicoSeq	20	1000	2	0	0
ALDEx2_wi	20	1000	5	0.042416667	9.00E-04
Corncob	20	1000	5	0.063857143	0.00165
DACOMP	20	1000	5	0.000714286	5.00E-05
DESeq2	20	1000	5	0.003449642	0.0075
fastANCOM	20	1000	5	0.072607143	0.00145
LEfSe	20	1000	5	0.00125	5.00E-05
limma_voom	20	1000	5	0.092938243	0.07055
LinDA	20	1000	5	0.06525	0.0015
MaAsLin2	20	1000	5	0.068464286	0.0021
Wilcox	20	1000	5	0.031666667	0.00055
ZicoSeq	20	1000	5	0	0
ALDEx2_wi	200	1000	1	0	0
Corncob	200	1000	1	0	0
DACOMP	200	1000	1	0	0
DESeq2	200	1000	1	0.023666667	0.00045
fastANCOM	200	1000	1	0	0
LEfSe	200	1000	1	0	0
limma_voom	200	1000	1	0.058433449	0.0329
LinDA	200	1000	1	0.0025	5.00E-05
MaAsLin2	200	1000	1	0	0
Wilcox	200	1000	1	0	0
ZicoSeq	200	1000	1	0	0
ALDEx2_wi	200	1000	10	0.102264749	0.0331
Corncob	200	1000	10	0.10244922	0.0479
DACOMP	200	1000	10	0.104769026	0.0454
DESeq2	200	1000	10	0.103102546	0.05945
fastANCOM	200	1000	10	0.103749507	0.1257
LEfSe	200	1000	10	0.105048477	0.07515
limma_voom	200	1000	10	0.100101343	0.5414
LinDA	200	1000	10	0.103265233	0.08195
MaAsLin2	200	1000	10	0.102883409	0.08155
Wilcox	200	1000	10	0.106113056	0.06865
ZicoSeq	200	1000	10	0.000340909	0.00015
ALDEx2_wi	200	1000	2	0.097130342	0.00465
Corncob	200	1000	2	0.093087302	0.00405
DACOMP	200	1000	2	0.078152284	0.00725
DESeq2	200	1000	2	0.0988436	0.0148
fastANCOM	200	1000	2	0.096927263	0.00565
LEfSe	200	1000	2	0.09997411	0.00645
limma_voom	200	1000	2	0.101199305	0.0709
LinDA	200	1000	2	0.095715104	0.0057
MaAsLin2	200	1000	2	0.093236097	0.0055
Wilcox	200	1000	2	0.093701701	0.0053
ZicoSeq	200	1000	2	0	0
ALDEx2_wi	200	1000	5	0.096958626	0.01575
Corncob	200	1000	5	0.096183692	0.02065
DACOMP	200	1000	5	0.100567885	0.02675
DESeq2	200	1000	5	0.093000477	0.035
fastANCOM	200	1000	5	0.094771591	0.04565
LEfSe	200	1000	5	0.100226477	0.0314
limma_voom	200	1000	5	0.097990234	0.259
LinDA	200	1000	5	0.096327497	0.0349
MaAsLin2	200	1000	5	0.095613606	0.03425
Wilcox	200	1000	5	0.098000018	0.027
ZicoSeq	200	1000	5	0.000319149	0.00015
ALDEx2_wi	300	1000	1	0	0
Corncob	300	1000	1	0	0
DACOMP	300	1000	1	0.000833333	5.00E-05
DESeq2	300	1000	1	0.053011905	0.0012
fastANCOM	300	1000	1	0	0
LEfSe	300	1000	1	0.001305827	0.00037234
limma_voom	300	1000	1	0.072445998	0.03655
LinDA	300	1000	1	0	0
MaAsLin2	300	1000	1	0	0
Wilcox	300	1000	1	0	0
ZicoSeq	300	1000	1	0	0
ALDEx2_wi	300	1000	10	0.11012628	0.04875
Corncob	300	1000	10	0.104901737	0.07765
DACOMP	300	1000	10	0.104554421	0.05445
DESeq2	300	1000	10	0.103082278	0.0846
fastANCOM	300	1000	10	0.099164376	0.1733
LEfSe	300	1000	10	0.101877768	0.11175
limma_voom	300	1000	10	0.098614204	0.6179
LinDA	300	1000	10	0.100123706	0.11925
MaAsLin2	300	1000	10	0.098628487	0.1302
Wilcox	300	1000	10	0.102075002	0.10535
ZicoSeq	300	1000	10	0.00031746	2.00E-04
ALDEx2_wi	300	1000	2	0.087561369	0.00565
Corncob	300	1000	2	0.08531029	0.00585
DACOMP	300	1000	2	0.087675844	0.01005
DESeq2	300	1000	2	0.09456648	0.0186
fastANCOM	300	1000	2	0.086068903	0.0093
LEfSe	300	1000	2	0.086912577	0.00885
limma_voom	300	1000	2	0.087408045	0.07285
LinDA	300	1000	2	0.087854088	0.00955
MaAsLin2	300	1000	2	0.088959224	0.00975
Wilcox	300	1000	2	0.09085737	0.00785
ZicoSeq	300	1000	2	0	0
ALDEx2_wi	300	1000	5	0.103489014	0.0223
Corncob	300	1000	5	0.103311177	0.0332
DACOMP	300	1000	5	0.099054372	0.03095
DESeq2	300	1000	5	0.101325323	0.05175
fastANCOM	300	1000	5	0.102885924	0.06525
LEfSe	300	1000	5	0.09992439	0.048
limma_voom	300	1000	5	0.100830831	0.272
LinDA	300	1000	5	0.097759399	0.05265
MaAsLin2	300	1000	5	0.097434994	0.0562
Wilcox	300	1000	5	0.100807701	0.04305
ZicoSeq	300	1000	5	0	0
ALDEx2_wi	50	1000	1	0	0
Corncob	50	1000	1	0	0
DACOMP	50	1000	1	0	0
DESeq2	50	1000	1	0.002488236	5.00E-04
fastANCOM	50	1000	1	0	0
LEfSe	50	1000	1	0	0
limma_voom	50	1000	1	0.046149864	0.041
LinDA	50	1000	1	0.0025	5.00E-05
MaAsLin2	50	1000	1	0	0
Wilcox	50	1000	1	0	0
ZicoSeq	50	1000	1	0	0
ALDEx2_wi	50	1000	10	0.110916567	0.0085
Corncob	50	1000	10	0.104935656	0.00915
DACOMP	50	1000	10	0.093142831	0.0122
DESeq2	50	1000	10	0.048483308	0.02205
fastANCOM	50	1000	10	0.099506652	0.02135
LEfSe	50	1000	10	0.10767002	0.012
limma_voom	50	1000	10	0.099446328	0.25775
LinDA	50	1000	10	0.10551062	0.01395
MaAsLin2	50	1000	10	0.104114325	0.01361809
Wilcox	50	1000	10	0.104318457	0.0103
ZicoSeq	50	1000	10	0	0
ALDEx2_wi	50	1000	2	0.04125	0.00055
Corncob	50	1000	2	0.039166667	0.00055
DACOMP	50	1000	2	0	0
DESeq2	50	1000	2	0.01015231	0.00215
fastANCOM	50	1000	2	0.015	0.00025
LEfSe	50	1000	2	0.045833333	6.00E-04
limma_voom	50	1000	2	0.05920796	0.04065
LinDA	50	1000	2	0.029464286	5.00E-04
MaAsLin2	50	1000	2	0.033710218	0.000603015
Wilcox	50	1000	2	0.0275	0.00035
ZicoSeq	50	1000	2	0	0
ALDEx2_wi	50	1000	5	0.087787698	0.0038
Corncob	50	1000	5	0.083026335	0.00335
DACOMP	50	1000	5	0.048308955	0.0045
DESeq2	50	1000	5	0.043287152	0.0148
fastANCOM	50	1000	5	0.104418425	0.0067
LEfSe	50	1000	5	0.096021094	0.0049
limma_voom	50	1000	5	0.10587188	0.07885
LinDA	50	1000	5	0.098478304	0.00605
MaAsLin2	50	1000	5	0.101043262	0.006080402
Wilcox	50	1000	5	0.086914863	0.00405
ZicoSeq	50	1000	5	0	0
ALDEx2_wi	500	1000	1	0	0
Corncob	500	1000	1	0.005	5.00E-05
DACOMP	500	1000	1	0	0
DESeq2	500	1000	1	0.063666667	0.00145
fastANCOM	500	1000	1	0	0
LEfSe	500	1000	1	0.005376344	5.38E-05
limma_voom	500	1000	1	0.068742627	0.0352
LinDA	500	1000	1	0.005	5.00E-05
MaAsLin2	500	1000	1	0.005	5.00E-05
Wilcox	500	1000	1	0.005	5.00E-05
ZicoSeq	500	1000	1	0	0
ALDEx2_wi	500	1000	10	0.098584545	0.0652
Corncob	500	1000	10	0.098764027	0.1298
DACOMP	500	1000	10	0.097310831	0.06745
DESeq2	500	1000	10	0.100952747	0.1272
fastANCOM	500	1000	10	0.097832476	0.2683
LEfSe	500	1000	10	0.099673247	0.1646
limma_voom	500	1000	10	0.098782615	0.6809
LinDA	500	1000	10	0.10066065	0.173
MaAsLin2	500	1000	10	0.09970184	0.21185
Wilcox	500	1000	10	0.099451511	0.1585
ZicoSeq	500	1000	10	0.000510204	0.00025
ALDEx2_wi	500	1000	2	0.097904454	0.00865
Corncob	500	1000	2	0.103836851	0.01115
DACOMP	500	1000	2	0.10685253	0.01615
DESeq2	500	1000	2	0.102940843	0.02875
fastANCOM	500	1000	2	0.100463567	0.01715
LEfSe	500	1000	2	0.10201204	0.01535
limma_voom	500	1000	2	0.101842809	0.10035
LinDA	500	1000	2	0.104112877	0.0189
MaAsLin2	500	1000	2	0.103557065	0.01995
Wilcox	500	1000	2	0.103232435	0.01445
ZicoSeq	500	1000	2	0	0
ALDEx2_wi	500	1000	5	0.096469807	0.0363
Corncob	500	1000	5	0.098044533	0.06405
DACOMP	500	1000	5	0.097584574	0.03985
DESeq2	500	1000	5	0.100156469	0.08455
fastANCOM	500	1000	5	0.101003948	0.13285
LEfSe	500	1000	5	0.098224406	0.0872
limma_voom	500	1000	5	0.097426113	0.3982
LinDA	500	1000	5	0.099246893	0.0947
MaAsLin2	500	1000	5	0.099161005	0.11355
Wilcox	500	1000	5	0.098070186	0.0824
ZicoSeq	500	1000	5	0.000795455	0.00035
ALDEx2_wi	100	200	1	0	0
Corncob	100	200	1	0	0
DACOMP	100	200	1	0	0
DESeq2	100	200	1	0.053904762	0.00625
fastANCOM	100	200	1	0	0
LEfSe	100	200	1	0	0
limma_voom	100	200	1	0.009581585	0.00325
LinDA	100	200	1	0.001363636	0.00075
MaAsLin2	100	200	1	0	0
Wilcox	100	200	1	0	0
ZicoSeq	100	200	1	0	0
ALDEx2_wi	100	200	10	0.110936048	0.06475
Corncob	100	200	10	0.09858004	0.08
DACOMP	100	200	10	0.098884108	0.0665
DESeq2	100	200	10	0.097897576	0.1255
fastANCOM	100	200	10	0.097065592	0.0705
LEfSe	100	200	10	0.103769112	0.11225
limma_voom	100	200	10	0.094718657	0.13675
LinDA	100	200	10	0.097574559	0.10775
MaAsLin2	100	200	10	0.098966816	0.11475
Wilcox	100	200	10	0.102214069	0.101
ZicoSeq	100	200	10	0	0
ALDEx2_wi	100	200	2	0.0545	0.0065
Corncob	100	200	2	0.044678571	0.0055
DACOMP	100	200	2	0.0241155	0.00775
DESeq2	100	200	2	0.095849348	0.038
fastANCOM	100	200	2	0.045047619	0.0045
LEfSe	100	200	2	0.049880952	0.00875
limma_voom	100	200	2	0.074390089	0.017
LinDA	100	200	2	0.076123016	0.0115
MaAsLin2	100	200	2	0.06164881	0.0085
Wilcox	100	200	2	0.054583333	0.00775
ZicoSeq	100	200	2	0	0
ALDEx2_wi	100	200	5	0.092656914	0.03275
Corncob	100	200	5	0.093169022	0.0385
DACOMP	100	200	5	0.09816237	0.0475
DESeq2	100	200	5	0.097060182	0.09275
fastANCOM	100	200	5	0.09309915	0.04
LEfSe	100	200	5	0.092056978	0.05575
limma_voom	100	200	5	0.091402512	0.07975
LinDA	100	200	5	0.098389381	0.063
MaAsLin2	100	200	5	0.096541857	0.0605
Wilcox	100	200	5	0.094761118	0.0515
ZicoSeq	100	200	5	0	0
ALDEx2_wi	20	200	1	0	0
Corncob	20	200	1	0.0225	0.00125
DACOMP	20	200	1	0	0
DESeq2	20	200	1	0.018117063	0.00425
fastANCOM	20	200	1	0	0
LEfSe	20	200	1	0	0
limma_voom	20	200	1	0.019666092	0.00475
LinDA	20	200	1	0.011	0.00075
MaAsLin2	20	200	1	0.01	5.00E-04
Wilcox	20	200	1	0	0
ZicoSeq	20	200	1	0	0
ALDEx2_wi	20	200	10	0.070089286	0.00875
Corncob	20	200	10	0.093910714	0.01225
DACOMP	20	200	10	0.024184524	0.0055
DESeq2	20	200	10	0.074607194	0.04375
fastANCOM	20	200	10	0.072422619	0.0095
LEfSe	20	200	10	0.075922619	0.0085
limma_voom	20	200	10	0.103897299	0.04725
LinDA	20	200	10	0.107145022	0.01725
MaAsLin2	20	200	10	0.105607323	0.01575
Wilcox	20	200	10	0.072047619	0.0085
ZicoSeq	20	200	10	0	0
ALDEx2_wi	20	200	2	0.005	0.00025
Corncob	20	200	2	0.025	0.00125
DACOMP	20	200	2	0	0
DESeq2	20	200	2	0.042715113	0.00775
fastANCOM	20	200	2	0.005	0.00025
LEfSe	20	200	2	0	0
limma_voom	20	200	2	0.019513889	0.0025
LinDA	20	200	2	0.016666667	0.001
MaAsLin2	20	200	2	0.01	5.00E-04
Wilcox	20	200	2	0.01	5.00E-04
ZicoSeq	20	200	2	0	0
ALDEx2_wi	20	200	5	0.035833333	0.0025
Corncob	20	200	5	0.034125	0.00325
DACOMP	20	200	5	0.003333333	5.00E-04
DESeq2	20	200	5	0.06407957	0.02925
fastANCOM	20	200	5	0.031666667	0.00225
LEfSe	20	200	5	0.015833333	0.00175
limma_voom	20	200	5	0.061197428	0.017
LinDA	20	200	5	0.065027778	0.00675
MaAsLin2	20	200	5	0.0505	0.005
Wilcox	20	200	5	0.026130952	0.00225
ZicoSeq	20	200	5	0	0
ALDEx2_wi	200	200	1	0	0
Corncob	200	200	1	0	0
DACOMP	200	200	1	0	0
DESeq2	200	200	1	0.048558081	0.009
fastANCOM	200	200	1	0	0
LEfSe	200	200	1	0.005050505	0.000252525
limma_voom	200	200	1	0.015204545	0.00225
LinDA	200	200	1	0	0
MaAsLin2	200	200	1	0	0
Wilcox	200	200	1	0	0
ZicoSeq	200	200	1	0	0
ALDEx2_wi	200	200	10	0.100387439	0.11475
Corncob	200	200	10	0.100414952	0.171
DACOMP	200	200	10	0.108101832	0.0925
DESeq2	200	200	10	0.102553495	0.20525
fastANCOM	200	200	10	0.100430931	0.12475
LEfSe	200	200	10	0.10198392	0.215
limma_voom	200	200	10	0.096669482	0.19625
LinDA	200	200	10	0.098791881	0.17275
MaAsLin2	200	200	10	0.102052002	0.23025
Wilcox	200	200	10	0.101949024	0.20225
ZicoSeq	200	200	10	0.000322581	5.00E-04
ALDEx2_wi	200	200	2	0.111556277	0.02075
Corncob	200	200	2	0.106791667	0.01925
DACOMP	200	200	2	0.091130186	0.03075
DESeq2	200	200	2	0.111387055	0.06925
fastANCOM	200	200	2	0.098287698	0.018
LEfSe	200	200	2	0.120736527	0.028
limma_voom	200	200	2	0.115562269	0.037
LinDA	200	200	2	0.117577307	0.03175
MaAsLin2	200	200	2	0.124350469	0.0285
Wilcox	200	200	2	0.122046356	0.02675
ZicoSeq	200	200	2	0	0
ALDEx2_wi	200	200	5	0.092912016	0.05425
Corncob	200	200	5	0.095107884	0.07275
DACOMP	200	200	5	0.090987204	0.06275
DESeq2	200	200	5	0.09681448	0.136
fastANCOM	200	200	5	0.090599424	0.06525
LEfSe	200	200	5	0.098028875	0.09875
limma_voom	200	200	5	0.09557956	0.11125
LinDA	200	200	5	0.096366298	0.10075
MaAsLin2	200	200	5	0.09457926	0.1045
Wilcox	200	200	5	0.097625982	0.08675
ZicoSeq	200	200	5	0.000683908	0.001
ALDEx2_wi	300	200	1	0	0
Corncob	300	200	1	0	0
DACOMP	300	200	1	0	0
DESeq2	300	200	1	0.06029917	0.01125
fastANCOM	300	200	1	0	0
LEfSe	300	200	1	0.00398313	0.001030928
limma_voom	300	200	1	0.011639069	0.00275
LinDA	300	200	1	0	0
MaAsLin2	300	200	1	0	0
Wilcox	300	200	1	0	0
ZicoSeq	300	200	1	0	0
ALDEx2_wi	300	200	10	0.096603943	0.15
Corncob	300	200	10	0.094077391	0.2105
DACOMP	300	200	10	0.096160331	0.08425
DESeq2	300	200	10	0.096545442	0.25875
fastANCOM	300	200	10	0.089511468	0.1485
LEfSe	300	200	10	0.094798472	0.2565
limma_voom	300	200	10	0.08770252	0.2305
LinDA	300	200	10	0.094663269	0.19975
MaAsLin2	300	200	10	0.09510959	0.28
Wilcox	300	200	10	0.096147246	0.247
ZicoSeq	300	200	10	0.000909091	0.0015
ALDEx2_wi	300	200	2	0.08718863	0.0215
Corncob	300	200	2	0.077985852	0.02125
DACOMP	300	200	2	0.087318359	0.03425
DESeq2	300	200	2	0.095681536	0.079
fastANCOM	300	200	2	0.089916847	0.02275
LEfSe	300	200	2	0.102860204	0.03575
limma_voom	300	200	2	0.09133317	0.04225
LinDA	300	200	2	0.092438593	0.0375
MaAsLin2	300	200	2	0.093872253	0.0345
Wilcox	300	200	2	0.0952372	0.03
ZicoSeq	300	200	2	0	0
ALDEx2_wi	300	200	5	0.100918361	0.081
Corncob	300	200	5	0.100551645	0.11425
DACOMP	300	200	5	0.1009643	0.0785
DESeq2	300	200	5	0.098148834	0.178
fastANCOM	300	200	5	0.099644141	0.09
LEfSe	300	200	5	0.100797756	0.146
limma_voom	300	200	5	0.098015637	0.14275
LinDA	300	200	5	0.095950268	0.1255
MaAsLin2	300	200	5	0.100150883	0.15
Wilcox	300	200	5	0.099217795	0.1305
ZicoSeq	300	200	5	0	0
ALDEx2_wi	50	200	1	0	0
Corncob	50	200	1	0	0
DACOMP	50	200	1	0	0
DESeq2	50	200	1	0.037375	0.00525
fastANCOM	50	200	1	0	0
LEfSe	50	200	1	0.005711566	0.00052356
limma_voom	50	200	1	0.024023842	0.00325
LinDA	50	200	1	0.01	5.00E-04
MaAsLin2	50	200	1	0.005025126	0.000251256
Wilcox	50	200	1	0.005	0.00025
ZicoSeq	50	200	1	0	0
ALDEx2_wi	50	200	10	0.080899461	0.02525
Corncob	50	200	10	0.094468929	0.034
DACOMP	50	200	10	0.093202131	0.03475
DESeq2	50	200	10	0.091715614	0.085
fastANCOM	50	200	10	0.086711698	0.0345
LEfSe	50	200	10	0.088399016	0.046
limma_voom	50	200	10	0.086225559	0.08
LinDA	50	200	10	0.091501053	0.05325
MaAsLin2	50	200	10	0.090342159	0.052
Wilcox	50	200	10	0.089323118	0.041
ZicoSeq	50	200	10	0	0
ALDEx2_wi	50	200	2	0.036666667	0.00225
Corncob	50	200	2	0.038333333	0.00225
DACOMP	50	200	2	0.004621212	0.001
DESeq2	50	200	2	0.075355339	0.01775
fastANCOM	50	200	2	0.015	0.00075
LEfSe	50	200	2	0.055833333	0.00375
limma_voom	50	200	2	0.056765568	0.0065
LinDA	50	200	2	0.047916667	0.00325
MaAsLin2	50	200	2	0.060720268	0.003768844
Wilcox	50	200	2	0.039166667	0.003
ZicoSeq	50	200	2	0	0
ALDEx2_wi	50	200	5	0.098680556	0.018
Corncob	50	200	5	0.095804113	0.016
DACOMP	50	200	5	0.067386905	0.018
DESeq2	50	200	5	0.096935426	0.063
fastANCOM	50	200	5	0.088125	0.0185
LEfSe	50	200	5	0.10145224	0.02475
limma_voom	50	200	5	0.099960543	0.04275
LinDA	50	200	5	0.099249281	0.0295
MaAsLin2	50	200	5	0.098108478	0.027
Wilcox	50	200	5	0.104515873	0.02175
ZicoSeq	50	200	5	0	0
ALDEx2_wi	500	200	1	0	0
Corncob	500	200	1	0	0
DACOMP	500	200	1	0	0
DESeq2	500	200	1	0	0
fastANCOM	500	200	1	0	0
LEfSe	500	200	1	0	0
limma_voom	500	200	1	0	0
LinDA	500	200	1	0	0
MaAsLin2	500	200	1	0	0
Wilcox	500	200	1	0	0
ZicoSeq	500	200	1	0	0
ALDEx2_wi	500	200	10	0	0
Corncob	500	200	10	0	0
DACOMP	500	200	10	0	0
DESeq2	500	200	10	0	0
fastANCOM	500	200	10	0	0
LEfSe	500	200	10	0	0
limma_voom	500	200	10	0	0
LinDA	500	200	10	0	0
MaAsLin2	500	200	10	0	0
Wilcox	500	200	10	0	0
ZicoSeq	500	200	10	0	0
ALDEx2_wi	500	200	2	0	0
Corncob	500	200	2	0	0
DACOMP	500	200	2	0	0
DESeq2	500	200	2	0	0
fastANCOM	500	200	2	0	0
LEfSe	500	200	2	0	0
limma_voom	500	200	2	0	0
LinDA	500	200	2	0	0
MaAsLin2	500	200	2	0	0
Wilcox	500	200	2	0	0
ZicoSeq	500	200	2	0	0
ALDEx2_wi	500	200	5	0	0
Corncob	500	200	5	0	0
DACOMP	500	200	5	0	0
DESeq2	500	200	5	0	0
fastANCOM	500	200	5	0	0
LEfSe	500	200	5	0	0
limma_voom	500	200	5	0	0
LinDA	500	200	5	0	0
MaAsLin2	500	200	5	0	0
Wilcox	500	200	5	0	0
ZicoSeq	500	200	5	0	0
ALDEx2_wi	100	2000	1	0	0
Corncob	100	2000	1	0	0
DACOMP	100	2000	1	0	0
DESeq2	100	2000	1	0.000691378	0.000325
fastANCOM	100	2000	1	0	0
LEfSe	100	2000	1	0	0
limma_voom	100	2000	1	0.038940819	0.036875
LinDA	100	2000	1	0	0
MaAsLin2	100	2000	1	0	0
Wilcox	100	2000	1	0	0
ZicoSeq	100	2000	1	0	0
ALDEx2_wi	100	2000	10	0.100309337	0.01005
Corncob	100	2000	10	0.101297493	0.014975
DACOMP	100	2000	10	0.105653961	0.0192
DESeq2	100	2000	10	0.027434656	0.02135
fastANCOM	100	2000	10	0.103477067	0.0865
LEfSe	100	2000	10	0.100932275	0.020725
limma_voom	100	2000	10	0.099866798	0.51045
LinDA	100	2000	10	0.102032505	0.020925
MaAsLin2	100	2000	10	0.103078102	0.02115
Wilcox	100	2000	10	0.100905013	0.017225
ZicoSeq	100	2000	10	0	0
ALDEx2_wi	100	2000	2	0.062315476	0.00085
Corncob	100	2000	2	0.057992063	0.000925
DACOMP	100	2000	2	0.005323954	0.000275
DESeq2	100	2000	2	0.007122748	0.003875
fastANCOM	100	2000	2	0.062380952	0.00105
LEfSe	100	2000	2	0.068285895	0.001275
limma_voom	100	2000	2	0.06937918	0.06525
LinDA	100	2000	2	0.062234488	0.001025
MaAsLin2	100	2000	2	0.061221149	0.001030151
Wilcox	100	2000	2	0.063962302	0.00105
ZicoSeq	100	2000	2	0	0
ALDEx2_wi	100	2000	5	0.09722937	0.005275
Corncob	100	2000	5	0.100665063	0.00665
DACOMP	100	2000	5	0.098094723	0.010825
DESeq2	100	2000	5	0.023348556	0.015875
fastANCOM	100	2000	5	0.098597869	0.014875
LEfSe	100	2000	5	0.104308752	0.009075
limma_voom	100	2000	5	0.100293692	0.2
LinDA	100	2000	5	0.103760287	0.01035
MaAsLin2	100	2000	5	0.100705335	0.01
Wilcox	100	2000	5	0.103541423	0.00805
ZicoSeq	100	2000	5	0	0
ALDEx2_wi	20	2000	1	0	0
Corncob	20	2000	1	0.0075	7.50E-05
DACOMP	20	2000	1	0	0
DESeq2	20	2000	1	4.73E-05	0.00015
fastANCOM	20	2000	1	0	0
LEfSe	20	2000	1	0	0
limma_voom	20	2000	1	0.018588254	0.06035
LinDA	20	2000	1	0.005	2.50E-05
MaAsLin2	20	2000	1	0.005025126	2.51E-05
Wilcox	20	2000	1	0	0
ZicoSeq	20	2000	1	0	0
ALDEx2_wi	20	2000	10	0.077746032	0.001225
Corncob	20	2000	10	0.091289248	0.001875
DACOMP	20	2000	10	0.002635101	0.000125
DESeq2	20	2000	10	0.00188145	0.0069
fastANCOM	20	2000	10	0.103835118	0.0238
LEfSe	20	2000	10	0.009736111	0.00025
limma_voom	20	2000	10	0.0954087	0.22405
LinDA	20	2000	10	0.099518038	0.0021
MaAsLin2	20	2000	10	0.100995356	0.00245
Wilcox	20	2000	10	0.0325	0.000175
ZicoSeq	20	2000	10	0	0
ALDEx2_wi	20	2000	2	0	0
Corncob	20	2000	2	0.0175	1.00E-04
DACOMP	20	2000	2	0	0
DESeq2	20	2000	2	0.000170748	0.000575
fastANCOM	20	2000	2	0.000975198	0.0043
LEfSe	20	2000	2	0	0
limma_voom	20	2000	2	0.024763438	0.0629
LinDA	20	2000	2	0	0
MaAsLin2	20	2000	2	0.005025126	2.51E-05
Wilcox	20	2000	2	0	0
ZicoSeq	20	2000	2	0	0
ALDEx2_wi	20	2000	5	0.032666667	0.000375
Corncob	20	2000	5	0.061940476	8.00E-04
DACOMP	20	2000	5	0	0
DESeq2	20	2000	5	0.001234803	0.0043
fastANCOM	20	2000	5	0.049709328	0.007
LEfSe	20	2000	5	0	0
limma_voom	20	2000	5	0.084310211	0.0762
LinDA	20	2000	5	0.054309524	0.000675
MaAsLin2	20	2000	5	0.065897066	0.000959596
Wilcox	20	2000	5	0.016666667	1.00E-04
ZicoSeq	20	2000	5	0	0
ALDEx2_wi	200	2000	1	0	0
Corncob	200	2000	1	0.005	2.50E-05
DACOMP	200	2000	1	0	0
DESeq2	200	2000	1	0.006145561	0.000575
fastANCOM	200	2000	1	0.01	5.00E-05
LEfSe	200	2000	1	0.005347594	2.67E-05
limma_voom	200	2000	1	0.061754223	0.049025
LinDA	200	2000	1	0.005	2.50E-05
MaAsLin2	200	2000	1	0.005025126	2.51E-05
Wilcox	200	2000	1	0.005	2.50E-05
ZicoSeq	200	2000	1	0	0
ALDEx2_wi	200	2000	10	0.101355322	0.0213
Corncob	200	2000	10	0.102064261	0.0322
DACOMP	200	2000	10	0.100188746	0.037025
DESeq2	200	2000	10	0.077343099	0.036275
fastANCOM	200	2000	10	0.10149448	0.170025
LEfSe	200	2000	10	0.103517198	0.0511
limma_voom	200	2000	10	0.099603065	0.652
LinDA	200	2000	10	0.101438539	0.052675
MaAsLin2	200	2000	10	0.10122687	0.051575
Wilcox	200	2000	10	0.102824275	0.0449
ZicoSeq	200	2000	10	0.000725806	0.000225
ALDEx2_wi	200	2000	2	0.103363928	0.00315
Corncob	200	2000	2	0.115748676	0.003375
DACOMP	200	2000	2	0.063982253	0.00395
DESeq2	200	2000	2	0.055487273	0.00915
fastANCOM	200	2000	2	0.116387252	0.0048
LEfSe	200	2000	2	0.118252446	0.004775
limma_voom	200	2000	2	0.109052236	0.073
LinDA	200	2000	2	0.112791458	0.00465
MaAsLin2	200	2000	2	0.11499151	0.004822335
Wilcox	200	2000	2	0.114796361	0.0044
ZicoSeq	200	2000	2	0	0
ALDEx2_wi	200	2000	5	0.105860081	0.010325
Corncob	200	2000	5	0.101634084	0.0144
DACOMP	200	2000	5	0.100355981	0.021225
DESeq2	200	2000	5	0.074845998	0.02365
fastANCOM	200	2000	5	0.103792774	0.0465
LEfSe	200	2000	5	0.100190709	0.02045
limma_voom	200	2000	5	0.101576436	0.280425
LinDA	200	2000	5	0.101255258	0.0226
MaAsLin2	200	2000	5	0.103097983	0.022969543
Wilcox	200	2000	5	0.101142829	0.01765
ZicoSeq	200	2000	5	0	0
ALDEx2_wi	300	2000	1	0	0
Corncob	300	2000	1	0.005	2.50E-05
DACOMP	300	2000	1	0	0
DESeq2	300	2000	1	0.028180556	5.00E-04
fastANCOM	300	2000	1	0	0
LEfSe	300	2000	1	0.006274034	0.000136612
limma_voom	300	2000	1	0.054362076	0.039675
LinDA	300	2000	1	0.005	2.50E-05
MaAsLin2	300	2000	1	0	0
Wilcox	300	2000	1	0.005	2.50E-05
ZicoSeq	300	2000	1	0	0
ALDEx2_wi	300	2000	10	0.09805609	0.03005
Corncob	300	2000	10	0.099717668	0.0518
DACOMP	300	2000	10	0.098102036	0.04735
DESeq2	300	2000	10	0.093894962	0.053275
fastANCOM	300	2000	10	0.097518239	0.199625
LEfSe	300	2000	10	0.099602917	0.079
limma_voom	300	2000	10	0.098665759	0.706
LinDA	300	2000	10	0.099705671	0.08375
MaAsLin2	300	2000	10	0.098756128	0.08861809
Wilcox	300	2000	10	0.099389081	0.07175
ZicoSeq	300	2000	10	0.00121303	4.00E-04
ALDEx2_wi	300	2000	2	0.104990512	0.004625
Corncob	300	2000	2	0.100999679	0.004925
DACOMP	300	2000	2	0.097770277	0.008175
DESeq2	300	2000	2	0.08525245	0.012425
fastANCOM	300	2000	2	0.102375403	0.0074
LEfSe	300	2000	2	0.103449679	0.0067
limma_voom	300	2000	2	0.103976902	0.082575
LinDA	300	2000	2	0.101115537	0.0073
MaAsLin2	300	2000	2	0.102109083	0.007325
Wilcox	300	2000	2	0.102478466	0.00595
ZicoSeq	300	2000	2	0.000234375	7.50E-05
ALDEx2_wi	300	2000	5	0.093817645	0.0128
Corncob	300	2000	5	0.095909335	0.0207
DACOMP	300	2000	5	0.096900616	0.02635
DESeq2	300	2000	5	0.09277801	0.03095
fastANCOM	300	2000	5	0.100682391	0.0713
LEfSe	300	2000	5	0.095982659	0.03165
limma_voom	300	2000	5	0.099314163	0.3441
LinDA	300	2000	5	0.099837142	0.03555
MaAsLin2	300	2000	5	0.099636414	0.037311558
Wilcox	300	2000	5	0.097336502	0.0278
ZicoSeq	300	2000	5	0.000416667	0.000125
ALDEx2_wi	50	2000	1	0	0
Corncob	50	2000	1	0.0025	2.50E-05
DACOMP	50	2000	1	0	0
DESeq2	50	2000	1	0.000150488	1.00E-04
fastANCOM	50	2000	1	0.0025	2.50E-05
LEfSe	50	2000	1	0.0025	2.50E-05
limma_voom	50	2000	1	0.023246898	0.05105
LinDA	50	2000	1	0.0025	2.50E-05
MaAsLin2	50	2000	1	0.0025	2.50E-05
Wilcox	50	2000	1	0.0025	2.50E-05
ZicoSeq	50	2000	1	0	0
ALDEx2_wi	50	2000	10	0.089167458	0.004625
Corncob	50	2000	10	0.092297967	0.005725
DACOMP	50	2000	10	0.072252977	0.00655
DESeq2	50	2000	10	0.013866711	0.0135
fastANCOM	50	2000	10	0.096166251	0.040275
LEfSe	50	2000	10	0.094572026	0.006725
limma_voom	50	2000	10	0.104180334	0.3278
LinDA	50	2000	10	0.096306763	0.008
MaAsLin2	50	2000	10	0.098333545	0.008275
Wilcox	50	2000	10	0.095551116	0.006175
ZicoSeq	50	2000	10	0	0
ALDEx2_wi	50	2000	2	0.03625	3.00E-04
Corncob	50	2000	2	0.0525	0.00045
DACOMP	50	2000	2	0	0
DESeq2	50	2000	2	0.001995004	0.001325
fastANCOM	50	2000	2	0.042916667	0.000325
LEfSe	50	2000	2	0.042083333	0.00035
limma_voom	50	2000	2	0.062854479	0.050775
LinDA	50	2000	2	0.029708333	0.000325
MaAsLin2	50	2000	2	0.046717172	0.000378788
Wilcox	50	2000	2	0.020833333	0.000175
ZicoSeq	50	2000	2	0	0
ALDEx2_wi	50	2000	5	0.097811799	0.003025
Corncob	50	2000	5	0.091883686	0.002725
DACOMP	50	2000	5	0.021018387	0.001375
DESeq2	50	2000	5	0.011330572	0.009275
fastANCOM	50	2000	5	0.099996036	0.006475
LEfSe	50	2000	5	0.10353296	0.0035
limma_voom	50	2000	5	0.106643107	0.10325
LinDA	50	2000	5	0.103750402	0.0044
MaAsLin2	50	2000	5	0.098977128	0.004343434
Wilcox	50	2000	5	0.092328921	0.003
ZicoSeq	50	2000	5	0	0
ALDEx2_wi	500	2000	1	0	0
Corncob	500	2000	1	0	0
DACOMP	500	2000	1	0	0
DESeq2	500	2000	1	0.061566558	0.000825
fastANCOM	500	2000	1	0	0
LEfSe	500	2000	1	0	0
limma_voom	500	2000	1	0.068999872	0.057725
LinDA	500	2000	1	0	0
MaAsLin2	500	2000	1	0	0
Wilcox	500	2000	1	0	0
ZicoSeq	500	2000	1	0	0
ALDEx2_wi	500	2000	10	0.095089889	0.0431
Corncob	500	2000	10	0.097706969	0.08845
DACOMP	500	2000	10	0.099304379	0.062875
DESeq2	500	2000	10	0.098469204	0.07925
fastANCOM	500	2000	10	0.09748037	0.273225
LEfSe	500	2000	10	0.099015966	0.123675
limma_voom	500	2000	10	0.099845099	0.78345
LinDA	500	2000	10	0.099091101	0.122675
MaAsLin2	500	2000	10	0.099198336	0.15625
Wilcox	500	2000	10	0.098966822	0.118075
ZicoSeq	500	2000	10	0.000897566	3.00E-04
ALDEx2_wi	500	2000	2	0.104671449	0.006725
Corncob	500	2000	2	0.102486682	0.008425
DACOMP	500	2000	2	0.100099138	0.012175
DESeq2	500	2000	2	0.09605944	0.0175
fastANCOM	500	2000	2	0.098989067	0.01435
LEfSe	500	2000	2	0.099639393	0.01065
limma_voom	500	2000	2	0.097732247	0.118075
LinDA	500	2000	2	0.101703184	0.012475
MaAsLin2	500	2000	2	0.102612288	0.013625
Wilcox	500	2000	2	0.101738724	0.0098
ZicoSeq	500	2000	2	0	0
ALDEx2_wi	500	2000	5	0.101747066	0.0223
Corncob	500	2000	5	0.102551114	0.04165
DACOMP	500	2000	5	0.102628575	0.03795
DESeq2	500	2000	5	0.100628394	0.049275
fastANCOM	500	2000	5	0.101616462	0.134325
LEfSe	500	2000	5	0.100210382	0.05885
limma_voom	500	2000	5	0.100212034	0.415625
LinDA	500	2000	5	0.10109899	0.061175
MaAsLin2	500	2000	5	0.101431119	0.073819095
Wilcox	500	2000	5	0.099620133	0.05375
ZicoSeq	500	2000	5	0	0
ALDEx2_wi	100	300	1	0	0
Corncob	100	300	1	0	0
DACOMP	100	300	1	0	0
DESeq2	100	300	1	0.04975	0.002666667
fastANCOM	100	300	1	0	0
LEfSe	100	300	1	0	0
limma_voom	100	300	1	0.040401783	0.0125
LinDA	100	300	1	0.005	0.000166667
MaAsLin2	100	300	1	0	0
Wilcox	100	300	1	0	0
ZicoSeq	100	300	1	0	0
ALDEx2_wi	100	300	10	0.097143187	0.035333333
Corncob	100	300	10	0.102272347	0.051333333
DACOMP	100	300	10	0.104060089	0.051333333
DESeq2	100	300	10	0.10307916	0.092166667
fastANCOM	100	300	10	0.098802252	0.060666667
LEfSe	100	300	10	0.103410339	0.077333333
limma_voom	100	300	10	0.100113124	0.194833333
LinDA	100	300	10	0.105432745	0.087166667
MaAsLin2	100	300	10	0.104849005	0.0845
Wilcox	100	300	10	0.100174643	0.0685
ZicoSeq	100	300	10	0	0
ALDEx2_wi	100	300	2	0.05725	0.003833333
Corncob	100	300	2	0.066297619	0.0045
DACOMP	100	300	2	0.028855519	0.005666667
DESeq2	100	300	2	0.100629333	0.0225
fastANCOM	100	300	2	0.035833333	0.002333333
LEfSe	100	300	2	0.072585193	0.007
limma_voom	100	300	2	0.075634742	0.021166667
LinDA	100	300	2	0.065541667	0.0055
MaAsLin2	100	300	2	0.066930556	0.005166667
Wilcox	100	300	2	0.061380952	0.004833333
ZicoSeq	100	300	2	0	0
ALDEx2_wi	100	300	5	0.082413101	0.017833333
Corncob	100	300	5	0.08906326	0.0195
DACOMP	100	300	5	0.085286645	0.029666667
DESeq2	100	300	5	0.088886271	0.060333333
fastANCOM	100	300	5	0.089492851	0.025166667
LEfSe	100	300	5	0.094666358	0.031166667
limma_voom	100	300	5	0.089131407	0.090333333
LinDA	100	300	5	0.090626146	0.035833333
MaAsLin2	100	300	5	0.092331131	0.035
Wilcox	100	300	5	0.095482927	0.030333333
ZicoSeq	100	300	5	0.00016129	0.000166667
ALDEx2_wi	20	300	1	0	0
Corncob	20	300	1	0	0
DACOMP	20	300	1	0	0
DESeq2	20	300	1	0.008986458	0.003166667
fastANCOM	20	300	1	0	0
LEfSe	20	300	1	0	0
limma_voom	20	300	1	0.027756161	0.008666667
LinDA	20	300	1	0	0
MaAsLin2	20	300	1	0	0
Wilcox	20	300	1	0	0
ZicoSeq	20	300	1	0	0
ALDEx2_wi	20	300	10	0.116666667	0.008333333
Corncob	20	300	10	0.107166667	0.0095
DACOMP	20	300	10	0.032839286	0.004666667
DESeq2	20	300	10	0.049528751	0.033
fastANCOM	20	300	10	0.118464286	0.01
LEfSe	20	300	10	0.077833333	0.005333333
limma_voom	20	300	10	0.117625513	0.062833333
LinDA	20	300	10	0.120359307	0.0115
MaAsLin2	20	300	10	0.125251984	0.012833333
Wilcox	20	300	10	0.058916667	0.0045
ZicoSeq	20	300	10	0	0
ALDEx2_wi	20	300	2	0	0
Corncob	20	300	2	0.0075	0.000333333
DACOMP	20	300	2	0	0
DESeq2	20	300	2	0.011041208	0.004333333
fastANCOM	20	300	2	0	0
LEfSe	20	300	2	0	0
limma_voom	20	300	2	0.016609786	0.004
LinDA	20	300	2	0.005	0.000166667
MaAsLin2	20	300	2	0.006700168	0.000335008
Wilcox	20	300	2	0	0
ZicoSeq	20	300	2	0	0
ALDEx2_wi	20	300	5	0.073333333	0.003333333
Corncob	20	300	5	0.090375	0.005166667
DACOMP	20	300	5	0.00125	0.000166667
DESeq2	20	300	5	0.037981008	0.020166667
fastANCOM	20	300	5	0.05625	0.003
LEfSe	20	300	5	0.0525	0.002166667
limma_voom	20	300	5	0.072224227	0.019833333
LinDA	20	300	5	0.074666667	0.004166667
MaAsLin2	20	300	5	0.071138889	0.004666667
Wilcox	20	300	5	0.048333333	0.002
ZicoSeq	20	300	5	0	0
ALDEx2_wi	200	300	1	0.001666667	0.000166667
Corncob	200	300	1	0.001666667	0.000166667
DACOMP	200	300	1	0	0
DESeq2	200	300	1	0.061982143	0.007
fastANCOM	200	300	1	0.005	0.000166667
LEfSe	200	300	1	0.001757263	0.000343643
limma_voom	200	300	1	0.053991839	0.011
LinDA	200	300	1	0.0025	0.000166667
MaAsLin2	200	300	1	0.002512563	0.000167504
Wilcox	200	300	1	0.001	0.000166667
ZicoSeq	200	300	1	0	0
ALDEx2_wi	200	300	10	0.099473542	0.079833333
Corncob	200	300	10	0.09287899	0.1185
DACOMP	200	300	10	0.088742236	0.056333333
DESeq2	200	300	10	0.091471235	0.148333333
fastANCOM	200	300	10	0.088758307	0.132333333
LEfSe	200	300	10	0.092099874	0.1545
limma_voom	200	300	10	0.091774473	0.292833333
LinDA	200	300	10	0.091318635	0.154666667
MaAsLin2	200	300	10	0.091844191	0.1775
Wilcox	200	300	10	0.093412314	0.147666667
ZicoSeq	200	300	10	0.00078125	0.000833333
ALDEx2_wi	200	300	2	0.088418651	0.011
Corncob	200	300	2	0.083020022	0.01
DACOMP	200	300	2	0.067112377	0.016666667
DESeq2	200	300	2	0.097886432	0.039
fastANCOM	200	300	2	0.088842643	0.010333333
LEfSe	200	300	2	0.102505883	0.0165
limma_voom	200	300	2	0.105294088	0.043833333
LinDA	200	300	2	0.092415946	0.016333333
MaAsLin2	200	300	2	0.1013031	0.016333333
Wilcox	200	300	2	0.106445145	0.015
ZicoSeq	200	300	2	0	0
ALDEx2_wi	200	300	5	0.099400176	0.036666667
Corncob	200	300	5	0.100631073	0.052
DACOMP	200	300	5	0.100502083	0.050166667
DESeq2	200	300	5	0.097969227	0.097
fastANCOM	200	300	5	0.097920087	0.058333333
LEfSe	200	300	5	0.09610233	0.0695
limma_voom	200	300	5	0.09904455	0.138833333
LinDA	200	300	5	0.101715593	0.0855
MaAsLin2	200	300	5	0.098134882	0.083666667
Wilcox	200	300	5	0.095081286	0.063833333
ZicoSeq	200	300	5	0	0
ALDEx2_wi	300	300	1	0	0
Corncob	300	300	1	0	0
DACOMP	300	300	1	0.000909091	0.000333333
DESeq2	300	300	1	0.051047003	0.005166667
fastANCOM	300	300	1	0	0
LEfSe	300	300	1	0.001269036	0.000169205
limma_voom	300	300	1	0.046080986	0.015166667
LinDA	300	300	1	0.015277778	0.001
MaAsLin2	300	300	1	0.001666667	0.000166667
Wilcox	300	300	1	0.000555556	0.000166667
ZicoSeq	300	300	1	0	0
ALDEx2_wi	300	300	10	0.0979418	0.1055
Corncob	300	300	10	0.09920774	0.172
DACOMP	300	300	10	0.096706117	0.062333333
DESeq2	300	300	10	0.09670132	0.196666667
fastANCOM	300	300	10	0.099503393	0.191
LEfSe	300	300	10	0.098247937	0.2095
limma_voom	300	300	10	0.098856227	0.3485
LinDA	300	300	10	0.09807213	0.192833333
MaAsLin2	300	300	10	0.098857316	0.2435
Wilcox	300	300	10	0.100048416	0.203
ZicoSeq	300	300	10	0	0
ALDEx2_wi	300	300	2	0.099452561	0.014833333
Corncob	300	300	2	0.101681783	0.016
DACOMP	300	300	2	0.096718616	0.027833333
DESeq2	300	300	2	0.103739219	0.053333333
fastANCOM	300	300	2	0.09738345	0.018
LEfSe	300	300	2	0.100760426	0.023
limma_voom	300	300	2	0.096096743	0.048
LinDA	300	300	2	0.102040893	0.027166667
MaAsLin2	300	300	2	0.102959066	0.025166667
Wilcox	300	300	2	0.101749556	0.021166667
ZicoSeq	300	300	2	0	0
ALDEx2_wi	300	300	5	0.105295229	0.059166667
Corncob	300	300	5	0.101741303	0.0875
DACOMP	300	300	5	0.103116377	0.056666667
DESeq2	300	300	5	0.095553778	0.134833333
fastANCOM	300	300	5	0.097072541	0.092333333
LEfSe	300	300	5	0.098398709	0.1115
limma_voom	300	300	5	0.096350837	0.181166667
LinDA	300	300	5	0.097496975	0.118
MaAsLin2	300	300	5	0.096309552	0.127166667
Wilcox	300	300	5	0.098187443	0.1045
ZicoSeq	300	300	5	0	0
ALDEx2_wi	50	300	1	0	0
Corncob	50	300	1	0.005	0.000166667
DACOMP	50	300	1	0	0
DESeq2	50	300	1	0.044847222	0.0035
fastANCOM	50	300	1	0	0
LEfSe	50	300	1	0.007417582	0.001020408
limma_voom	50	300	1	0.028285013	0.006
LinDA	50	300	1	0.000833333	0.000166667
MaAsLin2	50	300	1	0.005025126	0.000167504
Wilcox	50	300	1	0.005	0.000166667
ZicoSeq	50	300	1	0	0
ALDEx2_wi	50	300	10	0.106126013	0.020833333
Corncob	50	300	10	0.10530685	0.021833333
DACOMP	50	300	10	0.105150715	0.029166667
DESeq2	50	300	10	0.10483203	0.064333333
fastANCOM	50	300	10	0.112132797	0.029333333
LEfSe	50	300	10	0.10222274	0.031666667
limma_voom	50	300	10	0.0978312	0.123166667
LinDA	50	300	10	0.104830663	0.037
MaAsLin2	50	300	10	0.105025327	0.036333333
Wilcox	50	300	10	0.10267796	0.028
ZicoSeq	50	300	10	0	0
ALDEx2_wi	50	300	2	0.037916667	0.001666667
Corncob	50	300	2	0.04	0.001666667
DACOMP	50	300	2	0.002916667	0.000333333
DESeq2	50	300	2	0.098843254	0.010833333
fastANCOM	50	300	2	0.0275	0.001
LEfSe	50	300	2	0.054145516	0.002368866
limma_voom	50	300	2	0.051741227	0.010166667
LinDA	50	300	2	0.0285	0.001666667
MaAsLin2	50	300	2	0.025	0.001333333
Wilcox	50	300	2	0.024166667	0.001333333
ZicoSeq	50	300	2	0	0
ALDEx2_wi	50	300	5	0.099267857	0.013833333
Corncob	50	300	5	0.105625361	0.012
DACOMP	50	300	5	0.085579601	0.016666667
DESeq2	50	300	5	0.09940076	0.042333333
fastANCOM	50	300	5	0.100301587	0.0155
LEfSe	50	300	5	0.100733978	0.017833333
limma_voom	50	300	5	0.098843661	0.056833333
LinDA	50	300	5	0.104293741	0.02
MaAsLin2	50	300	5	0.105094919	0.019666667
Wilcox	50	300	5	0.100203755	0.015833333
ZicoSeq	50	300	5	0	0
ALDEx2_wi	500	300	1	0	0
Corncob	500	300	1	0	0
DACOMP	500	300	1	0	0
DESeq2	500	300	1	0.056154762	0.005166667
fastANCOM	500	300	1	0	0
LEfSe	500	300	1	0.005025126	0.000167504
limma_voom	500	300	1	0.03619428	0.011
LinDA	500	300	1	0.005	0.000166667
MaAsLin2	500	300	1	0.005	0.000166667
Wilcox	500	300	1	0.005	0.000166667
ZicoSeq	500	300	1	0	0
ALDEx2_wi	500	300	10	0.10063748	0.1525
Corncob	500	300	10	0.10093362	0.2455
DACOMP	500	300	10	0.107645302	0.072833333
DESeq2	500	300	10	0.101352481	0.282666667
fastANCOM	500	300	10	0.098280373	0.248333333
LEfSe	500	300	10	0.099612808	0.2825
limma_voom	500	300	10	0.096682564	0.412333333
LinDA	500	300	10	0.099949258	0.2395
MaAsLin2	500	300	10	0.099617077	0.331333333
Wilcox	500	300	10	0.100088747	0.271833333
ZicoSeq	500	300	10	0.000483871	5.00E-04
ALDEx2_wi	500	300	2	0.116597105	0.025666667
Corncob	500	300	2	0.113434976	0.031666667
DACOMP	500	300	2	0.111996185	0.0425
DESeq2	500	300	2	0.102455403	0.079
fastANCOM	500	300	2	0.112256551	0.034666667
LEfSe	500	300	2	0.11009505	0.040833333
limma_voom	500	300	2	0.100029985	0.072333333
LinDA	500	300	2	0.104604716	0.046833333
MaAsLin2	500	300	2	0.102840576	0.045333333
Wilcox	500	300	2	0.107570852	0.036333333
ZicoSeq	500	300	2	0	0
ALDEx2_wi	500	300	5	0.10278434	0.084
Corncob	500	300	5	0.099302194	0.129333333
DACOMP	500	300	5	0.110078562	0.0635
DESeq2	500	300	5	0.102345686	0.195166667
fastANCOM	500	300	5	0.102753415	0.132833333
LEfSe	500	300	5	0.098640767	0.161666667
limma_voom	500	300	5	0.09783151	0.222833333
LinDA	500	300	5	0.101540794	0.155833333
MaAsLin2	500	300	5	0.099946993	0.182166667
Wilcox	500	300	5	0.098177505	0.150833333
ZicoSeq	500	300	5	0	0
ALDEx2_wi	100	400	1	0	0
Corncob	100	400	1	0	0
DACOMP	100	400	1	0	0
DESeq2	100	400	1	0.023380952	0.001375
fastANCOM	100	400	1	0	0
LEfSe	100	400	1	0	0
limma_voom	100	400	1	0.026190532	0.008375
LinDA	100	400	1	0.006666667	0.00025
MaAsLin2	100	400	1	0.001683502	0.000126263
Wilcox	100	400	1	0	0
ZicoSeq	100	400	1	0	0
ALDEx2_wi	100	400	10	0.090782048	0.036375
Corncob	100	400	10	0.090702638	0.05175
DACOMP	100	400	10	0.08827274	0.045125
DESeq2	100	400	10	0.092967098	0.084375
fastANCOM	100	400	10	0.088569938	0.059375
LEfSe	100	400	10	0.088856929	0.074875
limma_voom	100	400	10	0.09175084	0.21125
LinDA	100	400	10	0.091037316	0.08375
MaAsLin2	100	400	10	0.091426955	0.08275
Wilcox	100	400	10	0.088028229	0.068375
ZicoSeq	100	400	10	0	0
ALDEx2_wi	100	400	2	0.069303571	0.0045
Corncob	100	400	2	0.061261905	0.004125
DACOMP	100	400	2	0.031620201	0.00575
DESeq2	100	400	2	0.089328348	0.021875
fastANCOM	100	400	2	0.053505952	0.0035
LEfSe	100	400	2	0.073295228	0.006532663
limma_voom	100	400	2	0.084704042	0.0335
LinDA	100	400	2	0.056258089	0.0055
MaAsLin2	100	400	2	0.069628968	0.0055
Wilcox	100	400	2	0.074809524	0.00575
ZicoSeq	100	400	2	0	0
ALDEx2_wi	100	400	5	0.108742768	0.023125
Corncob	100	400	5	0.106192557	0.025875
DACOMP	100	400	5	0.103262459	0.036125
DESeq2	100	400	5	0.101913551	0.06425
fastANCOM	100	400	5	0.107068084	0.03275
LEfSe	100	400	5	0.103371719	0.03575
limma_voom	100	400	5	0.103209306	0.12275
LinDA	100	400	5	0.103303319	0.042375
MaAsLin2	100	400	5	0.106903814	0.041708543
Wilcox	100	400	5	0.106589378	0.03375
ZicoSeq	100	400	5	0	0
ALDEx2_wi	20	400	1	0	0
Corncob	20	400	1	0	0
DACOMP	20	400	1	0	0
DESeq2	20	400	1	0.008029297	0.00225
fastANCOM	20	400	1	0	0
LEfSe	20	400	1	0	0
limma_voom	20	400	1	0.019730024	0.009875
LinDA	20	400	1	0.005	0.000125
MaAsLin2	20	400	1	0	0
Wilcox	20	400	1	0	0
ZicoSeq	20	400	1	0	0
ALDEx2_wi	20	400	10	0.077434524	0.0055
Corncob	20	400	10	0.082135281	0.006625
DACOMP	20	400	10	0.027234127	0.003625
DESeq2	20	400	10	0.045437062	0.031
fastANCOM	20	400	10	0.108688492	0.008125
LEfSe	20	400	10	0.023857143	0.002125
limma_voom	20	400	10	0.095177005	0.064625
LinDA	20	400	10	0.094990135	0.00975
MaAsLin2	20	400	10	0.100706349	0.00975
Wilcox	20	400	10	0.035107143	0.002625
ZicoSeq	20	400	10	0	0
ALDEx2_wi	20	400	2	0	0
Corncob	20	400	2	0.0225	0.000625
DACOMP	20	400	2	0	0
DESeq2	20	400	2	0.006140133	0.002625
fastANCOM	20	400	2	0	0
LEfSe	20	400	2	0	0
limma_voom	20	400	2	0.009491027	0.010625
LinDA	20	400	2	0.0025	0.000125
MaAsLin2	20	400	2	0.005076142	0.000126904
Wilcox	20	400	2	0.005	0.000125
ZicoSeq	20	400	2	0	0
ALDEx2_wi	20	400	5	0.047916667	0.00175
Corncob	20	400	5	0.06752381	0.003625
DACOMP	20	400	5	0.002833333	0.000375
DESeq2	20	400	5	0.033175644	0.0185
fastANCOM	20	400	5	0.060464286	0.002625
LEfSe	20	400	5	0.010416667	0.00075
limma_voom	20	400	5	0.078155486	0.03275
LinDA	20	400	5	0.059297619	0.00325
MaAsLin2	20	400	5	0.063666667	0.003125
Wilcox	20	400	5	0.014583333	0.000625
ZicoSeq	20	400	5	0	0
ALDEx2_wi	200	400	1	0	0
Corncob	200	400	1	0	0
DACOMP	200	400	1	0.000555556	0.000125
DESeq2	200	400	1	0.054180556	0.00325
fastANCOM	200	400	1	0	0
LEfSe	200	400	1	0	0
limma_voom	200	400	1	0.049527362	0.012875
LinDA	200	400	1	0.009166667	0.000375
MaAsLin2	200	400	1	0	0
Wilcox	200	400	1	0	0
ZicoSeq	200	400	1	0	0
ALDEx2_wi	200	400	10	0.097364873	0.074625
Corncob	200	400	10	0.097050603	0.1215
DACOMP	200	400	10	0.095224784	0.06
DESeq2	200	400	10	0.09860312	0.153375
fastANCOM	200	400	10	0.09551098	0.139875
LEfSe	200	400	10	0.095199053	0.15575
limma_voom	200	400	10	0.098246701	0.305625
LinDA	200	400	10	0.098333851	0.162125
MaAsLin2	200	400	10	0.097971805	0.1845
Wilcox	200	400	10	0.09554178	0.149
ZicoSeq	200	400	10	0	0
ALDEx2_wi	200	400	2	0.101070221	0.01175
Corncob	200	400	2	0.099211996	0.010125
DACOMP	200	400	2	0.089764007	0.019
DESeq2	200	400	2	0.101261596	0.03775
fastANCOM	200	400	2	0.097484848	0.011375
LEfSe	200	400	2	0.09187704	0.015
limma_voom	200	400	2	0.096613796	0.04475
LinDA	200	400	2	0.105122999	0.01775
MaAsLin2	200	400	2	0.097164087	0.014949749
Wilcox	200	400	2	0.092926333	0.013375
ZicoSeq	200	400	2	0	0
ALDEx2_wi	200	400	5	0.101461818	0.037875
Corncob	200	400	5	0.102430395	0.058125
DACOMP	200	400	5	0.096269333	0.04725
DESeq2	200	400	5	0.096275544	0.098
fastANCOM	200	400	5	0.099899847	0.06475
LEfSe	200	400	5	0.100369872	0.07675
limma_voom	200	400	5	0.097204581	0.15225
LinDA	200	400	5	0.097371476	0.088125
MaAsLin2	200	400	5	0.098794267	0.089
Wilcox	200	400	5	0.100910111	0.069625
ZicoSeq	200	400	5	0.000357143	0.000375
ALDEx2_wi	300	400	1	0	0
Corncob	300	400	1	0	0
DACOMP	300	400	1	0.000714286	0.000125
DESeq2	300	400	1	0.060928571	0.0035
fastANCOM	300	400	1	0.005	0.000125
LEfSe	300	400	1	0.00064433	0.000257732
limma_voom	300	400	1	0.035482416	0.01025
LinDA	300	400	1	0	0
MaAsLin2	300	400	1	0	0
Wilcox	300	400	1	0	0
ZicoSeq	300	400	1	0	0
ALDEx2_wi	300	400	10	0.09723929	0.1045
Corncob	300	400	10	0.098074975	0.176375
DACOMP	300	400	10	0.098056716	0.064
DESeq2	300	400	10	0.099186722	0.199375
fastANCOM	300	400	10	0.09782241	0.1945
LEfSe	300	400	10	0.097915878	0.21225
limma_voom	300	400	10	0.095712606	0.366375
LinDA	300	400	10	0.096656644	0.195125
MaAsLin2	300	400	10	0.096594298	0.243
Wilcox	300	400	10	0.098324657	0.202875
ZicoSeq	300	400	10	0.000520833	0.000625
ALDEx2_wi	300	400	2	0.088128635	0.014875
Corncob	300	400	2	0.08292895	0.015875
DACOMP	300	400	2	0.088843993	0.02275
DESeq2	300	400	2	0.092625526	0.04725
fastANCOM	300	400	2	0.091129447	0.017875
LEfSe	300	400	2	0.088065442	0.02125
limma_voom	300	400	2	0.088952047	0.05025
LinDA	300	400	2	0.09084999	0.026125
MaAsLin2	300	400	2	0.087903475	0.024375
Wilcox	300	400	2	0.088549689	0.0205
ZicoSeq	300	400	2	0	0
ALDEx2_wi	300	400	5	0.101411519	0.05025
Corncob	300	400	5	0.10239282	0.084
DACOMP	300	400	5	0.101883453	0.054625
DESeq2	300	400	5	0.096982384	0.13
fastANCOM	300	400	5	0.097832463	0.0825
LEfSe	300	400	5	0.101983032	0.110375
limma_voom	300	400	5	0.096991518	0.18175
LinDA	300	400	5	0.097432995	0.11175
MaAsLin2	300	400	5	0.099233638	0.1235
Wilcox	300	400	5	0.101780265	0.098
ZicoSeq	300	400	5	0.000697674	0.00075
ALDEx2_wi	50	400	1	0	0
Corncob	50	400	1	0	0
DACOMP	50	400	1	0	0
DESeq2	50	400	1	0.028678571	0.001625
fastANCOM	50	400	1	0	0
LEfSe	50	400	1	0.002256063	0.000507614
limma_voom	50	400	1	0.037559225	0.007625
LinDA	50	400	1	0	0
MaAsLin2	50	400	1	0	0
Wilcox	50	400	1	0	0
ZicoSeq	50	400	1	0	0
ALDEx2_wi	50	400	10	0.094605686	0.017375
Corncob	50	400	10	0.097549854	0.021125
DACOMP	50	400	10	0.098586975	0.02875
DESeq2	50	400	10	0.098610667	0.05425
fastANCOM	50	400	10	0.106448405	0.027
LEfSe	50	400	10	0.099369715	0.027375
limma_voom	50	400	10	0.095132885	0.12625
LinDA	50	400	10	0.102125006	0.03275
MaAsLin2	50	400	10	0.103044332	0.031407035
Wilcox	50	400	10	0.100351115	0.025125
ZicoSeq	50	400	10	0	0
ALDEx2_wi	50	400	2	0.024583333	0.001125
Corncob	50	400	2	0.020416667	0.001375
DACOMP	50	400	2	0.005039474	0.000875
DESeq2	50	400	2	0.085080729	0.00975
fastANCOM	50	400	2	0.014166667	0.00075
LEfSe	50	400	2	0.028475712	0.001507538
limma_voom	50	400	2	0.056793625	0.01425
LinDA	50	400	2	0.017083333	0.001125
MaAsLin2	50	400	2	0.019761905	0.001125
Wilcox	50	400	2	0.02625	0.00125
ZicoSeq	50	400	2	0	0
ALDEx2_wi	50	400	5	0.088856151	0.011
Corncob	50	400	5	0.101477124	0.009375
DACOMP	50	400	5	0.082258445	0.01575
DESeq2	50	400	5	0.102155536	0.0405
fastANCOM	50	400	5	0.095576118	0.01375
LEfSe	50	400	5	0.085419469	0.01325
limma_voom	50	400	5	0.091682632	0.054625
LinDA	50	400	5	0.08927716	0.016375
MaAsLin2	50	400	5	0.088930065	0.015025253
Wilcox	50	400	5	0.085437146	0.012
ZicoSeq	50	400	5	0	0
ALDEx2_wi	500	400	1	0	0
Corncob	500	400	1	0.01	0.00025
DACOMP	500	400	1	0	0
DESeq2	500	400	1	0.062294733	0.0055
fastANCOM	500	400	1	0	0
LEfSe	500	400	1	0.003768844	0.000251256
limma_voom	500	400	1	0.032193713	0.014625
LinDA	500	400	1	0.005	0.00025
MaAsLin2	500	400	1	0.0075	0.00025
Wilcox	500	400	1	0.00625	0.00025
ZicoSeq	500	400	1	0	0
ALDEx2_wi	500	400	10	0.100196378	0.148625
Corncob	500	400	10	0.099095693	0.240125
DACOMP	500	400	10	0.100134693	0.067875
DESeq2	500	400	10	0.099500137	0.267
fastANCOM	500	400	10	0.100313786	0.26075
LEfSe	500	400	10	0.098334379	0.275625
limma_voom	500	400	10	0.098611309	0.41925
LinDA	500	400	10	0.097536487	0.230625
MaAsLin2	500	400	10	0.10031843	0.32375
Wilcox	500	400	10	0.097998817	0.26375
ZicoSeq	500	400	10	0.001517796	0.002
ALDEx2_wi	500	400	2	0.098607597	0.021875
Corncob	500	400	2	0.09814292	0.0275
DACOMP	500	400	2	0.103330893	0.039
DESeq2	500	400	2	0.099162887	0.07425
fastANCOM	500	400	2	0.10446952	0.03325
LEfSe	500	400	2	0.102710043	0.0365
limma_voom	500	400	2	0.095838104	0.075375
LinDA	500	400	2	0.102056197	0.047
MaAsLin2	500	400	2	0.101790325	0.046
Wilcox	500	400	2	0.101433062	0.03425
ZicoSeq	500	400	2	0	0
ALDEx2_wi	500	400	5	0.103222395	0.0825
Corncob	500	400	5	0.101377946	0.1345
DACOMP	500	400	5	0.110102216	0.060375
DESeq2	500	400	5	0.100201649	0.18725
fastANCOM	500	400	5	0.099176973	0.138625
LEfSe	500	400	5	0.10188012	0.164
limma_voom	500	400	5	0.096807536	0.225875
LinDA	500	400	5	0.099007389	0.152125
MaAsLin2	500	400	5	0.101069996	0.18275
Wilcox	500	400	5	0.101385232	0.154
ZicoSeq	500	400	5	0.000375	0.000375
ALDEx2_wi	100	500	1	0	0
Corncob	100	500	1	0	0
DACOMP	100	500	1	0.000454545	1.00E-04
DESeq2	100	500	1	0.022683081	0.0014
fastANCOM	100	500	1	0	0
LEfSe	100	500	1	0.003672957	0.00043956
limma_voom	100	500	1	0.034586809	0.014
LinDA	100	500	1	0.002291667	2.00E-04
MaAsLin2	100	500	1	0.003125	2.00E-04
Wilcox	100	500	1	0	0
ZicoSeq	100	500	1	0	0
ALDEx2_wi	100	500	10	0.099129019	0.04
Corncob	100	500	10	0.103717837	0.057
DACOMP	100	500	10	0.102842866	0.0518
DESeq2	100	500	10	0.103503755	0.0895
fastANCOM	100	500	10	0.10332598	0.0712
LEfSe	100	500	10	0.102595052	0.0836
limma_voom	100	500	10	0.098026151	0.2469
LinDA	100	500	10	0.103742566	0.0915
MaAsLin2	100	500	10	0.103637064	0.0888
Wilcox	100	500	10	0.103426199	0.0761
ZicoSeq	100	500	10	0	0
ALDEx2_wi	100	500	2	0.122829365	0.0072
Corncob	100	500	2	0.113744048	0.0062
DACOMP	100	500	2	0.047950758	0.0066
DESeq2	100	500	2	0.120548164	0.0246
fastANCOM	100	500	2	0.104006313	0.0062
LEfSe	100	500	2	0.122998432	0.0097
limma_voom	100	500	2	0.111546898	0.0378
LinDA	100	500	2	0.113165446	0.0086
MaAsLin2	100	500	2	0.115930719	0.007537688
Wilcox	100	500	2	0.122287698	0.0084
ZicoSeq	100	500	2	0	0
ALDEx2_wi	100	500	5	0.098751511	0.0213
Corncob	100	500	5	0.098872542	0.0254
DACOMP	100	500	5	0.102084399	0.0356
DESeq2	100	500	5	0.099175111	0.0599
fastANCOM	100	500	5	0.09654759	0.0317
LEfSe	100	500	5	0.102358938	0.037
limma_voom	100	500	5	0.097878702	0.115
LinDA	100	500	5	0.102734868	0.0442
MaAsLin2	100	500	5	0.100121456	0.0409
Wilcox	100	500	5	0.103842586	0.0341
ZicoSeq	100	500	5	0	0
ALDEx2_wi	20	500	1	0	0
Corncob	20	500	1	0.0085	3.00E-04
DACOMP	20	500	1	0	0
DESeq2	20	500	1	0.004277554	0.002
fastANCOM	20	500	1	0	0
LEfSe	20	500	1	0	0
limma_voom	20	500	1	0.027977232	0.0093
LinDA	20	500	1	0	0
MaAsLin2	20	500	1	0	0
Wilcox	20	500	1	0	0
ZicoSeq	20	500	1	0	0
ALDEx2_wi	20	500	10	0.074125	0.0043
Corncob	20	500	10	0.083577561	0.006
DACOMP	20	500	10	0.018720238	0.0023
DESeq2	20	500	10	0.036013963	0.0276
fastANCOM	20	500	10	0.078593254	0.0066
LEfSe	20	500	10	0.049353175	0.0033
limma_voom	20	500	10	0.100000616	0.068
LinDA	20	500	10	0.088994408	0.0083
MaAsLin2	20	500	10	0.085191525	0.007537688
Wilcox	20	500	10	0.053625	0.0031
ZicoSeq	20	500	10	0	0
ALDEx2_wi	20	500	2	0.005	1.00E-04
Corncob	20	500	2	0.044166667	0.001
DACOMP	20	500	2	0	0
DESeq2	20	500	2	0.004478006	0.0022
fastANCOM	20	500	2	0.005	1.00E-04
LEfSe	20	500	2	0	0
limma_voom	20	500	2	0.018795184	0.0091
LinDA	20	500	2	0.0125	3.00E-04
MaAsLin2	20	500	2	0.012626263	0.00030303
Wilcox	20	500	2	0	0
ZicoSeq	20	500	2	0	0
ALDEx2_wi	20	500	5	0.057208333	0.0022
Corncob	20	500	5	0.085380952	0.0036
DACOMP	20	500	5	0.006	7.00E-04
DESeq2	20	500	5	0.030855097	0.0195
fastANCOM	20	500	5	0.056694444	0.0028
LEfSe	20	500	5	0.014880952	8.00E-04
limma_voom	20	500	5	0.102279304	0.0311
LinDA	20	500	5	0.083916667	0.0038
MaAsLin2	20	500	5	0.077825636	0.003819095
Wilcox	20	500	5	0.017916667	5.00E-04
ZicoSeq	20	500	5	0	0
ALDEx2_wi	200	500	1	0	0
Corncob	200	500	1	0	0
DACOMP	200	500	1	0	0
DESeq2	200	500	1	0.053019993	0.0037
fastANCOM	200	500	1	0	0
LEfSe	200	500	1	0.001736111	0.000104167
limma_voom	200	500	1	0.063269022	0.0154
LinDA	200	500	1	0.0025	1.00E-04
MaAsLin2	200	500	1	0.0025	1.00E-04
Wilcox	200	500	1	0	0
ZicoSeq	200	500	1	0	0
ALDEx2_wi	200	500	10	0.094066388	0.0749
Corncob	200	500	10	0.095155192	0.124
DACOMP	200	500	10	0.093584272	0.0568
DESeq2	200	500	10	0.095647138	0.1382
fastANCOM	200	500	10	0.092465411	0.1411
LEfSe	200	500	10	0.095987385	0.1647
limma_voom	200	500	10	0.095104961	0.3406
LinDA	200	500	10	0.095552238	0.1629
MaAsLin2	200	500	10	0.0942383	0.1835
Wilcox	200	500	10	0.096445411	0.1569
ZicoSeq	200	500	10	0.00076087	7.00E-04
ALDEx2_wi	200	500	2	0.095135281	0.0104
Corncob	200	500	2	0.095285936	0.0105
DACOMP	200	500	2	0.074895757	0.0144
DESeq2	200	500	2	0.099637887	0.0391
fastANCOM	200	500	2	0.100639652	0.0126
LEfSe	200	500	2	0.099450775	0.0156
limma_voom	200	500	2	0.100185232	0.0509
LinDA	200	500	2	0.100899517	0.0178
MaAsLin2	200	500	2	0.106774604	0.0167
Wilcox	200	500	2	0.102125873	0.0148
ZicoSeq	200	500	2	0	0
ALDEx2_wi	200	500	5	0.103086477	0.0406
Corncob	200	500	5	0.101968322	0.0623
DACOMP	200	500	5	0.100804955	0.0498
DESeq2	200	500	5	0.098065998	0.097
fastANCOM	200	500	5	0.103199443	0.0684
LEfSe	200	500	5	0.100217089	0.0822
limma_voom	200	500	5	0.098112635	0.1662
LinDA	200	500	5	0.100498677	0.0932
MaAsLin2	200	500	5	0.100379428	0.095
Wilcox	200	500	5	0.101855638	0.0764
ZicoSeq	200	500	5	0	0
ALDEx2_wi	300	500	1	0	0
Corncob	300	500	1	0	0
DACOMP	300	500	1	0.001	1.00E-04
DESeq2	300	500	1	0.039058226	0.0036
fastANCOM	300	500	1	0	0
LEfSe	300	500	1	0.001282051	0.000102564
limma_voom	300	500	1	0.035861422	0.0148
LinDA	300	500	1	0.00125	1.00E-04
MaAsLin2	300	500	1	0.001	1.00E-04
Wilcox	300	500	1	0.00125	1.00E-04
ZicoSeq	300	500	1	0	0
ALDEx2_wi	300	500	10	0.098879815	0.106
Corncob	300	500	10	0.100884263	0.1919
DACOMP	300	500	10	0.10149941	0.0662
DESeq2	300	500	10	0.101368468	0.1963
fastANCOM	300	500	10	0.096985146	0.2027
LEfSe	300	500	10	0.100113004	0.2305
limma_voom	300	500	10	0.095938413	0.377
LinDA	300	500	10	0.100398832	0.2113
MaAsLin2	300	500	10	0.101498132	0.269
Wilcox	300	500	10	0.100483019	0.2175
ZicoSeq	300	500	10	0	0
ALDEx2_wi	300	500	2	0.088399709	0.0125
Corncob	300	500	2	0.092903718	0.014
DACOMP	300	500	2	0.084792495	0.0201
DESeq2	300	500	2	0.095646815	0.0499
fastANCOM	300	500	2	0.094575725	0.0169
LEfSe	300	500	2	0.09023908	0.0209
limma_voom	300	500	2	0.09221628	0.0546
LinDA	300	500	2	0.094730731	0.0266
MaAsLin2	300	500	2	0.088334615	0.0245
Wilcox	300	500	2	0.090452077	0.0191
ZicoSeq	300	500	2	0	0
ALDEx2_wi	300	500	5	0.09572113	0.0502
Corncob	300	500	5	0.096308711	0.0876
DACOMP	300	500	5	0.09488091	0.0492
DESeq2	300	500	5	0.096667929	0.1248
fastANCOM	300	500	5	0.09391512	0.0906
LEfSe	300	500	5	0.095937627	0.1104
limma_voom	300	500	5	0.094773575	0.1927
LinDA	300	500	5	0.097175898	0.1188
MaAsLin2	300	500	5	0.095666702	0.1266
Wilcox	300	500	5	0.095640334	0.1013
ZicoSeq	300	500	5	0	0
ALDEx2_wi	50	500	1	0	0
Corncob	50	500	1	0	0
DACOMP	50	500	1	0	0
DESeq2	50	500	1	0.021518116	0.0012
fastANCOM	50	500	1	0	0
LEfSe	50	500	1	0.000877193	0.000105263
limma_voom	50	500	1	0.046405894	0.0171
LinDA	50	500	1	0	0
MaAsLin2	50	500	1	0.005	1.00E-04
Wilcox	50	500	1	0	0
ZicoSeq	50	500	1	0	0
ALDEx2_wi	50	500	10	0.094696252	0.0179
Corncob	50	500	10	0.10128888	0.0221
DACOMP	50	500	10	0.090473936	0.026
DESeq2	50	500	10	0.095198593	0.0515
fastANCOM	50	500	10	0.09481728	0.0288
LEfSe	50	500	10	0.097974266	0.0312
limma_voom	50	500	10	0.093082737	0.1624
LinDA	50	500	10	0.096223863	0.0345
MaAsLin2	50	500	10	0.095523288	0.0334
Wilcox	50	500	10	0.09493478	0.0273
ZicoSeq	50	500	10	0	0
ALDEx2_wi	50	500	2	0.0445	0.0016
Corncob	50	500	2	0.049666667	0.0018
DACOMP	50	500	2	0.001	1.00E-04
DESeq2	50	500	2	0.082924839	0.0084
fastANCOM	50	500	2	0.0245	8.00E-04
LEfSe	50	500	2	0.05225	0.0019
limma_voom	50	500	2	0.0550571	0.0218
LinDA	50	500	2	0.05725	0.002
MaAsLin2	50	500	2	0.039698492	0.001507538
Wilcox	50	500	2	0.029333333	0.0013
ZicoSeq	50	500	2	0	0
ALDEx2_wi	50	500	5	0.105582057	0.0124
Corncob	50	500	5	0.108284179	0.0113
DACOMP	50	500	5	0.088403769	0.0166
DESeq2	50	500	5	0.094691351	0.0361
fastANCOM	50	500	5	0.10284	0.0153
LEfSe	50	500	5	0.102698783	0.0162
limma_voom	50	500	5	0.102583004	0.0687
LinDA	50	500	5	0.09292423	0.0176
MaAsLin2	50	500	5	0.09827938	0.0178
Wilcox	50	500	5	0.099664578	0.0137
ZicoSeq	50	500	5	0	0
ALDEx2_wi	500	500	1	0.005	1.00E-04
Corncob	500	500	1	0.000714286	1.00E-04
DACOMP	500	500	1	0	0
DESeq2	500	500	1	0.056235689	0.004
fastANCOM	500	500	1	0	0
LEfSe	500	500	1	0.000714286	2.00E-04
limma_voom	500	500	1	0.050829121	0.0161
LinDA	500	500	1	0.001458333	2.00E-04
MaAsLin2	500	500	1	0	0
Wilcox	500	500	1	0.005	1.00E-04
ZicoSeq	500	500	1	0	0
ALDEx2_wi	500	500	10	0.09907117	0.1548
Corncob	500	500	10	0.09795758	0.2706
DACOMP	500	500	10	0.103967819	0.0727
DESeq2	500	500	10	0.099908695	0.2752
fastANCOM	500	500	10	0.097820172	0.2922
LEfSe	500	500	10	0.099499696	0.3097
limma_voom	500	500	10	0.098816219	0.4714
LinDA	500	500	10	0.098686102	0.2631
MaAsLin2	500	500	10	0.098647983	0.3626
Wilcox	500	500	10	0.099003784	0.2973
ZicoSeq	500	500	10	0.000993651	0.0012
ALDEx2_wi	500	500	2	0.09090841	0.0211
Corncob	500	500	2	0.094443193	0.0295
DACOMP	500	500	2	0.092694009	0.0321
DESeq2	500	500	2	0.094469216	0.0681
fastANCOM	500	500	2	0.093444531	0.0314
LEfSe	500	500	2	0.092976149	0.0375
limma_voom	500	500	2	0.09607981	0.0826
LinDA	500	500	2	0.098574098	0.0457
MaAsLin2	500	500	2	0.095405601	0.0454
Wilcox	500	500	2	0.093514279	0.0336
ZicoSeq	500	500	2	0	0
ALDEx2_wi	500	500	5	0.103538226	0.0831
Corncob	500	500	5	0.101996198	0.1404
DACOMP	500	500	5	0.101138099	0.0581
DESeq2	500	500	5	0.100947067	0.185
fastANCOM	500	500	5	0.099869252	0.1382
LEfSe	500	500	5	0.10112183	0.1683
limma_voom	500	500	5	0.099591753	0.2368
LinDA	500	500	5	0.099584964	0.1552
MaAsLin2	500	500	5	0.099904643	0.1839
Wilcox	500	500	5	0.101860734	0.1575
ZicoSeq	500	500	5	0.000655738	8.00E-04
ALDEx2_wi	100	800	1	0	0
Corncob	100	800	1	0	0
DACOMP	100	800	1	0	0
DESeq2	100	800	1	0.007374695	0.00075
fastANCOM	100	800	1	0	0
LEfSe	100	800	1	0	0
limma_voom	100	800	1	0.074625783	0.033375
LinDA	100	800	1	0	0
MaAsLin2	100	800	1	0	0
Wilcox	100	800	1	0	0
ZicoSeq	100	800	1	0	0
ALDEx2_wi	100	800	10	0.10503604	0.0164375
Corncob	100	800	10	0.101618859	0.02175
DACOMP	100	800	10	0.097227242	0.0270625
DESeq2	100	800	10	0.078128036	0.0353125
fastANCOM	100	800	10	0.098847735	0.057625
LEfSe	100	800	10	0.099429125	0.0308125
limma_voom	100	800	10	0.100491156	0.381875
LinDA	100	800	10	0.099607421	0.0340625
MaAsLin2	100	800	10	0.098598281	0.0325625
Wilcox	100	800	10	0.099158691	0.0264375
ZicoSeq	100	800	10	0	0
ALDEx2_wi	100	800	2	0.072797619	0.0016875
Corncob	100	800	2	0.071964286	0.001625
DACOMP	100	800	2	0.015910714	0.00125
DESeq2	100	800	2	0.044996473	0.007125
fastANCOM	100	800	2	0.076630952	0.0016875
LEfSe	100	800	2	0.082345238	0.0025
limma_voom	100	800	2	0.091531184	0.062875
LinDA	100	800	2	0.073125	0.0019375
MaAsLin2	100	800	2	0.069938981	0.001821608
Wilcox	100	800	2	0.077232143	0.002
ZicoSeq	100	800	2	0	0
ALDEx2_wi	100	800	5	0.089949475	0.00825
Corncob	100	800	5	0.097854395	0.0095
DACOMP	100	800	5	0.100240761	0.017125
DESeq2	100	800	5	0.071838176	0.0248125
fastANCOM	100	800	5	0.100752551	0.0176875
LEfSe	100	800	5	0.096133045	0.0135625
limma_voom	100	800	5	0.101952863	0.1735625
LinDA	100	800	5	0.098395184	0.016125
MaAsLin2	100	800	5	0.099298524	0.0156875
Wilcox	100	800	5	0.096143064	0.011875
ZicoSeq	100	800	5	0	0
ALDEx2_wi	20	800	1	0.005	6.25E-05
Corncob	20	800	1	0.0075	0.000125
DACOMP	20	800	1	0	0
DESeq2	20	800	1	0.000373954	0.0006875
fastANCOM	20	800	1	0	0
LEfSe	20	800	1	0	0
limma_voom	20	800	1	0.023593515	0.032875
LinDA	20	800	1	0	0
MaAsLin2	20	800	1	0	0
Wilcox	20	800	1	0	0
ZicoSeq	20	800	1	0	0
ALDEx2_wi	20	800	10	0.07125	0.001875
Corncob	20	800	10	0.078595238	0.002875
DACOMP	20	800	10	0.00959127	0.0008125
DESeq2	20	800	10	0.005148086	0.011
fastANCOM	20	800	10	0.091155638	0.006875
LEfSe	20	800	10	0.022555556	0.0006875
limma_voom	20	800	10	0.090272991	0.1338125
LinDA	20	800	10	0.085930556	0.0034375
MaAsLin2	20	800	10	0.078630952	0.0035
Wilcox	20	800	10	0.015625	0.000375
ZicoSeq	20	800	10	0	0
ALDEx2_wi	20	800	2	0.005	6.25E-05
Corncob	20	800	2	0.013333333	0.00025
DACOMP	20	800	2	0	0
DESeq2	20	800	2	0.000626734	0.0011875
fastANCOM	20	800	2	0	0
LEfSe	20	800	2	0	0
limma_voom	20	800	2	0.035176954	0.039125
LinDA	20	800	2	0.005	6.25E-05
MaAsLin2	20	800	2	0	0
Wilcox	20	800	2	0.005	6.25E-05
ZicoSeq	20	800	2	0	0
ALDEx2_wi	20	800	5	0.055166667	0.0009375
Corncob	20	800	5	0.07060119	0.0014375
DACOMP	20	800	5	0.000833333	6.25E-05
DESeq2	20	800	5	0.003652093	0.00725
fastANCOM	20	800	5	0.039166667	0.0008125
LEfSe	20	800	5	0	0
limma_voom	20	800	5	0.09452436	0.0581875
LinDA	20	800	5	0.05	0.0010625
MaAsLin2	20	800	5	0.064070352	0.00138191
Wilcox	20	800	5	0.005	6.25E-05
ZicoSeq	20	800	5	0	0
ALDEx2_wi	200	800	1	0	0
Corncob	200	800	1	0	0
DACOMP	200	800	1	0.0003125	6.25E-05
DESeq2	200	800	1	0.035333333	0.00075
fastANCOM	200	800	1	0	0
LEfSe	200	800	1	0.002003643	0.000136612
limma_voom	200	800	1	0.060768388	0.037625
LinDA	200	800	1	0	0
MaAsLin2	200	800	1	0	0
Wilcox	200	800	1	0	0
ZicoSeq	200	800	1	0.000641026	0.0003125
ALDEx2_wi	200	800	10	0.09353876	0.027875
Corncob	200	800	10	0.096545001	0.041625
DACOMP	200	800	10	0.09280819	0.0388125
DESeq2	200	800	10	0.093209528	0.055375
fastANCOM	200	800	10	0.098828752	0.1105625
LEfSe	200	800	10	0.09562533	0.0646875
limma_voom	200	800	10	0.096868031	0.470125
LinDA	200	800	10	0.095303255	0.0729375
MaAsLin2	200	800	10	0.095728884	0.0718125
Wilcox	200	800	10	0.095359356	0.059
ZicoSeq	200	800	10	0.000147059	6.25E-05
ALDEx2_wi	200	800	2	0.099902778	0.0045
Corncob	200	800	2	0.084165224	0.0039375
DACOMP	200	800	2	0.078528323	0.006875
DESeq2	200	800	2	0.109010226	0.017
fastANCOM	200	800	2	0.111064484	0.00625
LEfSe	200	800	2	0.103308006	0.0069375
limma_voom	200	800	2	0.107034328	0.0601875
LinDA	200	800	2	0.118983461	0.00725
MaAsLin2	200	800	2	0.115710137	0.0069375
Wilcox	200	800	2	0.099923701	0.005625
ZicoSeq	200	800	2	0.00027027	0.000125
ALDEx2_wi	200	800	5	0.089021355	0.0135
Corncob	200	800	5	0.09053587	0.0185
DACOMP	200	800	5	0.08835071	0.0235
DESeq2	200	800	5	0.091318355	0.035625
fastANCOM	200	800	5	0.092948838	0.03975
LEfSe	200	800	5	0.088581242	0.027
limma_voom	200	800	5	0.097550959	0.2210625
LinDA	200	800	5	0.09008606	0.0316875
MaAsLin2	200	800	5	0.09057309	0.032125
Wilcox	200	800	5	0.088652815	0.0238125
ZicoSeq	200	800	5	0.000357143	0.0001875
ALDEx2_wi	300	800	1	0.005	6.25E-05
Corncob	300	800	1	0.005	6.25E-05
DACOMP	300	800	1	0.001	6.25E-05
DESeq2	300	800	1	0.038708333	0.001125
fastANCOM	300	800	1	0.005	6.25E-05
LEfSe	300	800	1	0.007367632	0.000343407
limma_voom	300	800	1	0.064576615	0.0386875
LinDA	300	800	1	0.005	6.25E-05
MaAsLin2	300	800	1	0.005	6.25E-05
Wilcox	300	800	1	0.005	6.25E-05
ZicoSeq	300	800	1	0	0
ALDEx2_wi	300	800	10	0.097946005	0.0439375
Corncob	300	800	10	0.097193798	0.0701875
DACOMP	300	800	10	0.098071418	0.0504375
DESeq2	300	800	10	0.099065512	0.08275
fastANCOM	300	800	10	0.10045807	0.154125
LEfSe	300	800	10	0.098366145	0.1026875
limma_voom	300	800	10	0.098282248	0.539
LinDA	300	800	10	0.099216059	0.11375
MaAsLin2	300	800	10	0.099795696	0.12725
Wilcox	300	800	10	0.098530263	0.0970625
ZicoSeq	300	800	10	0.000416667	0.0001875
ALDEx2_wi	300	800	2	0.092247114	0.0063125
Corncob	300	800	2	0.094436133	0.006375
DACOMP	300	800	2	0.077204016	0.00925
DESeq2	300	800	2	0.096197035	0.01875
fastANCOM	300	800	2	0.088565254	0.0093125
LEfSe	300	800	2	0.093709687	0.0095
limma_voom	300	800	2	0.090619773	0.061875
LinDA	300	800	2	0.08908682	0.009625
MaAsLin2	300	800	2	0.085849376	0.0095
Wilcox	300	800	2	0.094137042	0.0085
ZicoSeq	300	800	2	0	0
ALDEx2_wi	300	800	5	0.094146258	0.0215625
Corncob	300	800	5	0.096409805	0.0319375
DACOMP	300	800	5	0.101134431	0.0329375
DESeq2	300	800	5	0.100538828	0.055125
fastANCOM	300	800	5	0.099518609	0.0674375
LEfSe	300	800	5	0.097891841	0.047125
limma_voom	300	800	5	0.097360036	0.2850625
LinDA	300	800	5	0.101139591	0.0575625
MaAsLin2	300	800	5	0.096652598	0.059125
Wilcox	300	800	5	0.09920498	0.04375
ZicoSeq	300	800	5	0	0
ALDEx2_wi	50	800	1	0	0
Corncob	50	800	1	0	0
DACOMP	50	800	1	0	0
DESeq2	50	800	1	0.000888889	0.000125
fastANCOM	50	800	1	0	0
LEfSe	50	800	1	0	0
limma_voom	50	800	1	0.037369123	0.0354375
LinDA	50	800	1	0.005	6.25E-05
MaAsLin2	50	800	1	0.005	6.25E-05
Wilcox	50	800	1	0	0
ZicoSeq	50	800	1	0	0
ALDEx2_wi	50	800	10	0.11935665	0.009375
Corncob	50	800	10	0.110176718	0.009
DACOMP	50	800	10	0.103758978	0.0138125
DESeq2	50	800	10	0.057821797	0.0235625
fastANCOM	50	800	10	0.10973408	0.0191875
LEfSe	50	800	10	0.116337087	0.0126875
limma_voom	50	800	10	0.099870325	0.2375
LinDA	50	800	10	0.107007115	0.0141875
MaAsLin2	50	800	10	0.105865129	0.0141875
Wilcox	50	800	10	0.113324806	0.0110625
ZicoSeq	50	800	10	0	0
ALDEx2_wi	50	800	2	0.01	0.0001875
Corncob	50	800	2	0.024166667	0.000375
DACOMP	50	800	2	0	0
DESeq2	50	800	2	0.0175496	0.0029375
fastANCOM	50	800	2	0.010833333	0.00025
LEfSe	50	800	2	0.021666667	0.000375
limma_voom	50	800	2	0.054227341	0.0205625
LinDA	50	800	2	0.02	0.0003125
MaAsLin2	50	800	2	0.0125	0.0001875
Wilcox	50	800	2	0.015	0.00025
ZicoSeq	50	800	2	0	0
ALDEx2_wi	50	800	5	0.116113095	0.0053125
Corncob	50	800	5	0.115049603	0.0046875
DACOMP	50	800	5	0.055657037	0.0054375
DESeq2	50	800	5	0.054941751	0.0161875
fastANCOM	50	800	5	0.116431892	0.007375
LEfSe	50	800	5	0.129510281	0.0061875
limma_voom	50	800	5	0.100422519	0.088625
LinDA	50	800	5	0.116107864	0.0070625
MaAsLin2	50	800	5	0.118455665	0.007160804
Wilcox	50	800	5	0.115335678	0.0055625
ZicoSeq	50	800	5	0	0
ALDEx2_wi	500	800	1	0	0
Corncob	500	800	1	0	0
DACOMP	500	800	1	0	0
DESeq2	500	800	1	0.041097222	0.0013125
fastANCOM	500	800	1	0	0
LEfSe	500	800	1	0	0
limma_voom	500	800	1	0.087930918	0.037625
LinDA	500	800	1	0	0
MaAsLin2	500	800	1	0.0025	6.25E-05
Wilcox	500	800	1	0.00125	6.25E-05
ZicoSeq	500	800	1	0	0
ALDEx2_wi	500	800	10	0.100817802	0.0680625
Corncob	500	800	10	0.100604565	0.1309375
DACOMP	500	800	10	0.099731868	0.0635625
DESeq2	500	800	10	0.099138602	0.1318125
fastANCOM	500	800	10	0.099564851	0.2464375
LEfSe	500	800	10	0.099208514	0.160875
limma_voom	500	800	10	0.09886217	0.6461875
LinDA	500	800	10	0.100708932	0.172125
MaAsLin2	500	800	10	0.101204029	0.2115625
Wilcox	500	800	10	0.099886635	0.1560625
ZicoSeq	500	800	10	0.000609756	0.0003125
ALDEx2_wi	500	800	2	0.094483606	0.008875
Corncob	500	800	2	0.10147152	0.011125
DACOMP	500	800	2	0.097042678	0.015875
DESeq2	500	800	2	0.099788223	0.029125
fastANCOM	500	800	2	0.094183174	0.0154375
LEfSe	500	800	2	0.095852112	0.014375
limma_voom	500	800	2	0.099531751	0.1001875
LinDA	500	800	2	0.09329964	0.0170625
MaAsLin2	500	800	2	0.096336724	0.018375
Wilcox	500	800	2	0.095069844	0.0135
ZicoSeq	500	800	2	0.00025641	0.000125
ALDEx2_wi	500	800	5	0.10446111	0.034875
Corncob	500	800	5	0.099113678	0.0581875
DACOMP	500	800	5	0.104183992	0.0394375
DESeq2	500	800	5	0.099929379	0.0815
fastANCOM	500	800	5	0.096402658	0.1015625
LEfSe	500	800	5	0.099959215	0.0785
limma_voom	500	800	5	0.099217177	0.3544375
LinDA	500	800	5	0.097407492	0.0844375
MaAsLin2	500	800	5	0.096858576	0.099
Wilcox	500	800	5	0.098181855	0.0720625
ZicoSeq	500	800	5	0.000595238	0.0003125
edgeR	20	2000	1	0.009440476	3.00E-04
edgeR	50	2000	1	0.003428571	1.00E-04
edgeR	100	2000	1	0.020634921	4.00E-04
edgeR	200	2000	1	0.020631313	0.00035
edgeR	300	2000	1	0.020527778	0.00055
edgeR	500	2000	1	0.028816239	7.00E-04
edgeR	20	2000	2	0.36743759	0.00525
edgeR	50	2000	2	0.795910284	0.02015
edgeR	100	2000	2	0.849025267	0.03235
edgeR	200	2000	2	0.748552965	0.04015
edgeR	300	2000	2	0.655478877	0.03935
edgeR	500	2000	2	0.588135366	0.0391
edgeR	20	2000	5	0.837249836	0.027
edgeR	50	2000	5	0.766777722	0.03415
edgeR	100	2000	5	0.634483667	0.03895
edgeR	200	2000	5	0.47554144	0.0377
edgeR	300	2000	5	0.405847163	0.0408
edgeR	500	2000	5	0.28488105	0.0375
edgeR	20	2000	10	0.826269247	0.0253
edgeR	50	2000	10	0.687232357	0.0332
edgeR	100	2000	10	0.489834842	0.03775
edgeR	200	2000	10	0.390387344	0.03565
edgeR	300	2000	10	0.264976341	0.0347
edgeR	500	2000	10	0.205017828	0.03885
edgeR	20	1000	1	0.012	6.00E-04
edgeR	50	1000	1	0.070634921	0.0016
edgeR	100	1000	1	0.034305556	0.0011
edgeR	200	1000	1	0.062305556	0.0019
edgeR	300	1000	1	0.015916667	9.00E-04
edgeR	500	1000	1	0.041878788	0.0014
edgeR	20	1000	2	0.335136364	0.0088
edgeR	50	1000	2	0.736277778	0.0341
edgeR	100	1000	2	0.808524874	0.0508
edgeR	200	1000	2	0.709791139	0.0649
edgeR	300	1000	2	0.624822401	0.0653
edgeR	500	1000	2	0.574841878	0.0645
edgeR	20	1000	5	0.843145799	0.0426
edgeR	50	1000	5	0.733904831	0.0542
edgeR	100	1000	5	0.592444969	0.0606
edgeR	200	1000	5	0.492212428	0.0601
edgeR	300	1000	5	0.404384482	0.065
edgeR	500	1000	5	0.328257404	0.0602
edgeR	20	1000	10	0.766709318	0.0444
edgeR	50	1000	10	0.702550059	0.0537
edgeR	100	1000	10	0.556114379	0.0589
edgeR	200	1000	10	0.367195454	0.0596
edgeR	300	1000	10	0.297886464	0.0567
edgeR	500	1000	10	0.208642857	0.0621
edgeR	20	500	1	0.048666667	0.0026
edgeR	50	500	1	0.018595238	0.0012
edgeR	100	500	1	0.039857143	0.0026
edgeR	200	500	1	0.015	8.00E-04
edgeR	300	500	1	0.0365	0.0024
edgeR	500	500	1	0.011	0.001
edgeR	20	500	2	0.385285714	0.017
edgeR	50	500	2	0.746645688	0.073
edgeR	100	500	2	0.756495444	0.109
edgeR	200	500	2	0.709264018	0.1414
edgeR	300	500	2	0.69580191	0.1312
edgeR	500	500	2	0.593083021	0.14
edgeR	20	500	5	0.834414669	0.0922
edgeR	50	500	5	0.750728944	0.1116
edgeR	100	500	5	0.625514958	0.1272
edgeR	200	500	5	0.503874581	0.1348
edgeR	300	500	5	0.399947864	0.1298
edgeR	500	500	5	0.303243267	0.1338
edgeR	20	500	10	0.824176291	0.0912
edgeR	50	500	10	0.687562493	0.1154
edgeR	100	500	10	0.523004526	0.1256
edgeR	200	500	10	0.391517047	0.1328
edgeR	300	500	10	0.308132415	0.1252
edgeR	500	500	10	0.212586226	0.1208
edgeR	20	400	1	0.016444444	0.00175
edgeR	50	400	1	0.015595238	0.0015
edgeR	100	400	1	0.031333333	0.00225
edgeR	200	400	1	0.036444444	0.002
edgeR	300	400	1	0.038809524	0.00325
edgeR	500	400	1	0.039095238	0.00275
edgeR	20	400	2	0.265972222	0.01425
edgeR	50	400	2	0.679348124	0.069
edgeR	100	400	2	0.730768648	0.1085
edgeR	200	400	2	0.727164463	0.14375
edgeR	300	400	2	0.642660946	0.14275
edgeR	500	400	2	0.610574413	0.15175
edgeR	20	400	5	0.821726978	0.09675
edgeR	50	400	5	0.697620184	0.12475
edgeR	100	400	5	0.600794335	0.13025
edgeR	200	400	5	0.527106102	0.141
edgeR	300	400	5	0.388430123	0.14275
edgeR	500	400	5	0.326758861	0.14075
edgeR	20	400	10	0.816759435	0.10625
edgeR	50	400	10	0.686649711	0.121
edgeR	100	400	10	0.526827854	0.13475
edgeR	200	400	10	0.381616387	0.13375
edgeR	300	400	10	0.305528828	0.139
edgeR	500	400	10	0.229244546	0.12975
edgeR	20	300	1	0.026333333	0.002333333
edgeR	50	300	1	0.05075	0.004
edgeR	100	300	1	0.030095238	0.002333333
edgeR	200	300	1	0.044242424	0.002
edgeR	300	300	1	0.035769231	0.002
edgeR	500	300	1	0.05422619	0.004333333
edgeR	20	300	2	0.296309524	0.020666667
edgeR	50	300	2	0.650605339	0.073
edgeR	100	300	2	0.754413253	0.124333333
edgeR	200	300	2	0.698131116	0.157666667
edgeR	300	300	2	0.671362635	0.155333333
edgeR	500	300	2	0.626105104	0.168
edgeR	20	300	5	0.782911616	0.108333333
edgeR	50	300	5	0.66420933	0.135666667
edgeR	100	300	5	0.635958515	0.15
edgeR	200	300	5	0.450562044	0.156333333
edgeR	300	300	5	0.459358969	0.152333333
edgeR	500	300	5	0.341674858	0.153333333
edgeR	20	300	10	0.760228355	0.097333333
edgeR	50	300	10	0.633957473	0.124
edgeR	100	300	10	0.549547676	0.133333333
edgeR	200	300	10	0.385536439	0.138666667
edgeR	300	300	10	0.319558072	0.143
edgeR	500	300	10	0.265261691	0.145
edgeR	20	200	1	0.035833333	0.0045
edgeR	50	200	1	0.042	0.0035
edgeR	100	200	1	0.070428571	0.006
edgeR	200	200	1	0.063	0.006
edgeR	300	200	1	0.058666667	0.0045
edgeR	500	200	1	0.039675325	0.0045
edgeR	20	200	2	0.293190476	0.0275
edgeR	50	200	2	0.620238095	0.12
edgeR	100	200	2	0.706560293	0.1735
edgeR	200	200	2	0.738590929	0.2245
edgeR	300	200	2	0.709207085	0.224
edgeR	500	200	2	0.576761369	0.256
edgeR	20	200	5	0.7698943	0.156
edgeR	50	200	5	0.715405878	0.1865
edgeR	100	200	5	0.650880982	0.209
edgeR	200	200	5	0.559228296	0.234
edgeR	300	200	5	0.479067749	0.2225
edgeR	500	200	5	0.35135794	0.2185
edgeR	20	200	10	0.784946248	0.1445
edgeR	50	200	10	0.661229934	0.1735
edgeR	100	200	10	0.472366901	0.2125
edgeR	200	200	10	0.427132237	0.2095
edgeR	300	200	10	0.387864676	0.2095
edgeR	500	200	10	0.277433636	0.211
edgeR	20	100	1	0.003333333	0.001
edgeR	50	100	1	0.026928571	0.007
edgeR	100	100	1	0.030357143	0.009
edgeR	200	100	1	0.033428571	0.008
edgeR	300	100	1	0.053166667	0.011
edgeR	500	100	1	0.037	0.007
edgeR	20	100	2	0.275357143	0.053
edgeR	50	100	2	0.615714619	0.205
edgeR	100	100	2	0.722101399	0.375
edgeR	200	100	2	0.697896485	0.461
edgeR	300	100	2	0.716824556	0.476
edgeR	500	100	2	0.636377082	0.5
edgeR	20	100	5	0.783686869	0.274
edgeR	50	100	5	0.690784917	0.402
edgeR	100	100	5	0.659811369	0.427
edgeR	200	100	5	0.544836432	0.453
edgeR	300	100	5	0.412004148	0.471
edgeR	500	100	5	0.396736072	0.458
edgeR	20	100	10	0.748460373	0.31
edgeR	50	100	10	0.624755622	0.345
edgeR	100	100	10	0.535908787	0.405
edgeR	200	100	10	0.382156013	0.429
edgeR	300	100	10	0.327508881	0.43
edgeR	500	100	10	0.262541444	0.444
edgeR	20	800	1	0.010039683	0.000625
edgeR	50	800	1	0.039992063	0.002
edgeR	100	800	1	0.045531746	0.00225
edgeR	200	800	1	0.025952381	0.00125
edgeR	300	800	1	0.024916667	0.001
edgeR	500	800	1	0.017	0.000625
edgeR	20	800	2	0.284422078	0.007625
edgeR	50	800	2	0.69062013	0.032875
edgeR	100	800	2	0.767034556	0.05925
edgeR	200	800	2	0.716055661	0.066375
edgeR	300	800	2	0.662731928	0.0655
edgeR	500	800	2	0.577805365	0.07125
edgeR	20	800	5	0.791462461	0.041875
edgeR	50	800	5	0.73573262	0.054875
edgeR	100	800	5	0.647821191	0.061125
edgeR	200	800	5	0.503510602	0.062375
edgeR	300	800	5	0.467296025	0.06225
edgeR	500	800	5	0.317246338	0.071125
edgeR	20	800	10	0.809648546	0.04625
edgeR	50	800	10	0.658363084	0.05375
edgeR	100	800	10	0.551212318	0.060625
edgeR	200	800	10	0.391197342	0.063125
edgeR	300	800	10	0.265155144	0.061625
edgeR	500	800	10	0.21290809	0.06375
metagenomeSeq	20	800	1	0.015	0.00025
metagenomeSeq	50	800	1	0.01	0.000125
metagenomeSeq	100	800	1	0.01	0.000125
metagenomeSeq	200	800	1	0.01	0.000125
metagenomeSeq	300	800	1	0	0
metagenomeSeq	500	800	1	0.030927835	0.000386598
metagenomeSeq	20	800	2	0.01	0.000125
metagenomeSeq	50	800	2	0.21	0.003
metagenomeSeq	100	800	2	0.654545455	0.018560606
metagenomeSeq	200	800	2	0.910902264	0.081125
metagenomeSeq	300	800	2	0.955005255	0.142
metagenomeSeq	500	800	2	0.936528787	0.25975
metagenomeSeq	20	800	5	0.264666667	0.005625
metagenomeSeq	50	800	5	0.955214286	0.06525
metagenomeSeq	100	800	5	0.938572624	0.198969072
metagenomeSeq	200	800	5	0.907621138	0.403661616
metagenomeSeq	300	800	5	0.880158473	0.580670103
metagenomeSeq	500	800	5	0.784518575	0.80875
metagenomeSeq	20	800	10	0.73572619	0.027375
metagenomeSeq	50	800	10	0.955921288	0.13325
metagenomeSeq	100	800	10	0.912693488	0.300505051
metagenomeSeq	200	800	10	0.814784036	0.591161616
metagenomeSeq	300	800	10	0.758331814	0.764668367
metagenomeSeq	500	800	10	0.641756578	0.925128866
metagenomeSeq	20	1000	1	0.003	3.00E-04
metagenomeSeq	50	1000	1	0	0
metagenomeSeq	100	1000	1	0	0
metagenomeSeq	200	1000	1	0.002040816	0.000102041
metagenomeSeq	300	1000	1	0.001683502	0.00010101
metagenomeSeq	500	1000	1	0.001666667	1.00E-04
metagenomeSeq	20	1000	2	0.03	3.00E-04
metagenomeSeq	50	1000	2	0.1625	0.0022
metagenomeSeq	100	1000	2	0.732114799	0.020707071
metagenomeSeq	200	1000	2	0.951852732	0.082631579
metagenomeSeq	300	1000	2	0.939105189	0.14030303
metagenomeSeq	500	1000	2	0.945161701	0.249693878
metagenomeSeq	20	1000	5	0.3125	0.0048
metagenomeSeq	50	1000	5	0.974973429	0.0728
metagenomeSeq	100	1000	5	0.934738692	0.184387755
metagenomeSeq	200	1000	5	0.899705015	0.391010101
metagenomeSeq	300	1000	5	0.861486756	0.5809375
metagenomeSeq	500	1000	5	0.792555993	0.794897959
metagenomeSeq	20	1000	10	0.784502165	0.0252
metagenomeSeq	50	1000	10	0.948574853	0.1353
metagenomeSeq	100	1000	10	0.911166755	0.2936
metagenomeSeq	200	1000	10	0.815950165	0.559795918
metagenomeSeq	300	1000	10	0.732143723	0.754897959
metagenomeSeq	500	1000	10	0.632627612	0.9177
metagenomeSeq	20	500	1	0	0
metagenomeSeq	50	500	1	0	0
metagenomeSeq	100	500	1	0.005	2.00E-04
metagenomeSeq	200	500	1	0.01010101	0.00020202
metagenomeSeq	300	500	1	0.001262626	0.00020202
metagenomeSeq	500	500	1	0	0
metagenomeSeq	20	500	2	0.065	0.0014
metagenomeSeq	50	500	2	0.259333333	0.0078
metagenomeSeq	100	500	2	0.864435733	0.061212121
metagenomeSeq	200	500	2	0.945038634	0.206262626
metagenomeSeq	300	500	2	0.948842003	0.300204082
metagenomeSeq	500	500	2	0.939117294	0.490909091
metagenomeSeq	20	500	5	0.4125	0.014
metagenomeSeq	50	500	5	0.941654573	0.181
metagenomeSeq	100	500	5	0.912878861	0.431134021
metagenomeSeq	200	500	5	0.862851293	0.716767677
metagenomeSeq	300	500	5	0.808976835	0.871020408
metagenomeSeq	500	500	5	0.663763035	0.961836735
metagenomeSeq	20	500	10	0.879492063	0.0728
metagenomeSeq	50	500	10	0.934491862	0.3396
metagenomeSeq	100	500	10	0.839016778	0.6484
metagenomeSeq	200	500	10	0.729325067	0.901237113
metagenomeSeq	300	500	10	0.640509454	0.971313131
metagenomeSeq	500	500	10	0.48693052	0.994285714
metagenomeSeq	20	2000	1	0	0
metagenomeSeq	50	2000	1	0	0
metagenomeSeq	100	2000	1	0.01010101	5.05E-05
metagenomeSeq	200	2000	1	0.032653061	0.000204082
metagenomeSeq	300	2000	1	0	0
metagenomeSeq	500	2000	1	0	0
metagenomeSeq	20	2000	2	0.011034483	2.00E-04
metagenomeSeq	50	2000	2	0.165	0.0013
metagenomeSeq	100	2000	2	0.68020683	0.010505051
metagenomeSeq	200	2000	2	0.95772256	0.053112245
metagenomeSeq	300	2000	2	0.96934299	0.090204082
metagenomeSeq	500	2000	2	0.952693228	0.1721
metagenomeSeq	20	2000	5	0.405	0.0035
metagenomeSeq	50	2000	5	0.976119436	0.04915
metagenomeSeq	100	2000	5	0.952075631	0.12545
metagenomeSeq	200	2000	5	0.917456815	0.258571429
metagenomeSeq	300	2000	5	0.875849592	0.412828283
metagenomeSeq	500	2000	5	0.823635747	0.643367347
metagenomeSeq	20	2000	10	0.870222222	0.01685
metagenomeSeq	50	2000	10	0.97439162	0.09105
metagenomeSeq	100	2000	10	0.908082497	0.195257732
metagenomeSeq	200	2000	10	0.840952751	0.38325
metagenomeSeq	300	2000	10	0.786625403	0.570561224
metagenomeSeq	500	2000	10	0.689737598	0.788383838
metagenomeSeq	20	400	1	0.02	5.00E-04
metagenomeSeq	50	400	1	0.003333333	0.00025
metagenomeSeq	100	400	1	0	0
metagenomeSeq	200	400	1	0	0
metagenomeSeq	300	400	1	0	0
metagenomeSeq	500	400	1	0	0
metagenomeSeq	20	400	2	0.0025	0.00025
metagenomeSeq	50	400	2	0.17	0.00625
metagenomeSeq	100	400	2	0.798701299	0.062121212
metagenomeSeq	200	400	2	0.946688884	0.1875
metagenomeSeq	300	400	2	0.95185927	0.303826531
metagenomeSeq	500	400	2	0.924973809	0.496134021
metagenomeSeq	20	400	5	0.381	0.01625
metagenomeSeq	50	400	5	0.947527362	0.1905
metagenomeSeq	100	400	5	0.919084279	0.427295918
metagenomeSeq	200	400	5	0.863740976	0.728608247
metagenomeSeq	300	400	5	0.79866069	0.874489796
metagenomeSeq	500	400	5	0.673368867	0.959343434
metagenomeSeq	20	400	10	0.845940476	0.079
metagenomeSeq	50	400	10	0.935262952	0.3445
metagenomeSeq	100	400	10	0.892113592	0.672680412
metagenomeSeq	200	400	10	0.753169418	0.907989691
metagenomeSeq	300	400	10	0.659605302	0.964540816
metagenomeSeq	500	400	10	0.494649357	0.996
metagenomeSeq	20	300	1	0.03	0.001
metagenomeSeq	50	300	1	0	0
metagenomeSeq	100	300	1	0.01	0.000333333
metagenomeSeq	200	300	1	0	0
metagenomeSeq	300	300	1	0.001420455	0.001041667
metagenomeSeq	500	300	1	0	0
metagenomeSeq	20	300	2	0.01	0.000333333
metagenomeSeq	50	300	2	0.135	0.005333333
metagenomeSeq	100	300	2	0.671525753	0.05170068
metagenomeSeq	200	300	2	0.952748004	0.176530612
metagenomeSeq	300	300	2	0.958810848	0.292929293
metagenomeSeq	500	300	2	0.935540882	0.46185567
metagenomeSeq	20	300	5	0.301833333	0.015666667
metagenomeSeq	50	300	5	0.937120851	0.171333333
metagenomeSeq	100	300	5	0.92256578	0.43814433
metagenomeSeq	200	300	5	0.86894437	0.714285714
metagenomeSeq	300	300	5	0.825831309	0.865
metagenomeSeq	500	300	5	0.695252088	0.959722222
metagenomeSeq	20	300	10	0.838365079	0.086
metagenomeSeq	50	300	10	0.948521649	0.344666667
metagenomeSeq	100	300	10	0.881471826	0.659183673
metagenomeSeq	200	300	10	0.75133429	0.908754209
metagenomeSeq	300	300	10	0.675427892	0.973958333
metagenomeSeq	500	300	10	0.510248193	0.995622896
metagenomeSeq	20	200	1	0.02	0.001
metagenomeSeq	50	200	1	0.01	5.00E-04
metagenomeSeq	100	200	1	0	0
metagenomeSeq	200	200	1	0.001666667	5.00E-04
metagenomeSeq	300	200	1	0	0
metagenomeSeq	500	200	1	0.011564626	0.001530612
metagenomeSeq	20	200	2	0.0125	0.001
metagenomeSeq	50	200	2	0.155	0.0105
metagenomeSeq	100	200	2	0.633506944	0.063020833
metagenomeSeq	200	200	2	0.933070458	0.246428571
metagenomeSeq	300	200	2	0.949347258	0.361111111
metagenomeSeq	500	200	2	0.910970356	0.582653061
metagenomeSeq	20	200	5	0.331333333	0.023
metagenomeSeq	50	200	5	0.937573232	0.222
metagenomeSeq	100	200	5	0.898992647	0.524489796
metagenomeSeq	200	200	5	0.84186282	0.782653061
metagenomeSeq	300	200	5	0.785123923	0.875252525
metagenomeSeq	500	200	5	0.658047852	0.957575758
metagenomeSeq	20	200	10	0.798587302	0.105
metagenomeSeq	50	200	10	0.934751898	0.4415
metagenomeSeq	100	200	10	0.85686123	0.782323232
metagenomeSeq	200	200	10	0.72737635	0.9455
metagenomeSeq	300	200	10	0.598783626	0.976
metagenomeSeq	500	200	10	0.439491437	0.993814433
metagenomeSeq	20	100	1	0.005	0.001
metagenomeSeq	50	100	1	0	0
metagenomeSeq	100	100	1	0.005050505	0.001010101
metagenomeSeq	200	100	1	0.010309278	0.001030928
metagenomeSeq	300	100	1	0	0
metagenomeSeq	500	100	1	0.001145475	0.001030928
metagenomeSeq	20	100	2	0.02	0.002
metagenomeSeq	50	100	2	0.15	0.02
metagenomeSeq	100	100	2	0.813301918	0.164583333
metagenomeSeq	200	100	2	0.942494935	0.435353535
metagenomeSeq	300	100	2	0.916234848	0.572
metagenomeSeq	500	100	2	0.873238329	0.710526316
metagenomeSeq	20	100	5	0.321666667	0.045
metagenomeSeq	50	100	5	0.923595238	0.358
metagenomeSeq	100	100	5	0.872152306	0.714
metagenomeSeq	200	100	5	0.741159973	0.843298969
metagenomeSeq	300	100	5	0.697867465	0.924
metagenomeSeq	500	100	5	0.496238149	0.964285714
metagenomeSeq	20	100	10	0.718416667	0.206
metagenomeSeq	50	100	10	0.92798242	0.694
metagenomeSeq	100	100	10	0.826508292	0.863636364
metagenomeSeq	200	100	10	0.57926186	0.964285714
metagenomeSeq	300	100	10	0.449624854	0.979166667
metagenomeSeq	500	100	10	0.305727898	0.994897959
AAMAVD	20	100	1	0.089327391	0.144680851
AAMAVD	50	100	1	0.09737457	0.058
AAMAVD	100	100	1	0.050424603	0.025
AAMAVD	200	100	1	0.059777778	0.011
AAMAVD	300	100	1	0.035	0.007
AAMAVD	500	100	1	0.013333333	0.002
AAMAVD	20	100	2	0.313816757	0.522105263
AAMAVD	50	100	2	0.513124817	0.52
AAMAVD	100	100	2	0.692161228	0.502
AAMAVD	200	100	2	0.821413004	0.528
AAMAVD	300	100	2	0.853953102	0.507
AAMAVD	500	100	2	0.912602092	0.512
AAMAVD	20	100	5	0.480076252	0.844210526
AAMAVD	50	100	5	0.71903227	0.92
AAMAVD	100	100	5	0.847527379	0.954
AAMAVD	200	100	5	0.928155678	0.972
AAMAVD	300	100	5	0.943241036	0.988
AAMAVD	500	100	5	0.950125507	0.996
AAMAVD	20	100	10	0.550664141	0.943298969
AAMAVD	50	100	10	0.767666751	0.977
AAMAVD	100	100	10	0.887137125	0.99
AAMAVD	200	100	10	0.960964604	0.998
AAMAVD	300	100	10	0.977445887	0.998
AAMAVD	500	100	10	0.970616693	1
AAMAVD	20	200	1	0.10001761	0.216666667
AAMAVD	50	200	1	0.104934738	0.111
AAMAVD	100	200	1	0.101457836	0.0545
AAMAVD	200	200	1	0.123718975	0.029
AAMAVD	300	200	1	0.099126124	0.02
AAMAVD	500	200	1	0.045880952	0.0075
AAMAVD	20	200	2	0.219558998	0.458421053
AAMAVD	50	200	2	0.369264966	0.476
AAMAVD	100	200	2	0.56210347	0.425
AAMAVD	200	200	2	0.717706059	0.432
AAMAVD	300	200	2	0.782570278	0.408
AAMAVD	500	200	2	0.874648712	0.394
AAMAVD	20	200	5	0.360267579	0.782446809
AAMAVD	50	200	5	0.600484525	0.8475
AAMAVD	100	200	5	0.77621782	0.9195
AAMAVD	200	200	5	0.876598366	0.9625
AAMAVD	300	200	5	0.935666323	0.9855
AAMAVD	500	200	5	0.95659725	0.996
AAMAVD	20	200	10	0.420062569	0.871354167
AAMAVD	50	200	10	0.664590181	0.9695
AAMAVD	100	200	10	0.862912672	0.9835
AAMAVD	200	200	10	0.926066693	0.9955
AAMAVD	300	200	10	0.967600022	0.9975
AAMAVD	500	200	10	0.977010254	1
AAMAVD	20	300	1	0.10308259	0.238888889
AAMAVD	50	300	1	0.110389112	0.136333333
AAMAVD	100	300	1	0.109116359	0.065666667
AAMAVD	200	300	1	0.110389275	0.030666667
AAMAVD	300	300	1	0.087620301	0.022333333
AAMAVD	500	300	1	0.08847914	0.015
AAMAVD	20	300	2	0.200479299	0.470877193
AAMAVD	50	300	2	0.315295286	0.459333333
AAMAVD	100	300	2	0.46485952	0.397
AAMAVD	200	300	2	0.660408559	0.367666667
AAMAVD	300	300	2	0.738717939	0.369333333
AAMAVD	500	300	2	0.807228876	0.344
AAMAVD	20	300	5	0.305309323	0.710884354
AAMAVD	50	300	5	0.515110495	0.832666667
AAMAVD	100	300	5	0.723925265	0.889333333
AAMAVD	200	300	5	0.868212179	0.944333333
AAMAVD	300	300	5	0.902086304	0.969666667
AAMAVD	500	300	5	0.95357628	0.993
AAMAVD	20	300	10	0.360881038	0.835106383
AAMAVD	50	300	10	0.613435069	0.923666667
AAMAVD	100	300	10	0.80079039	0.973666667
AAMAVD	200	300	10	0.913953221	0.991666667
AAMAVD	300	300	10	0.952269853	0.999333333
AAMAVD	500	300	10	0.975932183	0.999666667
AAMAVD	20	400	1	0.102159344	0.23494898
AAMAVD	50	400	1	0.094205858	0.11925
AAMAVD	100	400	1	0.097562727	0.061
AAMAVD	200	400	1	0.100821451	0.0375
AAMAVD	300	400	1	0.102910862	0.02175
AAMAVD	500	400	1	0.119003279	0.0175
AAMAVD	20	400	2	0.197292401	0.458510638
AAMAVD	50	400	2	0.314836186	0.463
AAMAVD	100	400	2	0.480624974	0.4175
AAMAVD	200	400	2	0.653116277	0.37975
AAMAVD	300	400	2	0.730763747	0.37975
AAMAVD	500	400	2	0.814218906	0.343
AAMAVD	20	400	5	0.308326956	0.719736842
AAMAVD	50	400	5	0.513594699	0.836
AAMAVD	100	400	5	0.742822001	0.9075
AAMAVD	200	400	5	0.883151463	0.95475
AAMAVD	300	400	5	0.920454431	0.98125
AAMAVD	500	400	5	0.954740282	0.987686567
AAMAVD	20	400	10	0.371200415	0.816842105
AAMAVD	50	400	10	0.605223441	0.9375
AAMAVD	100	400	10	0.824100907	0.974
AAMAVD	200	400	10	0.92000268	0.99325
AAMAVD	300	400	10	0.945604096	0.999
AAMAVD	500	400	10	0.981019101	0.9995
AAMAVD	20	500	1	0.09728196	0.224210526
AAMAVD	50	500	1	0.104850328	0.1402
AAMAVD	100	500	1	0.101946101	0.066
AAMAVD	200	500	1	0.100158835	0.0362
AAMAVD	300	500	1	0.081140891	0.0192
AAMAVD	500	500	1	0.109640492	0.0122
AAMAVD	20	500	2	0.197051039	0.449894737
AAMAVD	50	500	2	0.312680126	0.459
AAMAVD	100	500	2	0.467123119	0.414
AAMAVD	200	500	2	0.644762471	0.3874
AAMAVD	300	500	2	0.747445366	0.3724
AAMAVD	500	500	2	0.8439906	0.3614
AAMAVD	20	500	5	0.312061016	0.727311828
AAMAVD	50	500	5	0.509727244	0.8488
AAMAVD	100	500	5	0.718543071	0.9062
AAMAVD	200	500	5	0.877898626	0.9442
AAMAVD	300	500	5	0.923963555	0.976
AAMAVD	500	500	5	0.963700799	0.9936
AAMAVD	20	500	10	0.362171778	0.820204082
AAMAVD	50	500	10	0.607708419	0.931
AAMAVD	100	500	10	0.780961101	0.9648
AAMAVD	200	500	10	0.928271416	0.995
AAMAVD	300	500	10	0.954271831	0.998
AAMAVD	500	500	10	0.981290616	0.9998
AAMAVD	20	800	1	0.100047982	0.257942708
AAMAVD	50	800	1	0.099825964	0.244875
AAMAVD	100	800	1	0.103415623	0.15775
AAMAVD	200	800	1	0.096835384	0.1045
AAMAVD	300	800	1	0.09938609	0.08625
AAMAVD	500	800	1	0.092355257	0.07225
AAMAVD	20	800	2	0.15289332	0.404464286
AAMAVD	50	800	2	0.189861502	0.475
AAMAVD	100	800	2	0.264119525	0.4355
AAMAVD	200	800	2	0.34423489	0.412875
AAMAVD	300	800	2	0.411945819	0.453125
AAMAVD	500	800	2	0.52337758	0.44975
AAMAVD	20	800	5	0.216013178	0.561125
AAMAVD	50	800	5	0.29390958	0.7495
AAMAVD	100	800	5	0.45434985	0.813125
AAMAVD	200	800	5	0.611717257	0.906
AAMAVD	300	800	5	0.708523748	0.949625
AAMAVD	500	800	5	0.795021442	0.981331169
AAMAVD	20	800	10	0.260956597	0.646223958
AAMAVD	50	800	10	0.347516995	0.84375
AAMAVD	100	800	10	0.532301829	0.9135
AAMAVD	200	800	10	0.708202561	0.9715
AAMAVD	300	800	10	0.768524223	0.989875
AAMAVD	500	800	10	0.86660321	0.999
AAMAVD	20	1000	1	0.099267954	0.254742268
AAMAVD	50	1000	1	0.097286963	0.2376
AAMAVD	100	1000	1	0.10181643	0.1659
AAMAVD	200	1000	1	0.101443015	0.1012
AAMAVD	300	1000	1	0.096803201	0.0851
AAMAVD	500	1000	1	0.100933949	0.0655
AAMAVD	20	1000	2	0.154094994	0.402417582
AAMAVD	50	1000	2	0.188535422	0.4694
AAMAVD	100	1000	2	0.25936331	0.4207
AAMAVD	200	1000	2	0.366684884	0.4111
AAMAVD	300	1000	2	0.419935751	0.4085
AAMAVD	500	1000	2	0.529859839	0.4388
AAMAVD	20	1000	5	0.221017321	0.575876289
AAMAVD	50	1000	5	0.296266643	0.7587
AAMAVD	100	1000	5	0.442879342	0.828
AAMAVD	200	1000	5	0.598462936	0.8989
AAMAVD	300	1000	5	0.708185142	0.9481
AAMAVD	500	1000	5	0.793901165	0.9817
AAMAVD	20	1000	10	0.265713746	0.641354167
AAMAVD	50	1000	10	0.353819261	0.8388
AAMAVD	100	1000	10	0.527855711	0.9228
AAMAVD	200	1000	10	0.706045262	0.9733
AAMAVD	300	1000	10	0.78689751	0.9894
AAMAVD	500	1000	10	0.875272815	0.9981
AAMAVD	20	2000	1	0.099930399	0.228697917
AAMAVD	50	2000	1	0.099357999	0.28585
AAMAVD	100	2000	1	0.099704295	0.2041
AAMAVD	200	2000	1	0.100304552	0.17415
AAMAVD	300	2000	1	0.097560468	0.1512
AAMAVD	500	2000	1	0.098479218	0.12065
AAMAVD	20	2000	2	0.147854863	0.347142857
AAMAVD	50	2000	2	0.161261554	0.47045
AAMAVD	100	2000	2	0.210175856	0.45405
AAMAVD	200	2000	2	0.260173495	0.47755
AAMAVD	300	2000	2	0.313605472	0.47015
AAMAVD	500	2000	2	0.401934214	0.50865
AAMAVD	20	2000	5	0.203653252	0.472096774
AAMAVD	50	2000	5	0.235375923	0.67755
AAMAVD	100	2000	5	0.351628119	0.76575
AAMAVD	200	2000	5	0.460489011	0.8847
AAMAVD	300	2000	5	0.540813958	0.93345
AAMAVD	500	2000	5	0.664638364	0.975
AAMAVD	20	2000	10	0.241107914	0.532295918
AAMAVD	50	2000	10	0.278354113	0.7535
AAMAVD	100	2000	10	0.417782289	0.8519
AAMAVD	200	2000	10	0.555459529	0.9477
AAMAVD	300	2000	10	0.624412019	0.9778
AAMAVD	500	2000	10	0.776660317	0.9948
