name	Sample	OTU	type	effect	mean_Accuracy	sd_Accuracy	mean_Precision	sd_Precision	mean_TPR	sd_TPR	mean_F1_score	sd_F1_score	mean_FPR	sd_FPR	mean_Specificity	sd_Specificity	mean_FDR	sd_FDR
ALDEx2_wi	300	100	mix	1	0.989005495	0.000134813	0.005	0.070710678	5.00E-04	0.007071068	0.000909091	0.012856487	1.11E-05	0.000110832	0.999988889	0.000110832	0.01	0.099748427
Corncob	300	100	mix	1	0.988950549	0.000315419	0.006666667	0.074423149	0.001	0.009974843	0.001678322	0.016799608	7.22E-05	0.000335606	0.999927778	0.000335606	0.048333333	0.212395079
DACOMP	300	100	mix	1	0.988972527	0.000318863	0	0	0	0	0	0	3.89E-05	0.000322406	0.999961111	0.000322406	0.015	0.121857483
DESeq2	300	100	mix	1	0.986472527	0.002934199	0.069095065	0.156247527	0.029	0.057230908	0.036968554	0.069222469	0.002888889	0.003203308	0.997111111	0.003203308	0.645904935	0.435465483
fastANCOM	300	100	mix	1	0.989010989	0.000110166	0.005	0.070710678	5.00E-04	0.007071068	0.000909091	0.012856487	5.56E-06	7.86E-05	0.999994444	7.86E-05	0.005	0.070710678
LEfSe	300	100	mix	1	0.988950549	0.0004151	0.015	0.121857483	0.0015	0.012185748	0.002727273	0.022155906	7.78E-05	0.00039398	0.999922222	0.00039398	0.045	0.207824336
limma_voom	300	100	mix	1	0.988934066	0.000510937	0.0175	0.126585423	0.002	0.014035132	0.003560606	0.025004095	1.00E-04	0.000500512	0.9999	0.000500512	0.0575	0.230672493
LinDA	300	100	mix	1	0.98878022	0.000970398	0.028222222	0.149515171	0.005	0.021849186	0.007746013	0.034429662	0.000288889	0.001081343	0.999711111	0.001081343	0.096777778	0.287475799
MaAsLin2	300	100	mix	1	0.98893956	0.000441729	0.02	0.140351318	0.002	0.014035132	0.003636364	0.025518421	9.44E-05	0.000413458	0.999905556	0.000413458	0.06	0.238082795
Wilcox	300	100	mix	1	0.988950549	0.000351798	0.01125	0.101178669	0.0015	0.012185748	0.002532468	0.020696562	7.78E-05	0.000377906	0.999922222	0.000377906	0.04875	0.213691972
ZicoSeq	300	100	mix	1	0.989010989	0	0	0	0	0	0	0	0	0	1	0	0	0
ALDEx2_wi	300	100	mix	10	0.964873626	0.00801367	0.098579921	0.053489149	0.2705	0.152959909	0.141271165	0.074242046	0.027411111	0.008581443	0.972588889	0.008581443	0.901420079	0.053489149
Corncob	300	100	mix	10	0.957868132	0.015739245	0.100273369	0.052525214	0.352	0.20956044	0.148830599	0.071001484	0.0354	0.01752261	0.9646	0.01752261	0.899726631	0.052525214
DACOMP	300	100	mix	10	0.980043956	0.002404646	0.094585664	0.09528172	0.0935	0.093010779	0.093821167	0.093722729	0.010105556	0.001612646	0.989894444	0.001612646	0.905414336	0.09528172
DESeq2	300	100	mix	10	0.955736264	0.011859682	0.102173314	0.042873224	0.39	0.197979746	0.158236088	0.064957578	0.037977778	0.013190073	0.962022222	0.013190073	0.897826686	0.042873224
fastANCOM	300	100	mix	10	0.977857143	0.004841975	0.099029173	0.089663966	0.1255	0.116479989	0.107502782	0.094262305	0.012672222	0.005055799	0.987327778	0.005055799	0.900970827	0.089663966
LEfSe	300	100	mix	10	0.951747253	0.016334367	0.100487304	0.042766798	0.43	0.224615808	0.157842585	0.064320204	0.042455556	0.01825626	0.957544444	0.01825626	0.899512696	0.042766798
limma_voom	300	100	mix	10	0.971681319	0.008283499	0.099955306	0.068706253	0.199	0.149367174	0.12756976	0.083873404	0.019733333	0.009133458	0.980266667	0.009133458	0.900044694	0.068706253
LinDA	300	100	mix	10	0.970868132	0.008811197	0.098534278	0.068023101	0.203	0.150011725	0.126696921	0.082393102	0.0206	0.00968634	0.9794	0.00968634	0.901465722	0.068023101
MaAsLin2	300	100	mix	10	0.952934066	0.018796154	0.102397322	0.050091663	0.42	0.243508691	0.156763559	0.06978887	0.041144444	0.021070639	0.958855556	0.021070639	0.897602678	0.050091663
Wilcox	300	100	mix	10	0.9535	0.01696575	0.102389499	0.049211516	0.413	0.226467298	0.15721172	0.067994329	0.040494444	0.018985596	0.959505556	0.018985596	0.897610501	0.049211516
ZicoSeq	300	100	mix	10	0.98893956	0.001010153	0.000789474	0.011164844	0.0015	0.021213203	0.001034483	0.014629795	8.89E-05	0.001257079	0.999911111	0.001257079	0.004210526	0.059545834
ALDEx2_wi	300	100	mix	2	0.984543956	0.002274005	0.090187229	0.137290729	0.0455	0.067098892	0.058204333	0.083803608	0.005022222	0.002171275	0.994977778	0.002171275	0.909812771	0.137290729
Corncob	300	100	mix	2	0.984521978	0.002865959	0.091058287	0.136915179	0.0505	0.074346398	0.061892741	0.088584886	0.0051	0.002922134	0.9949	0.002922134	0.903941713	0.151098007
DACOMP	300	100	mix	2	0.981302198	0.00894278	0.092989401	0.121105621	0.0875	0.129528523	0.07749562	0.092149378	0.008766667	0.010058943	0.991233333	0.010058943	0.877010599	0.195717658
DESeq2	300	100	mix	2	0.976901099	0.004880932	0.091711874	0.079002805	0.1255	0.111633598	0.102816162	0.087012883	0.013638889	0.005066635	0.986361111	0.005066635	0.908288126	0.079002805
fastANCOM	300	100	mix	2	0.985296703	0.002237642	0.09940873	0.170604543	0.041	0.062759011	0.055634735	0.084792352	0.004211111	0.002106389	0.995788889	0.002106389	0.87559127	0.220472184
LEfSe	300	100	mix	2	0.983027473	0.00373379	0.089665499	0.117566159	0.064	0.08329882	0.070906716	0.088667853	0.006761111	0.003928414	0.993238889	0.003928414	0.910334501	0.117566159
limma_voom	300	100	mix	2	0.983285714	0.002913861	0.089873973	0.121694754	0.0605	0.078232677	0.070193883	0.090061563	0.006461111	0.002859659	0.993538889	0.002859659	0.910126027	0.121694754
LinDA	300	100	mix	2	0.982604396	0.002883548	0.095819227	0.118644367	0.0695	0.080324405	0.078511268	0.090964581	0.00725	0.002741952	0.99275	0.002741952	0.904180773	0.118644367
MaAsLin2	300	100	mix	2	0.983263736	0.003099775	0.096590152	0.12589068	0.0635	0.079683734	0.073561335	0.090490036	0.006516667	0.003100319	0.993483333	0.003100319	0.903409848	0.12589068
Wilcox	300	100	mix	2	0.983450549	0.003507429	0.088088603	0.119814857	0.0585	0.078476383	0.066902315	0.086812213	0.006272222	0.003677382	0.993727778	0.003677382	0.911911397	0.119814857
ZicoSeq	300	100	mix	2	0.989010989	0	0	0	0	0	0	0	0	0	1	0	0	0
ALDEx2_wi	300	100	mix	5	0.975489011	0.005957313	0.096424985	0.079132356	0.15	0.130326224	0.112648681	0.089146296	0.015338889	0.006411163	0.984661111	0.006411163	0.903575015	0.079132356
Corncob	300	100	mix	5	0.971054945	0.010390365	0.096819851	0.069364563	0.2	0.159773709	0.122755585	0.084378739	0.020377778	0.011476104	0.979622222	0.011476104	0.903180149	0.069364563
DACOMP	300	100	mix	5	0.980747253	0.002007197	0.10347472	0.089787607	0.1005	0.089945545	0.101356427	0.088568004	0.009472222	0.001473287	0.990527778	0.001473287	0.89652528	0.089787607
DESeq2	300	100	mix	5	0.964807692	0.009121466	0.096188353	0.054272305	0.2655	0.167030675	0.137365569	0.075462624	0.027422222	0.01005584	0.972577778	0.01005584	0.903811647	0.054272305
fastANCOM	300	100	mix	5	0.980675824	0.002145486	0.108943628	0.091134481	0.1095	0.100549995	0.108086656	0.092041203	0.009644444	0.001777917	0.990355556	0.001777917	0.891056372	0.091134481
LEfSe	300	100	mix	5	0.966192308	0.012724505	0.098066192	0.059129369	0.2545	0.174159143	0.133473038	0.075317908	0.0259	0.014088247	0.9741	0.014088247	0.901933808	0.059129369
limma_voom	300	100	mix	5	0.976236264	0.005621091	0.100635143	0.077958623	0.149	0.129160412	0.116086788	0.088979208	0.014572222	0.00610634	0.985427778	0.00610634	0.899364857	0.077958623
LinDA	300	100	mix	5	0.976950549	0.00496167	0.103496675	0.079162003	0.147	0.12557806	0.11786955	0.089809858	0.013827778	0.005337075	0.986172222	0.005337075	0.896503325	0.079162003
MaAsLin2	300	100	mix	5	0.968587912	0.012615929	0.098483467	0.066156874	0.227	0.169453748	0.129225455	0.08263266	0.023172222	0.013861401	0.976827778	0.013861401	0.901516533	0.066156874
Wilcox	300	100	mix	5	0.968027473	0.012933866	0.097270403	0.064662493	0.2335	0.177723601	0.127667467	0.079649928	0.023811111	0.014374702	0.976188889	0.014374702	0.902729597	0.064662493
ZicoSeq	300	100	mix	5	0.989010989	0	0	0	0	0	0	0	0	0	1	0	0	0
ALDEx2_wi	300	1000	mix	1	0.89999	0.000141421	0	0	0	0	0	0	1.11E-05	0.000157135	0.999988889	0.000157135	0.005	0.070710678
Corncob	300	1000	mix	1	0.89998	0.000199497	0	0	0	0	0	0	2.22E-05	0.000221663	0.999977778	0.000221663	0.01	0.099748427
DACOMP	300	1000	mix	1	0.899955	0.000451658	0.000833333	0.011785113	5.00E-05	0.000707107	9.43E-05	0.001334164	5.56E-05	0.000554158	0.999944444	0.000554158	0.009166667	0.091816917
DESeq2	300	1000	mix	1	0.899125	0.001473169	0.053011905	0.185808211	0.0012	0.003552902	0.002317835	0.006833821	0.001105556	0.001716625	0.998894444	0.001716625	0.416988095	0.477913649
fastANCOM	300	1000	mix	1	0.899985	0.000157796	0	0	0	0	0	0	1.67E-05	0.000175329	0.999983333	0.000175329	0.01	0.099748427
LEfSe	300	1000	mix	1	0.899760638	0.001973391	0.001305827	0.013268199	0.00037234	0.004432462	0.000560896	0.006512825	0.000307329	0.002672228	0.999692671	0.002672228	0.051885662	0.219821647
limma_voom	300	1000	mix	1	0.870145	0.065807195	0.072445998	0.119025678	0.03655	0.083573441	0.031495	0.045039842	0.037233333	0.082110249	0.962766667	0.082110249	0.627554002	0.426070839
LinDA	300	1000	mix	1	0.899955	0.000251578	0	0	0	0	0	0	5.00E-05	0.000279531	0.99995	0.000279531	0.035	0.184240939
MaAsLin2	300	1000	mix	1	0.899955	0.000288777	0	0	0	0	0	0	5.00E-05	0.000320863	0.99995	0.000320863	0.03	0.171015295
Wilcox	300	1000	mix	1	0.89996	0.000220552	0	0	0	0	0	0	4.44E-05	0.000245058	0.999955556	0.000245058	0.035	0.184240939
ZicoSeq	300	1000	mix	1	0.9	0	0	0	0	0	0	0	0	0	1	0	0	0
ALDEx2_wi	300	1000	mix	10	0.865005	0.01507952	0.11012628	0.055018517	0.04875	0.029364072	0.064944319	0.034560237	0.0443	0.018473043	0.9557	0.018473043	0.88987372	0.055018517
Corncob	300	1000	mix	10	0.841565	0.022982532	0.104901737	0.039913018	0.07765	0.040175213	0.086072122	0.035343371	0.073555556	0.028536049	0.926444444	0.028536049	0.895098263	0.039913018
DACOMP	300	1000	mix	10	0.858	0.01576205	0.104554421	0.046859182	0.05445	0.027957209	0.069635068	0.031714209	0.052716667	0.018848183	0.947283333	0.018848183	0.895445579	0.046859182
DESeq2	300	1000	mix	10	0.834655	0.018476278	0.103082278	0.032247313	0.0846	0.034112436	0.09123531	0.03061432	0.082005556	0.022431924	0.917994444	0.022431924	0.896917722	0.032247313
fastANCOM	300	1000	mix	10	0.75981	0.088993839	0.099164376	0.02776078	0.1733	0.115645925	0.115432358	0.038235643	0.175022222	0.11097177	0.824977778	0.11097177	0.900835624	0.02776078
LEfSe	300	1000	mix	10	0.81315	0.027460296	0.101877768	0.028725843	0.11175	0.047079933	0.103976867	0.03246024	0.108916667	0.034202957	0.891083333	0.034202957	0.898122232	0.028725843
limma_voom	300	1000	mix	10	0.397455	0.153820616	0.098614204	0.009049302	0.6179	0.196378237	0.166897471	0.019365533	0.627038889	0.191954247	0.372961111	0.191954247	0.901385796	0.009049302
LinDA	300	1000	mix	10	0.80572	0.034085933	0.100123706	0.027770679	0.11925	0.05531034	0.105493279	0.033960027	0.118005556	0.042544291	0.881994444	0.042544291	0.899876294	0.027770679
MaAsLin2	300	1000	mix	10	0.79531	0.039873215	0.098628487	0.026336293	0.1302	0.061259478	0.108592241	0.033820517	0.130788889	0.049758096	0.869211111	0.049758096	0.901371513	0.026336293
Wilcox	300	1000	mix	10	0.818605	0.027957954	0.102075002	0.030655477	0.10535	0.047972747	0.100701739	0.034068998	0.102144444	0.034927719	0.897855556	0.034927719	0.897924998	0.030655477
ZicoSeq	300	1000	mix	10	0.899725	0.003889087	0.00031746	0.004489567	2.00E-04	0.002828427	0.000245399	0.003470463	0.000327778	0.004635478	0.999672222	0.004635478	0.00468254	0.066221111
ALDEx2_wi	300	1000	mix	2	0.894895	0.00265882	0.087561369	0.127934777	0.00565	0.007866825	0.010509456	0.014533746	0.0063	0.002887793	0.9937	0.002887793	0.912438631	0.127934777
Corncob	300	1000	mix	2	0.89461	0.002861616	0.08531029	0.13437701	0.00585	0.008698033	0.010758234	0.015744999	0.006638889	0.00327122	0.993361111	0.00327122	0.91468971	0.13437701
DACOMP	300	1000	mix	2	0.89154	0.004731844	0.087675844	0.096431741	0.01005	0.011230679	0.017752597	0.019519901	0.010516667	0.005516757	0.989483333	0.005516757	0.837324156	0.25652531
DESeq2	300	1000	mix	2	0.884555	0.004756057	0.09456648	0.065025873	0.0186	0.014666819	0.030701859	0.023290828	0.019227778	0.005530594	0.980772222	0.005530594	0.90543352	0.065025873
fastANCOM	300	1000	mix	2	0.891855	0.010223334	0.086068903	0.09916558	0.0093	0.015867225	0.015721577	0.019743507	0.010083333	0.012687669	0.989916667	0.012687669	0.913931097	0.09916558
LEfSe	300	1000	mix	2	0.892385	0.003945199	0.086912577	0.104313969	0.00885	0.0113056	0.015708323	0.019365037	0.009444444	0.004755972	0.990555556	0.004755972	0.913087423	0.104313969
limma_voom	300	1000	mix	2	0.839615	0.084536138	0.087408045	0.056531308	0.07285	0.109049698	0.059460346	0.049940792	0.075188889	0.10571193	0.924811111	0.10571193	0.912591955	0.056531308
LinDA	300	1000	mix	2	0.8915	0.003720107	0.087854088	0.09236082	0.00955	0.010811194	0.016950123	0.018714511	0.010505556	0.004331046	0.989494444	0.004331046	0.912145912	0.09236082
MaAsLin2	300	1000	mix	2	0.891355	0.003839621	0.088959224	0.095008086	0.00975	0.010910209	0.017290322	0.018978939	0.010688889	0.004436844	0.989311111	0.004436844	0.911040776	0.095008086
Wilcox	300	1000	mix	2	0.89318	0.003320047	0.09085737	0.114771945	0.00785	0.009918132	0.014234558	0.01772059	0.00845	0.003739281	0.99155	0.003739281	0.90914263	0.114771945
ZicoSeq	300	1000	mix	2	0.9	0	0	0	0	0	0	0	0	0	1	0	0	0
ALDEx2_wi	300	1000	mix	5	0.882675	0.009559619	0.103489014	0.071970295	0.0223	0.0173266	0.035548947	0.025982235	0.021727778	0.011300287	0.978272222	0.011300287	0.896510986	0.071970295
Corncob	300	1000	mix	5	0.87363	0.011229139	0.103311177	0.057261127	0.0332	0.019484822	0.049020272	0.02712301	0.032988889	0.013099755	0.967011111	0.013099755	0.896688823	0.057261127
DACOMP	300	1000	mix	5	0.874355	0.008985134	0.099054372	0.052414273	0.03095	0.01735232	0.04638155	0.024730675	0.031933333	0.010346824	0.968066667	0.010346824	0.900945628	0.052414273
DESeq2	300	1000	mix	5	0.859145	0.011927502	0.101325323	0.045967693	0.05175	0.026112195	0.067412156	0.031255656	0.051144444	0.014060265	0.948855556	0.014060265	0.898674677	0.045967693
fastANCOM	300	1000	mix	5	0.848095	0.047879308	0.102885924	0.044940529	0.06525	0.058721192	0.070806143	0.036834553	0.064922222	0.059068026	0.935077778	0.059068026	0.897114076	0.044940529
LEfSe	300	1000	mix	5	0.860805	0.016154623	0.09992439	0.048337805	0.048	0.026409987	0.062935169	0.031235135	0.048883333	0.019183823	0.951116667	0.019183823	0.90007561	0.048337805
limma_voom	300	1000	mix	5	0.68069	0.170689303	0.100830831	0.024593806	0.272	0.211108584	0.129373903	0.039561562	0.2739	0.212585028	0.7261	0.212585028	0.899169169	0.024593806
LinDA	300	1000	mix	5	0.85603	0.015891248	0.097759399	0.041485284	0.05265	0.026495046	0.066746911	0.029097498	0.054705556	0.019012463	0.945294444	0.019012463	0.902240601	0.041485284
MaAsLin2	300	1000	mix	5	0.852845	0.015594451	0.097434994	0.038766105	0.0562	0.025668157	0.069780075	0.028072272	0.058638889	0.018552173	0.941361111	0.018552173	0.902565006	0.038766105
Wilcox	300	1000	mix	5	0.865125	0.014991099	0.100807701	0.052274195	0.04305	0.025146755	0.05848271	0.030870832	0.043533333	0.017798271	0.956466667	0.017798271	0.899192299	0.052274195
ZicoSeq	300	1000	mix	5	0.9	0	0	0	0	0	0	0	0	0	1	0	0	0
ALDEx2_wi	300	200	mix	1	0.97823913	0.000152556	0	0	0	0	0	0	2.22E-05	0.000155946	0.999977778	0.000155946	0.02	0.140351318
Corncob	300	200	mix	1	0.978179348	0.000435022	0	0	0	0	0	0	8.33E-05	0.000444689	0.999916667	0.000444689	0.045	0.207824336
DACOMP	300	200	mix	1	0.97826087	0	0	0	0	0	0	0	0	0	1	0	0	0
DESeq2	300	200	mix	1	0.976092391	0.003309659	0.06029917	0.175193183	0.01125	0.025281083	0.016746731	0.036976057	0.002466667	0.00368625	0.997533333	0.00368625	0.58970083	0.465740637
fastANCOM	300	200	mix	1	0.978228261	0.000185886	0	0	0	0	0	0	3.33E-05	0.000190017	0.999966667	0.000190017	0.03	0.171015295
LEfSe	300	200	mix	1	0.978154415	0.000570349	0.00398313	0.0408017	0.001030928	0.011334256	0.001466276	0.015321824	0.00013173	0.000768275	0.99986827	0.000768275	0.047563261	0.207876588
limma_voom	300	200	mix	1	0.977548913	0.002302814	0.011639069	0.077529179	0.00275	0.012478625	0.003899946	0.017243763	0.000788889	0.002548834	0.999211111	0.002548834	0.203360931	0.39657121
LinDA	300	200	mix	1	0.978119565	0.00063828	0	0	0	0	0	0	0.000144444	0.000652464	0.999855556	0.000652464	0.07	0.255787286
MaAsLin2	300	200	mix	1	0.9781844	0.00038635	0	0	0	0	0	0	7.82E-05	0.000394935	0.999921831	0.000394935	0.045226131	0.208323816
Wilcox	300	200	mix	1	0.978168478	0.000432832	0	0	0	0	0	0	9.44E-05	0.000442451	0.999905556	0.000442451	0.055	0.228552359
ZicoSeq	300	200	mix	1	0.97826087	0	0	0	0	0	0	0	0	0	1	0	0	0
ALDEx2_wi	300	200	mix	10	0.95198913	0.010315868	0.096603943	0.054630808	0.15	0.097455053	0.113455315	0.064451777	0.030188889	0.011569608	0.969811111	0.011569608	0.903396057	0.054630808
Corncob	300	200	mix	10	0.93973913	0.018133876	0.094077391	0.047149148	0.2105	0.137328239	0.124153996	0.061551507	0.044055556	0.020596523	0.955944444	0.020596523	0.905922609	0.047149148
DACOMP	300	200	mix	10	0.962684783	0.003466686	0.096160331	0.066149441	0.08425	0.056171288	0.089333339	0.059841732	0.017794444	0.002954412	0.982205556	0.002954412	0.903839669	0.066149441
DESeq2	300	200	mix	10	0.932125	0.01490746	0.096545442	0.037675872	0.25875	0.131424119	0.137778973	0.054859247	0.052911111	0.016936238	0.947088889	0.016936238	0.903454558	0.037675872
fastANCOM	300	200	mix	10	0.949331522	0.015071036	0.089511468	0.048596803	0.1485	0.108079396	0.105777912	0.058202228	0.032872222	0.017021635	0.967127778	0.017021635	0.910488532	0.048596803
LEfSe	300	200	mix	10	0.932021739	0.020557763	0.094798472	0.042885053	0.2565	0.152969764	0.13314697	0.059438083	0.052966667	0.023470552	0.947033333	0.023470552	0.905201528	0.042885053
limma_voom	300	200	mix	10	0.933255435	0.024764159	0.08770252	0.039774062	0.2305	0.167286202	0.120043084	0.056475648	0.051127778	0.028329086	0.948872222	0.028329086	0.91229748	0.039774062
LinDA	300	200	mix	10	0.941755435	0.015789248	0.094663269	0.04684278	0.19975	0.122217524	0.123696873	0.060948965	0.041755556	0.017820426	0.958244444	0.017820426	0.905336731	0.04684278
MaAsLin2	300	200	mix	10	0.927853261	0.026414321	0.09510959	0.038638313	0.28	0.181285194	0.134851653	0.056044393	0.05775	0.030314324	0.94225	0.030314324	0.90489041	0.038638313
Wilcox	300	200	mix	10	0.934168478	0.02154341	0.096147246	0.044667082	0.247	0.156568093	0.131841554	0.060764762	0.050561111	0.024561164	0.949438889	0.024561164	0.903852754	0.044667082
ZicoSeq	300	200	mix	10	0.978146739	0.001614048	0.000909091	0.012856487	0.0015	0.021213203	0.001132075	0.016009965	0.00015	0.00212132	0.99985	0.00212132	0.004090909	0.057854191
ALDEx2_wi	300	200	mix	2	0.97413587	0.002398042	0.08718863	0.132636541	0.0215	0.031903592	0.033306455	0.048266257	0.004694444	0.002466822	0.995305556	0.002466822	0.90781137	0.147364122
Corncob	300	200	mix	2	0.973690217	0.002958844	0.077985852	0.124390127	0.02125	0.030669866	0.031956481	0.045548856	0.005144444	0.003127479	0.994855556	0.003127479	0.912014148	0.154450956
DACOMP	300	200	mix	2	0.971847826	0.00809306	0.087318359	0.108518982	0.03425	0.046908845	0.045464981	0.055170568	0.007316667	0.008803525	0.992683333	0.008803525	0.807681641	0.296301544
DESeq2	300	200	mix	2	0.96398913	0.004928108	0.095681536	0.0711378	0.079	0.05980706	0.084982744	0.062581388	0.016344444	0.005080883	0.983655556	0.005080883	0.904318464	0.0711378
fastANCOM	300	200	mix	2	0.974005435	0.002336547	0.089916847	0.131504491	0.02275	0.032016602	0.035274005	0.048697908	0.004855556	0.00234266	0.995144444	0.00234266	0.895083153	0.171556453
LEfSe	300	200	mix	2	0.972152174	0.003699409	0.102860204	0.133027137	0.03575	0.042937813	0.049724603	0.056079139	0.007038889	0.00401356	0.992961111	0.00401356	0.897139796	0.133027137
limma_voom	300	200	mix	2	0.969820652	0.005550951	0.09133317	0.118214255	0.04225	0.046780118	0.053743845	0.056550798	0.009566667	0.005967206	0.990433333	0.005967206	0.90866683	0.118214255
LinDA	300	200	mix	2	0.970967391	0.003345508	0.092438593	0.112580605	0.0375	0.040021979	0.050994313	0.052023783	0.008288889	0.003537994	0.991711111	0.003537994	0.907561407	0.112580605
MaAsLin2	300	200	mix	2	0.971842391	0.003384338	0.093872253	0.112299706	0.0345	0.039908816	0.048325894	0.053355442	0.007327778	0.003580277	0.992672222	0.003580277	0.906127747	0.112299706
Wilcox	300	200	mix	2	0.972755435	0.003047372	0.0952372	0.120246594	0.03	0.034727945	0.043824707	0.050192445	0.006294444	0.003194149	0.993705556	0.003194149	0.9047628	0.120246594
ZicoSeq	300	200	mix	2	0.97826087	0	0	0	0	0	0	0	0	0	1	0	0	0
ALDEx2_wi	300	200	mix	5	0.964380435	0.006737307	0.100918361	0.083358612	0.081	0.067912151	0.086020533	0.067602334	0.015988889	0.007242736	0.984011111	0.007242736	0.899081639	0.083358612
Corncob	300	200	mix	5	0.958440217	0.009583633	0.100551645	0.069917567	0.11425	0.083632587	0.101405024	0.065573901	0.0228	0.010681801	0.9772	0.010681801	0.899448355	0.069917567
DACOMP	300	200	mix	5	0.964798913	0.003333218	0.1009643	0.073740456	0.0785	0.057918241	0.087792359	0.063846966	0.015505556	0.002868799	0.984494444	0.002868799	0.8990357	0.073740456
DESeq2	300	200	mix	5	0.94676087	0.01118292	0.098148834	0.051044413	0.178	0.099197787	0.123789855	0.062511082	0.036155556	0.012312413	0.963844444	0.012312413	0.901851166	0.051044413
fastANCOM	300	200	mix	5	0.962298913	0.005340094	0.099644141	0.068108642	0.09	0.062807035	0.092851744	0.061990273	0.018316667	0.005408985	0.981683333	0.005408985	0.900355859	0.068108642
LEfSe	300	200	mix	5	0.953081522	0.012332114	0.100797756	0.064438766	0.146	0.103501511	0.112736604	0.068182201	0.028983333	0.01384545	0.971016667	0.01384545	0.899202244	0.064438766
limma_voom	300	200	mix	5	0.952418478	0.011103255	0.098015637	0.055893513	0.14275	0.091112264	0.112351442	0.061945049	0.029588889	0.012176866	0.970411111	0.012176866	0.901984363	0.055893513
LinDA	300	200	mix	5	0.955320652	0.008659663	0.095950268	0.061157317	0.1255	0.085652975	0.105702918	0.065055824	0.026238889	0.009421296	0.973761111	0.009421296	0.904049732	0.061157317
MaAsLin2	300	200	mix	5	0.951820652	0.012555477	0.100150883	0.058535611	0.15	0.09809748	0.114701106	0.063174536	0.030361111	0.013960202	0.969638889	0.013960202	0.899849117	0.058535611
Wilcox	300	200	mix	5	0.955195652	0.011786817	0.099217795	0.065198651	0.1305	0.096129885	0.105977505	0.065088017	0.026477778	0.013247027	0.973522222	0.013247027	0.900782205	0.065198651
ZicoSeq	300	200	mix	5	0.97826087	0	0	0	0	0	0	0	0	0	1	0	0	0
ALDEx2_wi	300	2000	mix	1	0.818181818	0	0	0	0	0	0	0	0	0	1	0	0	0
Corncob	300	2000	mix	1	0.818186364	6.43E-05	0.005	0.070710678	2.50E-05	0.000353553	4.98E-05	0.000703589	0	0	1	0	0	0
DACOMP	300	2000	mix	1	0.818181818	0	0	0	0	0	0	0	0	0	1	0	0	0
DESeq2	300	2000	mix	1	0.814536364	0.003676108	0.028180556	0.127302724	5.00E-04	0.002005019	0.00095227	0.003699024	0.004566667	0.004601887	0.995433333	0.004601887	0.871819444	0.317795235
fastANCOM	300	2000	mix	1	0.818181818	0	0	0	0	0	0	0	0	0	1	0	0	0
LEfSe	300	2000	mix	1	0.818092399	0.001278973	0.006274034	0.074669394	0.000136612	0.001521972	0.000246954	0.002703138	0.000139648	0.001889121	0.999860352	0.001889121	0.004654928	0.062970701
limma_voom	300	2000	mix	1	0.760645455	0.135810041	0.054362076	0.099808888	0.039675	0.094926681	0.0286563	0.048908378	0.079138889	0.186899911	0.920861111	0.186899911	0.575637924	0.451445549
LinDA	300	2000	mix	1	0.818186364	6.43E-05	0.005	0.070710678	2.50E-05	0.000353553	4.98E-05	0.000703589	0	0	1	0	0	0
MaAsLin2	300	2000	mix	1	0.818181818	0	0	0	0	0	0	0	0	0	1	0	0	0
Wilcox	300	2000	mix	1	0.818186364	6.43E-05	0.005	0.070710678	2.50E-05	0.000353553	4.98E-05	0.000703589	0	0	1	0	0	0
ZicoSeq	300	2000	mix	1	0.818181818	0	0	0	0	0	0	0	0	0	1	0	0	0
ALDEx2_wi	300	2000	mix	10	0.773122727	0.016525663	0.09805609	0.040986408	0.03005	0.015079271	0.045001474	0.020726058	0.06175	0.021916217	0.93825	0.021916217	0.90194391	0.040986408
Corncob	300	2000	mix	10	0.742672727	0.024837131	0.099717668	0.031394738	0.0518	0.021809131	0.066757575	0.023818028	0.1038	0.03334903	0.8962	0.03334903	0.900282332	0.031394738
DACOMP	300	2000	mix	10	0.747145455	0.020476292	0.098102036	0.03137331	0.04735	0.019315615	0.062704476	0.022693321	0.097344444	0.027165626	0.902655556	0.027165626	0.901897964	0.03137331
DESeq2	300	2000	mix	10	0.734959091	0.021552324	0.093894962	0.028102219	0.053275	0.020755804	0.066986902	0.022638505	0.113555556	0.028938239	0.886444444	0.028938239	0.906105038	0.028102219
fastANCOM	300	2000	mix	10	0.520445455	0.193635109	0.097518239	0.017979286	0.199625	0.134640726	0.117831196	0.037475962	0.408261111	0.265724176	0.591738889	0.265724176	0.902481761	0.017979286
LEfSe	300	2000	mix	10	0.702604545	0.031975098	0.099602917	0.024567661	0.079	0.027895173	0.086642088	0.024124816	0.158816667	0.042997969	0.841183333	0.042997969	0.900397083	0.024567661
limma_voom	300	2000	mix	10	-0.221345455	0.29100889	0.098665759	0.005251713	0.706	0.202126882	0.169775337	0.019447896	1.427422222	0.400006774	-0.427422222	0.400006774	0.901334241	0.005251713
LinDA	300	2000	mix	10	0.696209091	0.040249968	0.099705671	0.023003319	0.08375	0.033331554	0.088834615	0.025304271	0.167688889	0.054816339	0.832311111	0.054816339	0.900294329	0.023003319
MaAsLin2	300	2000	mix	10	0.687537688	0.044187345	0.098756128	0.022854288	0.08861809	0.035272745	0.091125195	0.02549848	0.179369068	0.060061013	0.820630932	0.060061013	0.901243872	0.022854288
Wilcox	300	2000	mix	10	0.7127	0.032235263	0.099389081	0.025709129	0.07175	0.027126866	0.081653546	0.024199963	0.144866667	0.043356815	0.855133333	0.043356815	0.900610919	0.025709129
ZicoSeq	300	2000	mix	10	0.817422727	0.006183093	0.00121303	0.010184096	4.00E-04	0.003338522	0.000601531	0.005027508	0.001016667	0.008268238	0.998983333	0.008268238	0.01378697	0.11203252
ALDEx2_wi	300	2000	mix	2	0.812240909	0.002890469	0.104990512	0.114656954	0.004625	0.005159211	0.008815353	0.009788664	0.008288889	0.003468934	0.991711111	0.003468934	0.895009488	0.114656954
Corncob	300	2000	mix	2	0.811609091	0.003298248	0.100999679	0.108957903	0.004925	0.005479003	0.009332566	0.010330151	0.009127778	0.004071264	0.990872222	0.004071264	0.899000321	0.108957903
DACOMP	300	2000	mix	2	0.807704545	0.006110231	0.097770277	0.086483859	0.008175	0.007654235	0.014980439	0.013896093	0.014622222	0.007873653	0.985377778	0.007873653	0.802229723	0.279784564
DESeq2	300	2000	mix	2	0.796445455	0.006117874	0.08525245	0.054949555	0.012425	0.008266562	0.02156225	0.014188413	0.029327778	0.00754982	0.970672222	0.00754982	0.91474755	0.054949555
fastANCOM	300	2000	mix	2	0.80815	0.004607955	0.102375403	0.088984492	0.0074	0.006742947	0.013680902	0.012322298	0.013905556	0.0058604	0.986094444	0.0058604	0.897624597	0.088984492
LEfSe	300	2000	mix	2	0.808909091	0.005141787	0.103449679	0.094062807	0.0067	0.006127621	0.012452008	0.011273457	0.012822222	0.006518777	0.987177778	0.006518777	0.896550321	0.094062807
limma_voom	300	2000	mix	2	0.6998	0.21396968	0.103976902	0.057096968	0.082575	0.146699859	0.057374237	0.050381185	0.163038889	0.293888669	0.836961111	0.293888669	0.896023098	0.057096968
LinDA	300	2000	mix	2	0.808159091	0.004107689	0.101115537	0.091924835	0.0073	0.006833262	0.013527969	0.012556894	0.013872222	0.005059332	0.986127778	0.005059332	0.898884463	0.091924835
MaAsLin2	300	2000	mix	2	0.808045455	0.00437245	0.102109083	0.089831971	0.007325	0.006590642	0.013574309	0.0121157	0.014016667	0.005385652	0.985983333	0.005385652	0.897890917	0.089831971
Wilcox	300	2000	mix	2	0.810136364	0.003733012	0.102478466	0.102239645	0.00595	0.005981336	0.011169124	0.011163496	0.011155556	0.004612727	0.988844444	0.004612727	0.897521534	0.102239645
ZicoSeq	300	2000	mix	2	0.817918182	0.003728381	0.000234375	0.003314563	7.50E-05	0.00106066	0.000113636	0.001607061	0.000338889	0.004792613	0.999661111	0.004792613	0.004765625	0.067396115
ALDEx2_wi	300	2000	mix	5	0.797813636	0.009686346	0.093817645	0.060272872	0.0128	0.009332496	0.02204893	0.015248811	0.027738889	0.012745451	0.972261111	0.012745451	0.906182355	0.060272872
Corncob	300	2000	mix	5	0.7857	0.013048772	0.095909335	0.047722066	0.0207	0.011755892	0.033339461	0.017511498	0.0443	0.017098014	0.9557	0.017098014	0.904090665	0.047722066
DACOMP	300	2000	mix	5	0.777963636	0.013035248	0.096900616	0.041373177	0.02635	0.013116314	0.040827085	0.018814151	0.055011111	0.016982122	0.944988889	0.016982122	0.903099384	0.041373177
DESeq2	300	2000	mix	5	0.768086364	0.014424001	0.09277801	0.037473727	0.03095	0.013948848	0.045795127	0.019165289	0.068105556	0.018594713	0.931894444	0.018594713	0.90722199	0.037473727
fastANCOM	300	2000	mix	5	0.715295455	0.12206797	0.100682391	0.033011838	0.0713	0.087752851	0.067567698	0.038704663	0.141594444	0.168214904	0.858405556	0.168214904	0.899317609	0.033011838
LEfSe	300	2000	mix	5	0.769109091	0.018049532	0.095982659	0.038346521	0.03165	0.015732612	0.046499027	0.020614567	0.067011111	0.023924056	0.932988889	0.023924056	0.904017341	0.038346521
limma_voom	300	2000	mix	5	0.312190909	0.393885966	0.099314163	0.016014899	0.3441	0.270437836	0.13044448	0.044125851	0.6949	0.541141787	0.3051	0.541141787	0.900685837	0.016014899
LinDA	300	2000	mix	5	0.765945455	0.017643667	0.099837142	0.037163967	0.03555	0.01646368	0.051472417	0.021220789	0.071744444	0.023314983	0.928255556	0.023314983	0.900162858	0.037163967
MaAsLin2	300	2000	mix	5	0.763202376	0.017490728	0.099636414	0.035942319	0.037311558	0.016203673	0.053441257	0.02092184	0.075488554	0.022939773	0.924511446	0.022939773	0.900363586	0.035942319
Wilcox	300	2000	mix	5	0.775590909	0.016789235	0.097336502	0.040773262	0.0278	0.014306761	0.042263276	0.019552315	0.058233333	0.02211874	0.941766667	0.02211874	0.902663498	0.040773262
ZicoSeq	300	2000	mix	5	0.817954545	0.003214122	0.000416667	0.005892557	0.000125	0.001767767	0.000192308	0.002719641	0.000305556	0.004321208	0.999694444	0.004321208	0.004583333	0.064818122
ALDEx2_wi	300	300	mix	1	0.967741935	0	0	0	0	0	0	0	0	0	1	0	0	0
Corncob	300	300	mix	1	0.96772043	0.000240075	0	0	0	0	0	0	2.22E-05	0.000248077	0.999977778	0.000248077	0.01	0.099748427
DACOMP	300	300	mix	1	0.967704301	0.000532231	0.000909091	0.012856487	0.000333333	0.004714045	0.000487805	0.006898603	5.00E-05	0.000707107	0.99995	0.000707107	0.004090909	0.057854191
DESeq2	300	300	mix	1	0.966473118	0.002455211	0.051047003	0.161627712	0.005166667	0.01421597	0.008775372	0.023093503	0.001483333	0.002767491	0.998516667	0.002767491	0.458952997	0.476447107
fastANCOM	300	300	mix	1	0.967741935	0	0	0	0	0	0	0	0	0	1	0	0	0
LEfSe	300	300	mix	1	0.967692812	0.000312822	0.001269036	0.017811762	0.000169205	0.002374902	0.000298597	0.004191003	5.64E-05	0.000367936	0.999943598	0.000367936	0.029187817	0.165903064
limma_voom	300	300	mix	1	0.963913978	0.011815739	0.046080986	0.134572379	0.015166667	0.043287245	0.01724921	0.039595345	0.004461111	0.013447066	0.995538889	0.013447066	0.373919014	0.457396206
LinDA	300	300	mix	1	0.967677419	0.000489734	0.015277778	0.108988306	0.001	0.00660778	0.001773512	0.011385067	1.00E-04	0.000641726	0.9999	0.000641726	0.039722222	0.187335344
MaAsLin2	300	300	mix	1	0.967715054	0.000168298	0.001666667	0.023570226	0.000166667	0.002357023	0.00030303	0.004285496	3.33E-05	0.000220259	0.999966667	0.000220259	0.023333333	0.147603223
Wilcox	300	300	mix	1	0.96766129	0.000599581	0.000555556	0.007856742	0.000166667	0.002357023	0.00025641	0.003626189	8.89E-05	0.000689899	0.999911111	0.000689899	0.034444444	0.181463059
ZicoSeq	300	300	mix	1	0.967741935	0	0	0	0	0	0	0	0	0	1	0	0	0
ALDEx2_wi	300	300	mix	10	0.939795699	0.012218171	0.0979418	0.06127366	0.1055	0.069196352	0.097074986	0.05696029	0.032394444	0.013643834	0.967605556	0.013643834	0.9020582	0.06127366
Corncob	300	300	mix	10	0.922967742	0.020798632	0.09920774	0.045793317	0.172	0.103777884	0.120241841	0.054556461	0.052	0.023793422	0.948	0.023793422	0.90079226	0.045793317
DACOMP	300	300	mix	10	0.951086022	0.003874673	0.096706117	0.063900283	0.062333333	0.042178266	0.075204368	0.049762287	0.019288889	0.00368773	0.980711111	0.00368773	0.903293883	0.063900283
DESeq2	300	300	mix	10	0.91483871	0.015663571	0.09670132	0.035226416	0.196666667	0.087842812	0.127373834	0.046495395	0.061222222	0.017579859	0.938777778	0.017579859	0.90329868	0.035226416
fastANCOM	300	300	mix	10	0.918623656	0.026770453	0.099503393	0.044618551	0.191	0.126354636	0.122699339	0.055165072	0.057122222	0.030948805	0.942877778	0.030948805	0.900496607	0.044618551
LEfSe	300	300	mix	10	0.912956989	0.023037433	0.098247937	0.038218971	0.2095	0.113783592	0.128837535	0.050343136	0.063594444	0.026512203	0.936405556	0.026512203	0.901752063	0.038218971
limma_voom	300	300	mix	10	0.876801075	0.050790378	0.098856227	0.030784986	0.3485	0.208228215	0.145164573	0.045795222	0.105588889	0.058793303	0.894411111	0.058793303	0.901143773	0.030784986
LinDA	300	300	mix	10	0.916537634	0.02100171	0.09807213	0.040085888	0.192833333	0.100577756	0.125737145	0.05063248	0.059338889	0.023767359	0.940661111	0.023767359	0.90192787	0.040085888
MaAsLin2	300	300	mix	10	0.903887097	0.031542776	0.098857316	0.034276128	0.2435	0.136936144	0.134156102	0.046574272	0.0741	0.0363289	0.9259	0.0363289	0.901142684	0.034276128
Wilcox	300	300	mix	10	0.915322581	0.02360028	0.100048416	0.041277021	0.203	0.113479559	0.128338986	0.051938234	0.060933333	0.027047678	0.939066667	0.027047678	0.899951584	0.041277021
ZicoSeq	300	300	mix	10	0.967741935	0	0	0	0	0	0	0	0	0	1	0	0	0
ALDEx2_wi	300	300	mix	2	0.963591398	0.00251201	0.099452561	0.167191582	0.014833333	0.021318226	0.025185015	0.036138128	0.004783333	0.002451079	0.995216667	0.002451079	0.890547439	0.189482789
Corncob	300	300	mix	2	0.963370968	0.002856262	0.101681783	0.170821247	0.016	0.022156239	0.026846421	0.037142624	0.00505	0.002854708	0.99495	0.002854708	0.888318217	0.192576718
DACOMP	300	300	mix	2	0.960543011	0.007387967	0.096718616	0.112413344	0.027833333	0.035012561	0.039941111	0.043498455	0.008366667	0.008232244	0.991633333	0.008232244	0.818281384	0.272539539
DESeq2	300	300	mix	2	0.953951613	0.005319784	0.103739219	0.073607429	0.053333333	0.037061224	0.06873039	0.046383562	0.016027778	0.005477891	0.983972222	0.005477891	0.896260781	0.073607429
fastANCOM	300	300	mix	2	0.962822581	0.002951027	0.09738345	0.158773694	0.018	0.024519958	0.029328219	0.039617621	0.005683333	0.003032544	0.994316667	0.003032544	0.89261655	0.182212454
LEfSe	300	300	mix	2	0.961591398	0.003596535	0.100760426	0.137964785	0.023	0.027022335	0.036157152	0.042089133	0.007122222	0.00371647	0.992877778	0.00371647	0.894239574	0.151728752
limma_voom	300	300	mix	2	0.954354839	0.010947471	0.096096743	0.106563523	0.048	0.056180295	0.056263569	0.051646042	0.015433333	0.012567722	0.984566667	0.012567722	0.898903257	0.124056391
LinDA	300	300	mix	2	0.960446237	0.003929597	0.102040893	0.132111827	0.027166667	0.029147098	0.04126265	0.043692953	0.008444444	0.004083622	0.991555556	0.004083622	0.887959107	0.159223774
MaAsLin2	300	300	mix	2	0.961048387	0.003625942	0.102959066	0.141644762	0.025166667	0.028648606	0.039029828	0.044145523	0.007755556	0.003702706	0.992244444	0.003702706	0.887040934	0.167162969
Wilcox	300	300	mix	2	0.962129032	0.003039714	0.101749556	0.142355648	0.021166667	0.025488527	0.033835504	0.040222341	0.006505556	0.003127653	0.993494444	0.003127653	0.888250444	0.167838202
ZicoSeq	300	300	mix	2	0.967741935	0	0	0	0	0	0	0	0	0	1	0	0	0
ALDEx2_wi	300	300	mix	5	0.953602151	0.008001501	0.105295229	0.082714444	0.059166667	0.053928577	0.071183558	0.058065161	0.016583333	0.008958367	0.983416667	0.008958367	0.894704771	0.082714444
Corncob	300	300	mix	5	0.945580645	0.01161896	0.101741303	0.065164756	0.0875	0.066114759	0.089273517	0.057132898	0.025816667	0.013072062	0.974183333	0.013072062	0.898258697	0.065164756
DACOMP	300	300	mix	5	0.953344086	0.005353917	0.103116377	0.080746648	0.056666667	0.043570412	0.072097729	0.054838423	0.016766667	0.005309679	0.983233333	0.005309679	0.896883623	0.080746648
DESeq2	300	300	mix	5	0.931575269	0.01082441	0.095553778	0.043238843	0.134833333	0.075783457	0.109630474	0.051421386	0.041866667	0.012252265	0.958133333	0.012252265	0.904446222	0.043238843
fastANCOM	300	300	mix	5	0.943521505	0.014521756	0.097072541	0.061485246	0.092333333	0.075370664	0.088855249	0.058320806	0.028105556	0.016505943	0.971894444	0.016505943	0.902927459	0.061485246
LEfSe	300	300	mix	5	0.93888172	0.013977638	0.098398709	0.056489492	0.1115	0.079473245	0.099454378	0.057987466	0.033538889	0.015933075	0.966461111	0.015933075	0.901601291	0.056489492
limma_voom	300	300	mix	5	0.919225806	0.027687719	0.096350837	0.038668739	0.181166667	0.125684169	0.118717175	0.049790097	0.056172222	0.031980688	0.943827778	0.031980688	0.903649163	0.038668739
LinDA	300	300	mix	5	0.93672043	0.011700165	0.097496975	0.047078855	0.118	0.072741636	0.103593366	0.052603553	0.035988889	0.013255304	0.964011111	0.013255304	0.902503025	0.047078855
MaAsLin2	300	300	mix	5	0.933924731	0.015194653	0.096309552	0.047561096	0.127166667	0.082539096	0.105500957	0.054044582	0.039183333	0.017334821	0.960816667	0.017334821	0.903690448	0.047561096
Wilcox	300	300	mix	5	0.940682796	0.013976532	0.098187443	0.058587064	0.1045	0.07870231	0.095691535	0.058231986	0.031444444	0.015985135	0.968555556	0.015985135	0.901812557	0.058587064
ZicoSeq	300	300	mix	5	0.967741935	0	0	0	0	0	0	0	0	0	1	0	0	0
ALDEx2_wi	300	400	mix	1	0.957446809	0	0	0	0	0	0	0	0	0	1	0	0	0
Corncob	300	400	mix	1	0.957420213	0.00030979	0	0	0	0	0	0	2.78E-05	0.000323559	0.999972222	0.000323559	0.01	0.099748427
DACOMP	300	400	mix	1	0.957420213	0.000376121	0.000714286	0.010101525	0.000125	0.001767767	0.000212766	0.003008965	3.33E-05	0.000471405	0.999966667	0.000471405	0.004285714	0.060609153
DESeq2	300	400	mix	1	0.956462766	0.001831579	0.060928571	0.200961151	0.0035	0.009719689	0.006377132	0.017547264	0.001183333	0.002023736	0.998816667	0.002023736	0.409071429	0.475213966
fastANCOM	300	400	mix	1	0.957452128	7.52E-05	0.005	0.070710678	0.000125	0.001767767	0.000243902	0.003449301	0	0	1	0	0	0
LEfSe	300	400	mix	1	0.957331652	0.000970818	0.00064433	0.008974477	0.000257732	0.003589791	0.000368189	0.005128273	0.00013173	0.00116527	0.99986827	0.00116527	0.030283505	0.170152468
limma_voom	300	400	mix	1	0.954005319	0.008590437	0.035482416	0.121778289	0.01025	0.029140752	0.01264685	0.032430693	0.00405	0.010041725	0.99595	0.010041725	0.314517584	0.443975487
LinDA	300	400	mix	1	0.957388298	0.000491024	0	0	0	0	0	0	6.11E-05	0.000512848	0.999938889	0.000512848	0.025	0.156516732
MaAsLin2	300	400	mix	1	0.957404255	0.000257731	0	0	0	0	0	0	4.44E-05	0.000269186	0.999955556	0.000269186	0.03	0.171015295
Wilcox	300	400	mix	1	0.957404255	0.000366975	0	0	0	0	0	0	4.44E-05	0.000383285	0.999955556	0.000383285	0.015	0.121857483
ZicoSeq	300	400	mix	1	0.957446809	0	0	0	0	0	0	0	0	0	1	0	0	0
ALDEx2_wi	300	400	mix	10	0.921382979	0.014585329	0.09723929	0.047312519	0.1045	0.061989625	0.096814519	0.048932617	0.042311111	0.016746824	0.957688889	0.016746824	0.90276071	0.047312519
Corncob	300	400	mix	10	0.896569149	0.024069461	0.098074975	0.034955834	0.176375	0.088404247	0.121842257	0.0449218	0.071422222	0.02795203	0.928577778	0.02795203	0.901925025	0.034955834
DACOMP	300	400	mix	10	0.935361702	0.005753406	0.098056716	0.058011486	0.064	0.0410019	0.076585319	0.046548091	0.025911111	0.00599518	0.974088889	0.00599518	0.901943284	0.058011486
DESeq2	300	400	mix	10	0.889515957	0.018347942	0.099186722	0.031171	0.199375	0.083441879	0.13039326	0.042928974	0.079811111	0.021157084	0.920188889	0.021157084	0.900813278	0.031171
fastANCOM	300	400	mix	10	0.889191489	0.037082666	0.09782241	0.037371448	0.1945	0.117050219	0.122719653	0.048610852	0.079933333	0.042857433	0.920066667	0.042857433	0.90217759	0.037371448
LEfSe	300	400	mix	10	0.883702128	0.026587032	0.097915878	0.032006556	0.21225	0.096222301	0.13041493	0.043508058	0.086455556	0.030766898	0.913544444	0.030766898	0.902084122	0.032006556
limma_voom	300	400	mix	10	0.824851064	0.067570125	0.095712606	0.024554578	0.366375	0.19698732	0.143940108	0.038481466	0.154772222	0.078528782	0.845227778	0.078528782	0.904287394	0.024554578
LinDA	300	400	mix	10	0.888973404	0.025202844	0.096656644	0.031981822	0.195125	0.095721851	0.125654209	0.04412754	0.080188889	0.029247253	0.919811111	0.029247253	0.903343356	0.031981822
MaAsLin2	300	400	mix	10	0.872340426	0.037000151	0.096594298	0.029228808	0.243	0.125917737	0.133226074	0.042827195	0.099688889	0.043286874	0.900311111	0.043286874	0.903405702	0.029228808
Wilcox	300	400	mix	10	0.887457447	0.027196903	0.098324657	0.031255974	0.202875	0.09736405	0.128228521	0.043111447	0.082116667	0.031576757	0.917883333	0.031576757	0.901675343	0.031255974
ZicoSeq	300	400	mix	10	0.957244681	0.002858517	0.000520833	0.007365696	0.000625	0.008838835	0.000568182	0.008035304	0.000238889	0.003378399	0.999761111	0.003378399	0.004479167	0.063344982
ALDEx2_wi	300	400	mix	2	0.95181383	0.002766322	0.088128635	0.116577651	0.014875	0.019429278	0.024931724	0.032111665	0.006544444	0.002861204	0.993455556	0.002861204	0.906871365	0.13305876
Corncob	300	400	mix	2	0.951398936	0.00325689	0.08292895	0.112575733	0.015875	0.020995558	0.026052292	0.034053263	0.007022222	0.003488408	0.992977778	0.003488408	0.91207105	0.129768404
DACOMP	300	400	mix	2	0.948925532	0.004648751	0.088843993	0.092798138	0.02275	0.026068859	0.03505244	0.037321769	0.009911111	0.005142501	0.990088889	0.005142501	0.866156007	0.209203989
DESeq2	300	400	mix	2	0.939404255	0.006109692	0.092625526	0.063719025	0.04725	0.033884781	0.061182668	0.041480425	0.020944444	0.006486252	0.979055556	0.006486252	0.907374474	0.063719025
fastANCOM	300	400	mix	2	0.950510638	0.00349506	0.091129447	0.134354103	0.017875	0.021468906	0.028945738	0.034231986	0.008038889	0.003679204	0.991961111	0.003679204	0.908870553	0.134354103
LEfSe	300	400	mix	2	0.949281915	0.004041368	0.088065442	0.096453533	0.02125	0.023072695	0.033373623	0.03553477	0.009472222	0.004319772	0.990527778	0.004319772	0.911934558	0.096453533
limma_voom	300	400	mix	2	0.937835106	0.014062666	0.088952047	0.079891375	0.05025	0.053106393	0.057617722	0.047650866	0.022716667	0.016253657	0.977283333	0.016253657	0.911047953	0.079891375
LinDA	300	400	mix	2	0.947308511	0.004891862	0.09084999	0.087721661	0.026125	0.025099988	0.03947412	0.036735905	0.01175	0.005215663	0.98825	0.005215663	0.90915001	0.087721661
MaAsLin2	300	400	mix	2	0.947962766	0.004491694	0.087903475	0.091202377	0.024375	0.025242231	0.037177616	0.037627493	0.010988889	0.004812754	0.989011111	0.004812754	0.912096525	0.091202377
Wilcox	300	400	mix	2	0.949771277	0.003655585	0.088549689	0.094452962	0.0205	0.02195816	0.032518487	0.034045526	0.008927778	0.003940398	0.991072222	0.003940398	0.911450311	0.094452962
ZicoSeq	300	400	mix	2	0.957446809	0	0	0	0	0	0	0	0	0	1	0	0	0
ALDEx2_wi	300	400	mix	5	0.94031383	0.00917648	0.101411519	0.072237248	0.05025	0.040099593	0.0639419	0.046614561	0.020127778	0.010201869	0.979872222	0.010201869	0.898588481	0.072237248
Corncob	300	400	mix	5	0.929	0.013421478	0.10239282	0.052079268	0.084	0.052693768	0.088331368	0.045482427	0.033444444	0.015201768	0.966555556	0.015201768	0.89760718	0.052079268
DACOMP	300	400	mix	5	0.93931383	0.004967297	0.101883453	0.064252616	0.054625	0.036065746	0.07036655	0.044996393	0.021366667	0.00499483	0.978633333	0.00499483	0.898116547	0.064252616
DESeq2	300	400	mix	5	0.91181383	0.013127649	0.096982384	0.040059255	0.13	0.063305116	0.109171781	0.046080112	0.053438889	0.014865694	0.946561111	0.014865694	0.903017616	0.040059255
fastANCOM	300	400	mix	5	0.927510638	0.013804078	0.097832463	0.049645445	0.0825	0.046551965	0.086282225	0.042658322	0.034933333	0.015308981	0.965066667	0.015308981	0.902167537	0.049645445
LEfSe	300	400	mix	5	0.920244681	0.016673895	0.101983032	0.047842492	0.110375	0.063665145	0.101594331	0.047504502	0.043761111	0.019035193	0.956238889	0.019035193	0.898016968	0.047842492
limma_voom	300	400	mix	5	0.893531915	0.034815833	0.096991518	0.034063473	0.18175	0.110920939	0.120196547	0.044647329	0.074833333	0.040449541	0.925166667	0.040449541	0.903008482	0.034063473
LinDA	300	400	mix	5	0.918132979	0.013486599	0.097432995	0.043030061	0.11175	0.058397249	0.101727194	0.045306954	0.046027778	0.015274415	0.953972222	0.015274415	0.902567005	0.043030061
MaAsLin2	300	400	mix	5	0.914643617	0.017705167	0.099233638	0.042534973	0.1235	0.065530307	0.106618489	0.045092411	0.050194444	0.020217944	0.949805556	0.020217944	0.900766362	0.042534973
Wilcox	300	400	mix	5	0.924218085	0.015942998	0.101780265	0.05085404	0.098	0.058689627	0.09550937	0.046866322	0.039061111	0.018156934	0.960938889	0.018156934	0.898219735	0.05085404
ZicoSeq	300	400	mix	5	0.957281915	0.002331948	0.000697674	0.009866606	0.00075	0.010606602	0.000722892	0.010223231	0.000205556	0.002906995	0.999794444	0.002906995	0.004302326	0.060844072
ALDEx2_wi	300	500	mix	1	0.947363158	7.44E-05	0	0	0	0	0	0	5.56E-06	7.86E-05	0.999994444	7.86E-05	0.005	0.070710678
Corncob	300	500	mix	1	0.947347368	0.00023502	0	0	0	0	0	0	2.22E-05	0.000248077	0.999977778	0.000248077	0.01	0.099748427
DACOMP	300	500	mix	1	0.947352632	0.000223297	0.001	0.014142136	1.00E-04	0.001414214	0.000181818	0.002571297	2.22E-05	0.00031427	0.999977778	0.00031427	0.004	0.056568542
DESeq2	300	500	mix	1	0.945947368	0.002419661	0.039058226	0.118772849	0.0036	0.009352935	0.006336485	0.016330622	0.0017	0.002848426	0.9983	0.002848426	0.430941774	0.472068829
fastANCOM	300	500	mix	1	0.947363158	7.44E-05	0	0	0	0	0	0	5.56E-06	7.86E-05	0.999994444	7.86E-05	0.005	0.070710678
LEfSe	300	500	mix	1	0.947298246	0.000595714	0.001282051	0.017902872	0.000102564	0.00143223	0.000189934	0.002652277	7.98E-05	0.000652946	0.999920228	0.000652946	0.019230769	0.134133043
limma_voom	300	500	mix	1	0.941	0.016963904	0.035861422	0.097074129	0.0148	0.040012058	0.015907916	0.035025953	0.007544444	0.019937115	0.992455556	0.019937115	0.379138578	0.459619032
LinDA	300	500	mix	1	0.947257895	0.000756547	0.00125	0.01767767	1.00E-04	0.001414214	0.000185185	0.002618914	0.000122222	0.000816952	0.999877778	0.000816952	0.03875	0.19103247
MaAsLin2	300	500	mix	1	0.947305263	0.000430469	0.001	0.014142136	1.00E-04	0.001414214	0.000181818	0.002571297	7.22E-05	0.000499115	0.999927778	0.000499115	0.024	0.150790213
Wilcox	300	500	mix	1	0.947305263	0.000417333	0.00125	0.01767767	1.00E-04	0.001414214	0.000185185	0.002618914	7.22E-05	0.000473604	0.999927778	0.000473604	0.02875	0.164686202
ZicoSeq	300	500	mix	1	0.947368421	0	0	0	0	0	0	0	0	0	1	0	0	0
ALDEx2_wi	300	500	mix	10	0.903157895	0.015648316	0.098879815	0.039151276	0.106	0.056639564	0.098822908	0.042662388	0.052555556	0.018583434	0.947444444	0.018583434	0.901120185	0.039151276
Corncob	300	500	mix	10	0.867931579	0.030415466	0.100884263	0.028071592	0.1919	0.090893886	0.127994885	0.038674315	0.094511111	0.036069987	0.905488889	0.036069987	0.899115737	0.028071592
DACOMP	300	500	mix	10	0.920221053	0.005990559	0.10149941	0.049926561	0.0662	0.034808305	0.079473502	0.039753093	0.032333333	0.006356062	0.967666667	0.006356062	0.89850059	0.049926561
DESeq2	300	500	mix	10	0.865168421	0.023226364	0.101368468	0.025929655	0.1963	0.067282574	0.131501233	0.033790119	0.097672222	0.026644463	0.902327778	0.026644463	0.898631532	0.025929655
fastANCOM	300	500	mix	10	0.857726316	0.046651478	0.096985146	0.028082605	0.2027	0.11623365	0.12341008	0.038183786	0.105883333	0.054837096	0.894116667	0.054837096	0.903014854	0.028082605
LEfSe	300	500	mix	10	0.851521053	0.032936389	0.100113004	0.024851829	0.2305	0.101623752	0.136054899	0.037489725	0.113977778	0.039184623	0.886022222	0.039184623	0.899886996	0.024851829
limma_voom	300	500	mix	10	0.779626316	0.077385837	0.095938413	0.022045952	0.377	0.183344145	0.14629401	0.035104416	0.198005556	0.09105235	0.801994444	0.09105235	0.904061587	0.022045952
LinDA	300	500	mix	10	0.858915789	0.031059092	0.100398832	0.026433838	0.2113	0.089455696	0.132563771	0.036805439	0.105105556	0.03653167	0.894894444	0.03653167	0.899601168	0.026433838
MaAsLin2	300	500	mix	10	0.836794737	0.046246768	0.101498132	0.023470028	0.269	0.129284852	0.142247544	0.03617574	0.131661111	0.055056271	0.868338889	0.055056271	0.898501868	0.023470028
Wilcox	300	500	mix	10	0.856889474	0.034651751	0.100483019	0.026448128	0.2175	0.102470734	0.132894284	0.038275121	0.107588889	0.041160218	0.892411111	0.041160218	0.899516981	0.026448128
ZicoSeq	300	500	mix	10	0.947368421	0	0	0	0	0	0	0	0	0	1	0	0	0
ALDEx2_wi	300	500	mix	2	0.940863158	0.003191673	0.088399709	0.122889873	0.0125	0.014928641	0.021473933	0.025488489	0.007561111	0.003283071	0.992438889	0.003283071	0.911600291	0.122889873
Corncob	300	500	mix	2	0.940168421	0.003892284	0.092903718	0.126085237	0.014	0.016040151	0.023628384	0.026721745	0.008377778	0.004098544	0.991622222	0.004098544	0.907096282	0.126085237
DACOMP	300	500	mix	2	0.937442105	0.00459439	0.084792495	0.084256914	0.0201	0.020691318	0.032011847	0.032349466	0.011594444	0.004848441	0.988405556	0.004848441	0.870207505	0.206447352
DESeq2	300	500	mix	2	0.925347368	0.006242509	0.095646815	0.054984772	0.0499	0.031383349	0.064510143	0.038019155	0.026016667	0.006894738	0.973983333	0.006894738	0.904353185	0.054984772
fastANCOM	300	500	mix	2	0.9391	0.003739	0.094575725	0.105341826	0.0169	0.018056027	0.027981398	0.029110172	0.009666667	0.003857052	0.990333333	0.003857052	0.905424275	0.105341826
LEfSe	300	500	mix	2	0.937552632	0.004529	0.09023908	0.08630891	0.0209	0.020768889	0.033065352	0.031403078	0.011522222	0.004988118	0.988477778	0.004988118	0.90976092	0.08630891
limma_voom	300	500	mix	2	0.922778947	0.021766792	0.09221628	0.066904046	0.0546	0.058617575	0.061297909	0.045464801	0.028988889	0.025657237	0.971011111	0.025657237	0.90778372	0.066904046
LinDA	300	500	mix	2	0.935447368	0.004604592	0.094730731	0.080371494	0.0266	0.023733021	0.040685405	0.035122716	0.014061111	0.00492716	0.985938889	0.00492716	0.905269269	0.080371494
MaAsLin2	300	500	mix	2	0.935810526	0.004501899	0.088334615	0.078723813	0.0245	0.023419916	0.037560302	0.034572323	0.013561111	0.004916699	0.986438889	0.004916699	0.911665385	0.078723813
Wilcox	300	500	mix	2	0.938484211	0.003969061	0.090452077	0.092911104	0.0191	0.020279207	0.030777216	0.031399875	0.010438889	0.004339775	0.989561111	0.004339775	0.909547923	0.092911104
ZicoSeq	300	500	mix	2	0.947368421	0	0	0	0	0	0	0	0	0	1	0	0	0
ALDEx2_wi	300	500	mix	5	0.925121053	0.011105804	0.09572113	0.058094039	0.0502	0.036806707	0.062572655	0.039099563	0.026272222	0.012865368	0.973727778	0.012865368	0.90427887	0.058094039
Corncob	300	500	mix	5	0.909715789	0.015097676	0.096308711	0.044534895	0.0876	0.05249781	0.088575116	0.043782036	0.044611111	0.017696895	0.955388889	0.017696895	0.903691289	0.044534895
DACOMP	300	500	mix	5	0.924857895	0.005561677	0.09488091	0.052703821	0.0492	0.027843063	0.064208472	0.035297391	0.026494444	0.005622817	0.973505556	0.005622817	0.90511909	0.052703821
DESeq2	300	500	mix	5	0.893084211	0.01461525	0.096667929	0.034573463	0.1248	0.054991639	0.107177956	0.039757845	0.064233333	0.01691565	0.935766667	0.01691565	0.903332071	0.034573463
fastANCOM	300	500	mix	5	0.906784211	0.022412742	0.09391512	0.042291064	0.0906	0.061404336	0.087463705	0.042934427	0.047872222	0.026162358	0.952127778	0.026162358	0.90608488	0.042291064
LEfSe	300	500	mix	5	0.899231579	0.018965494	0.095937627	0.03740153	0.1104	0.060216027	0.099081392	0.041584228	0.056944444	0.022258416	0.943055556	0.022258416	0.904062373	0.03740153
limma_voom	300	500	mix	5	0.860126316	0.048966553	0.094773575	0.028089879	0.1927	0.115025494	0.120688723	0.037642557	0.102794444	0.057254316	0.897205556	0.057254316	0.905226425	0.028089879
LinDA	300	500	mix	5	0.896026316	0.017297608	0.097175898	0.03717523	0.1188	0.059059292	0.104373688	0.041839431	0.060794444	0.020093576	0.939205556	0.020093576	0.902824102	0.03717523
MaAsLin2	300	500	mix	5	0.892105263	0.020637807	0.095666702	0.035341014	0.1266	0.067670796	0.105916913	0.042374767	0.065366667	0.024253124	0.934633333	0.024253124	0.904333298	0.035341014
Wilcox	300	500	mix	5	0.903294737	0.018322382	0.095640334	0.039753278	0.1013	0.059750823	0.094529108	0.042712237	0.05215	0.021615411	0.94785	0.021615411	0.904359666	0.039753278
ZicoSeq	300	500	mix	5	0.947368421	0	0	0	0	0	0	0	0	0	1	0	0	0
ALDEx2_wi	300	800	mix	1	0.918372449	7.22E-05	0.005	0.070710678	6.25E-05	0.000883883	0.000123457	0.001745943	0	0	1	0	0	0
Corncob	300	800	mix	1	0.918372449	7.22E-05	0.005	0.070710678	6.25E-05	0.000883883	0.000123457	0.001745943	0	0	1	0	0	0
DACOMP	300	800	mix	1	0.918352041	0.000216461	0.001	0.014142136	6.25E-05	0.000883883	0.000117647	0.001663781	2.22E-05	0.00031427	0.999977778	0.00031427	0.004	0.056568542
DESeq2	300	800	mix	1	0.917566327	0.001337226	0.038708333	0.154028578	0.001125	0.004000236	0.002165155	0.007693543	0.000972222	0.001494193	0.999027778	0.001494193	0.386291667	0.473908792
fastANCOM	300	800	mix	1	0.918362245	0.000161665	0.005	0.070710678	6.25E-05	0.000883883	0.000123457	0.001745943	1.11E-05	0.000157135	0.999988889	0.000157135	0.005	0.070710678
LEfSe	300	800	mix	1	0.918199148	0.002053539	0.007367632	0.076558761	0.000343407	0.003062234	0.000558232	0.004665122	0.000213675	0.002486262	0.999786325	0.002486262	0.01461039	0.113947161
limma_voom	300	800	mix	1	0.892204082	0.055098531	0.064576615	0.124707748	0.0386875	0.079389923	0.032430626	0.048347933	0.031927778	0.06677838	0.968072222	0.06677838	0.560423385	0.449921044
LinDA	300	800	mix	1	0.918336735	0.000395004	0.005	0.070710678	6.25E-05	0.000883883	0.000123457	0.001745943	3.89E-05	0.000422365	0.999961111	0.000422365	0.01	0.099748427
MaAsLin2	300	800	mix	1	0.918362245	0.000161665	0.005	0.070710678	6.25E-05	0.000883883	0.000123457	0.001745943	1.11E-05	0.000157135	0.999988889	0.000157135	0.005	0.070710678
Wilcox	300	800	mix	1	0.918362245	0.000161665	0.005	0.070710678	6.25E-05	0.000883883	0.000123457	0.001745943	1.11E-05	0.000157135	0.999988889	0.000157135	0.005	0.070710678
ZicoSeq	300	800	mix	1	0.918367347	0	0	0	0	0	0	0	0	0	1	0	0	0
ALDEx2_wi	300	800	mix	10	0.889168367	0.013668286	0.097946005	0.055993081	0.0439375	0.029812477	0.057985043	0.035061293	0.0357	0.0163441	0.9643	0.0163441	0.902053995	0.055993081
Corncob	300	800	mix	10	0.870438776	0.020917876	0.097193798	0.046857014	0.0701875	0.040638696	0.078132246	0.03744505	0.058427778	0.024891421	0.941572222	0.024891421	0.902806202	0.046857014
DACOMP	300	800	mix	10	0.884943878	0.012627968	0.098071418	0.048262185	0.0504375	0.030832704	0.064558967	0.034866398	0.040877778	0.015102105	0.959122222	0.015102105	0.901928582	0.048262185
DESeq2	300	800	mix	10	0.863183673	0.018355196	0.099065512	0.038055053	0.08275	0.037814012	0.088041732	0.034183247	0.067444444	0.021613953	0.932555556	0.021613953	0.900934488	0.038055053
fastANCOM	300	800	mix	10	0.816367347	0.066099209	0.10045807	0.033175878	0.154125	0.102574507	0.11057279	0.040737188	0.124766667	0.080275797	0.875233333	0.080275797	0.89954193	0.033175878
LEfSe	300	800	mix	10	0.849673469	0.024302294	0.098366145	0.034707675	0.1026875	0.0472364	0.09753512	0.035589141	0.083927778	0.029074667	0.916072222	0.029074667	0.901633855	0.034707675
limma_voom	300	800	mix	10	0.558377551	0.161023008	0.098282248	0.014808307	0.539	0.245699698	0.158061672	0.029844416	0.4399	0.196701732	0.5601	0.196701732	0.901717752	0.014808307
LinDA	300	800	mix	10	0.842709184	0.02981746	0.099216059	0.032828179	0.11375	0.053062611	0.102378233	0.035455842	0.092494444	0.035680354	0.907505556	0.035680354	0.900783941	0.032828179
MaAsLin2	300	800	mix	10	0.834892857	0.034283147	0.099795696	0.031151761	0.12725	0.063562081	0.107693443	0.036444798	0.102205556	0.041532985	0.897794444	0.041532985	0.900204304	0.031151761
Wilcox	300	800	mix	10	0.853795918	0.024673312	0.098530263	0.036772663	0.0970625	0.047914705	0.094574026	0.037080628	0.078938889	0.029583895	0.921061111	0.029583895	0.901469737	0.036772663
ZicoSeq	300	800	mix	10	0.918214286	0.002164613	0.000416667	0.005892557	0.0001875	0.00265165	0.000258621	0.003657449	0.000183333	0.002592725	0.999816667	0.002592725	0.004583333	0.064818122
ALDEx2_wi	300	800	mix	2	0.913938776	0.00242821	0.092247114	0.141157368	0.0063125	0.0095434	0.01166108	0.017337333	0.005383333	0.002557357	0.994616667	0.002557357	0.902752886	0.154913834
Corncob	300	800	mix	2	0.913867347	0.002745275	0.094436133	0.145757777	0.006375	0.008860129	0.011770303	0.016278078	0.005466667	0.002960459	0.994533333	0.002960459	0.900563867	0.159047863
DACOMP	300	800	mix	2	0.911367347	0.004429632	0.077204016	0.095479411	0.00925	0.012293521	0.016217626	0.020958702	0.008444444	0.005071607	0.991555556	0.005071607	0.822795984	0.289914098
DESeq2	300	800	mix	2	0.90522449	0.004869117	0.096197035	0.084304412	0.01875	0.016194096	0.03086994	0.026009331	0.015977778	0.005290213	0.984022222	0.005290213	0.903802965	0.084304412
fastANCOM	300	800	mix	2	0.911765306	0.009582608	0.088565254	0.114936797	0.0093125	0.016096711	0.015834492	0.0218376	0.008016667	0.011350234	0.991983333	0.011350234	0.906434746	0.131606855
LEfSe	300	800	mix	2	0.911908163	0.003545306	0.093709687	0.111926068	0.0095	0.011569649	0.016882053	0.019936416	0.007877778	0.004042687	0.992122222	0.004042687	0.901290313	0.128785243
limma_voom	300	800	mix	2	0.875841837	0.05953256	0.090619773	0.063363929	0.061875	0.086817601	0.057536384	0.047162196	0.051805556	0.072148477	0.948194444	0.072148477	0.909380227	0.063363929
LinDA	300	800	mix	2	0.911326531	0.00334309	0.08908682	0.112572609	0.009625	0.011736079	0.017099689	0.020593741	0.008522222	0.003659138	0.991477778	0.003659138	0.90591318	0.129527014
MaAsLin2	300	800	mix	2	0.91127551	0.003476213	0.085849376	0.105645912	0.0095	0.012035333	0.016864323	0.021004484	0.008566667	0.003786586	0.991433333	0.003786586	0.909150624	0.123686099
Wilcox	300	800	mix	2	0.912505102	0.003129679	0.094137042	0.121220066	0.0085	0.010762395	0.015300956	0.018940743	0.007138889	0.00349139	0.992861111	0.00349139	0.900862958	0.13692408
ZicoSeq	300	800	mix	2	0.918367347	0	0	0	0	0	0	0	0	0	1	0	0	0
ALDEx2_wi	300	800	mix	5	0.903612245	0.008005893	0.094146258	0.075070637	0.0215625	0.018156974	0.03380297	0.026961043	0.017983333	0.009502206	0.982016667	0.009502206	0.905853742	0.075070637
Corncob	300	800	mix	5	0.896265306	0.010027411	0.096409805	0.05982068	0.0319375	0.020957659	0.046541692	0.028591084	0.026905556	0.011663477	0.973094444	0.011663477	0.903590195	0.05982068
DACOMP	300	800	mix	5	0.896627551	0.007991735	0.101134431	0.05730487	0.0329375	0.019380217	0.048593622	0.026567176	0.0266	0.009218242	0.9734	0.009218242	0.898865569	0.05730487
DESeq2	300	800	mix	5	0.882061224	0.011185667	0.100538828	0.044806487	0.055125	0.025930849	0.070007145	0.030741048	0.044433333	0.012763746	0.955566667	0.012763746	0.899461172	0.044806487
fastANCOM	300	800	mix	5	0.874637755	0.035082371	0.099518609	0.046926582	0.0674375	0.061287196	0.071580216	0.040697706	0.053611111	0.043070291	0.946388889	0.043070291	0.900481391	0.046926582
LEfSe	300	800	mix	5	0.88625	0.014028083	0.097891841	0.04989944	0.047125	0.027674469	0.061348781	0.031961231	0.039161111	0.016526114	0.960838889	0.016526114	0.902108159	0.04989944
limma_voom	300	800	mix	5	0.728015306	0.137331295	0.097360036	0.023388927	0.2850625	0.213271573	0.129989273	0.041289567	0.232611111	0.168020068	0.767388889	0.168020068	0.902639964	0.023388927
LinDA	300	800	mix	5	0.88080102	0.015916644	0.101139591	0.044236401	0.0575625	0.030769484	0.071049165	0.032161005	0.046022222	0.018832266	0.953977778	0.018832266	0.898860409	0.044236401
MaAsLin2	300	800	mix	5	0.877857143	0.015049119	0.096652598	0.041859316	0.059125	0.030379457	0.071440996	0.031900049	0.049366667	0.017756656	0.950633333	0.017756656	0.903347402	0.041859316
Wilcox	300	800	mix	5	0.889295918	0.012938428	0.09920498	0.052202096	0.04375	0.026434949	0.058633223	0.031605223	0.035544444	0.015297367	0.964455556	0.015297367	0.90079502	0.052202096
ZicoSeq	300	800	mix	5	0.918367347	0	0	0	0	0	0	0	0	0	1	0	0	0
edgeR	300	2000	mix	1	0.89946	0.001093322	0.020527778	0.081408652	0.00055	0.001996841	0.001060215	0.003836807	0.000661111	0.001325301	0.999338889	0.001325301	0.259472222	0.42474127
edgeR	300	2000	mix	2	0.900815	0.00298621	0.655478877	0.246388557	0.03935	0.013020089	0.073068498	0.022451087	0.003466667	0.003564838	0.996533333	0.003564838	0.344521123	0.246388557
edgeR	300	2000	mix	5	0.894765	0.006321942	0.405847163	0.217078452	0.0408	0.01207552	0.07125899	0.018153511	0.01035	0.007780846	0.98965	0.007780846	0.594152837	0.217078452
edgeR	300	2000	mix	10	0.89023	0.007660544	0.264976341	0.154057795	0.0347	0.011608513	0.058721213	0.016767193	0.014711111	0.009293029	0.985288889	0.009293029	0.735023659	0.154057795
edgeR	300	1000	mix	1	0.94957	0.000896176	0.015916667	0.078371606	9.00E-04	0.00428646	0.00168855	0.00800732	5.00E-04	0.001010244	0.9995	0.001010244	0.264083333	0.432003423
edgeR	300	1000	mix	2	0.950595	0.001906521	0.624822401	0.201990605	0.0653	0.024759653	0.115050259	0.038192859	0.002810526	0.002561229	0.997189474	0.002561229	0.375177599	0.201990605
edgeR	300	1000	mix	5	0.94483	0.005902927	0.404384482	0.250415608	0.065	0.025326155	0.103010472	0.032206725	0.008863158	0.007099884	0.991136842	0.007099884	0.595615518	0.250415608
edgeR	300	1000	mix	10	0.942675	0.006275001	0.297886464	0.191736573	0.0567	0.017981753	0.089192175	0.023459094	0.010694737	0.00704694	0.989305263	0.00704694	0.702113536	0.191736573
edgeR	300	500	mix	1	0.974645	0.000785908	0.0365	0.123471462	0.0024	0.008659671	0.004320901	0.014985234	0.000425641	0.000907623	0.999574359	0.000907623	0.2735	0.424767019
edgeR	300	500	mix	2	0.97615	0.001962399	0.69580191	0.216462906	0.1312	0.048435733	0.211924287	0.061598561	0.002184615	0.002378264	0.997815385	0.002378264	0.30419809	0.216462906
edgeR	300	500	mix	5	0.970295	0.00545602	0.399947864	0.231637068	0.1298	0.042687022	0.176982177	0.041284446	0.008153846	0.006286028	0.991846154	0.006286028	0.600052136	0.231637068
edgeR	300	500	mix	10	0.967545	0.006513039	0.308132415	0.191929806	0.1252	0.041352879	0.159943021	0.037675138	0.01085641	0.00737336	0.98914359	0.00737336	0.691867585	0.191929806
edgeR	300	400	mix	1	0.979535	0.000899649	0.038809524	0.13802701	0.00325	0.010453722	0.005786967	0.018357169	0.000540816	0.000985861	0.999459184	0.000985861	0.321190476	0.448999731
edgeR	300	400	mix	2	0.98059	0.002172347	0.642660946	0.244175256	0.14275	0.05152902	0.224519025	0.070651835	0.002311224	0.00226023	0.997688776	0.00226023	0.357339054	0.244175256
edgeR	300	400	mix	5	0.976015	0.004332433	0.388430123	0.222002663	0.14275	0.044423211	0.190619319	0.047720233	0.006979592	0.004901694	0.993020408	0.004901694	0.611569877	0.222002663
edgeR	300	400	mix	10	0.972455	0.00615133	0.305528828	0.221042208	0.139	0.048372502	0.167118144	0.045933023	0.010535714	0.00679397	0.989464286	0.00679397	0.694471172	0.221042208
edgeR	300	300	mix	1	0.984635	0.000852373	0.035769231	0.162926933	0.002	0.007956109	0.003630439	0.014525747	0.000401015	0.000887449	0.999598985	0.000887449	0.334230769	0.465269014
edgeR	300	300	mix	2	0.98573	0.001602429	0.671362635	0.225623116	0.155333333	0.067373359	0.240235159	0.088017172	0.001624365	0.001765812	0.998375635	0.001765812	0.328637365	0.225623116
edgeR	300	300	mix	5	0.98211	0.004385801	0.459358969	0.273598063	0.152333333	0.070153751	0.197672615	0.065144957	0.005253807	0.005129888	0.994746193	0.005129888	0.530641031	0.27491075
edgeR	300	300	mix	10	0.980025	0.004533475	0.319558072	0.224371119	0.143	0.062369055	0.17377815	0.063825387	0.007228426	0.005059255	0.992771574	0.005059255	0.680441928	0.224371119
edgeR	300	200	mix	1	0.98973	0.000583528	0.058666667	0.211250353	0.0045	0.014381175	0.008166836	0.026143206	0.000318182	0.000590449	0.999681818	0.000590449	0.331333333	0.461121942
edgeR	300	200	mix	2	0.990825	0.001715018	0.709207085	0.239208035	0.224	0.096000842	0.31952034	0.10701447	0.001429293	0.001962043	0.998570707	0.001962043	0.280792915	0.22998493
edgeR	300	200	mix	5	0.987345	0.004610975	0.479067749	0.287577043	0.2225	0.077320989	0.26503487	0.075183582	0.004929293	0.005009074	0.995070707	0.005009074	0.510932251	0.288136112
edgeR	300	200	mix	10	0.98607	0.004409024	0.387864676	0.26221366	0.2095	0.081864325	0.231060181	0.067030483	0.006085859	0.004926743	0.993914141	0.004926743	0.612135324	0.26221366
edgeR	300	100	mix	1	0.9948	0.000460566	0.053166667	0.17871745	0.011	0.034509551	0.017475191	0.053705626	0.000256281	0.00049223	0.999743719	0.00049223	0.266833333	0.422730257
edgeR	300	100	mix	2	0.99598	0.001353857	0.716824556	0.207310768	0.476	0.142219066	0.539504247	0.116740001	0.001407035	0.001538521	0.998592965	0.001538521	0.283175444	0.207310768
edgeR	300	100	mix	5	0.99198	0.003759782	0.412004148	0.235354091	0.471	0.125766338	0.392710795	0.108428143	0.00540201	0.004103231	0.99459799	0.004103231	0.587995852	0.235354091
edgeR	300	100	mix	10	0.989965	0.004562836	0.327508881	0.239847406	0.43	0.134464895	0.321386071	0.107195941	0.007221106	0.00491616	0.992778894	0.00491616	0.672491119	0.239847406
edgeR	300	800	mix	1	0.959495	0.000845353	0.024916667	0.114552115	0.001	0.003408249	0.001889083	0.006440663	0.000567708	0.000933737	0.999432292	0.000933737	0.415083333	0.483551987
edgeR	300	800	mix	2	0.960685	0.001713958	0.662731928	0.235189861	0.0655	0.026892979	0.11576692	0.042405551	0.002015625	0.002134852	0.997984375	0.002134852	0.327268072	0.227872216
edgeR	300	800	mix	5	0.956765	0.004930043	0.467296025	0.293614724	0.06225	0.023768932	0.101721998	0.03234485	0.005963542	0.005605821	0.994036458	0.005605821	0.532703975	0.293614724
edgeR	300	800	mix	10	0.952825	0.005272559	0.265155144	0.185044781	0.061625	0.026307657	0.092027331	0.033253008	0.010041667	0.006204715	0.989958333	0.006204715	0.734844856	0.185044781
metagenomeSeq	300	800	mix	1	0.959954082	0.000239057	0	0	0	0	0	0	4.78E-05	0.000249017	0.999952168	0.000249017	0.051020408	0.221170689
metagenomeSeq	300	800	mix	2	0.96536	0.002002625	0.955005255	0.072953901	0.142	0.050736993	0.243494725	0.076071018	0.000333333	0.00061278	0.999666667	0.00061278	0.044994745	0.072953901
metagenomeSeq	300	800	mix	5	0.979675258	0.003344025	0.880158473	0.090811889	0.580670103	0.059894129	0.695146797	0.047225421	0.003699527	0.003383316	0.996300473	0.003383316	0.119841527	0.090811889
metagenomeSeq	300	800	mix	10	0.980091837	0.005059108	0.758331814	0.094749063	0.764668367	0.054501771	0.756547869	0.047930247	0.010932185	0.005720371	0.989067815	0.005720371	0.241668186	0.094749063
metagenomeSeq	300	1000	mix	1	0.949954545	0.000226901	0.001683502	0.01675063	0.00010101	0.001005038	0.000190585	0.001896298	5.32E-05	0.000286257	0.999946837	0.000286257	0.058922559	0.23366489
metagenomeSeq	300	1000	mix	2	0.956414141	0.001944433	0.939105189	0.086763609	0.14030303	0.038636309	0.241366753	0.057390031	0.000632642	0.001253588	0.999367358	0.001253588	0.060894811	0.086763609
metagenomeSeq	300	1000	mix	5	0.973796875	0.004196225	0.861486756	0.091109485	0.5809375	0.061850041	0.688679309	0.045419417	0.005526316	0.00476538	0.994473684	0.00476538	0.138513244	0.091109485
metagenomeSeq	300	1000	mix	10	0.972841837	0.007141283	0.732143723	0.09828667	0.754897959	0.048551066	0.738329502	0.04987266	0.015687433	0.008121243	0.984312567	0.008121243	0.267856277	0.09828667
metagenomeSeq	300	500	mix	1	0.974964646	0.000305164	0.001262626	0.012562973	0.00020202	0.002010076	0.000348311	0.003465648	4.14E-05	0.000363925	0.99995856	0.000363925	0.018939394	0.132869187
metagenomeSeq	300	500	mix	2	0.982010204	0.001749786	0.948842003	0.076834062	0.300204082	0.069844888	0.45053882	0.079311726	0.000507588	0.000888216	0.999492412	0.000888216	0.051157997	0.076834062
metagenomeSeq	300	500	mix	5	0.991112245	0.004176845	0.808976835	0.108419494	0.871020408	0.051060704	0.834366398	0.065999693	0.005808477	0.004130079	0.994191523	0.004130079	0.191023165	0.108419494
metagenomeSeq	300	500	mix	10	0.984540404	0.006796862	0.640509454	0.107792837	0.971313131	0.023588585	0.766642699	0.078874688	0.015120435	0.006995613	0.984879565	0.006995613	0.359490546	0.107792837
metagenomeSeq	300	2000	mix	1	0.899969072	0.00014095	0	0	0	0	0	0	3.44E-05	0.000156611	0.999965636	0.000156611	0.051546392	0.222258015
metagenomeSeq	300	2000	mix	2	0.908683673	0.002219162	0.96934299	0.053830658	0.090204082	0.023152546	0.16411804	0.038036111	0.00037415	0.0007345	0.99962585	0.0007345	0.03065701	0.053830658
metagenomeSeq	300	2000	mix	5	0.934813131	0.005931405	0.875849592	0.080682584	0.412828283	0.045485822	0.557852212	0.042026735	0.007188552	0.006442185	0.992811448	0.006442185	0.124150408	0.080682584
metagenomeSeq	300	2000	mix	10	0.940469388	0.008282641	0.786625403	0.087169035	0.570561224	0.041899995	0.657770953	0.03555343	0.018429705	0.010116738	0.981570295	0.010116738	0.213374597	0.087169035
metagenomeSeq	300	400	mix	1	0.979985	8.57E-05	0	0	0	0	0	0	1.53E-05	8.75E-05	0.999984694	8.75E-05	0.03	0.171446608
metagenomeSeq	300	400	mix	2	0.985693878	0.001762485	0.95185927	0.081754839	0.303826531	0.091617203	0.451747048	0.105398932	0.000390462	0.00077809	0.999609538	0.00077809	0.04814073	0.081754839
metagenomeSeq	300	400	mix	5	0.992372449	0.004140765	0.79866069	0.132685572	0.874489796	0.048159367	0.827659249	0.074794056	0.005221783	0.004345807	0.994778217	0.004345807	0.20133931	0.132685572
metagenomeSeq	300	400	mix	10	0.98830102	0.005689446	0.659605302	0.12342217	0.964540816	0.030655104	0.776711272	0.0859051	0.011214077	0.005866823	0.988785923	0.005866823	0.340394698	0.12342217
metagenomeSeq	300	300	mix	1	0.98490625	0.000821784	0.001420455	0.013917555	0.001041667	0.010206207	0.001201923	0.011776393	0.000111041	0.000988708	0.999888959	0.000988708	0.019412879	0.134151886
metagenomeSeq	300	300	mix	2	0.989116162	0.001371779	0.958810848	0.077608877	0.292929293	0.102050711	0.436757947	0.117022585	0.000282008	0.000572016	0.999717992	0.000572016	0.041189152	0.077608877
metagenomeSeq	300	300	mix	5	0.994825	0.002594064	0.825831309	0.116555581	0.865	0.057124316	0.838413484	0.06294745	0.00319797	0.002817976	0.99680203	0.002817976	0.174168691	0.116555581
metagenomeSeq	300	300	mix	10	0.991854167	0.004031401	0.675427892	0.119690161	0.973958333	0.030666333	0.790888088	0.081267884	0.007873308	0.004216879	0.992126692	0.004216879	0.324572108	0.119690161
metagenomeSeq	300	200	mix	1	0.989994845	5.08E-05	0	0	0	0	0	0	5.21E-06	5.13E-05	0.999994793	5.13E-05	0.010309278	0.101534617
metagenomeSeq	300	200	mix	2	0.993373737	0.001219199	0.949347258	0.092571419	0.361111111	0.113962838	0.511626727	0.126166896	0.000239771	0.000531876	0.999760229	0.000531876	0.050652742	0.092571419
metagenomeSeq	300	200	mix	5	0.995888889	0.0024459	0.785123923	0.141080113	0.875252525	0.067148076	0.818166519	0.081971064	0.002892562	0.002596218	0.997107438	0.002596218	0.214876077	0.141080113
metagenomeSeq	300	200	mix	10	0.992425	0.00365589	0.598783626	0.131197482	0.976	0.035872952	0.733408574	0.097481614	0.007409091	0.003756926	0.992590909	0.003756926	0.401216374	0.131197482
metagenomeSeq	300	100	mix	1	0.994969388	0.00017315	0	0	0	0	0	0	3.08E-05	0.000174021	0.999969234	0.000174021	0.040816327	0.198881789
metagenomeSeq	300	100	mix	2	0.99752	0.000971617	0.916234848	0.131121848	0.572	0.175280439	0.683643221	0.153417156	0.000341709	0.000588458	0.999658291	0.000588458	0.083765152	0.131121848
metagenomeSeq	300	100	mix	5	0.996965	0.002343328	0.697867465	0.194907691	0.924	0.081797977	0.77614258	0.130321134	0.002668342	0.002418624	0.997331658	0.002418624	0.302132535	0.194907691
metagenomeSeq	300	100	mix	10	0.993145833	0.002845048	0.449624854	0.123567189	0.979166667	0.040824829	0.60602538	0.105412308	0.00678392	0.00291831	0.99321608	0.00291831	0.550375146	0.123567189
AAMAVD	300	100	mix	1	0.9946	0.00055505	0.035	0.140735203	0.007	0.02564324	0.011433566	0.04196252	0.000437186	0.00055626	0.999562814	0.00055626	0.465	0.48680398
AAMAVD	300	100	mix	2	0.997	0.001100964	0.853953102	0.171775177	0.507	0.158436171	0.619179208	0.151078299	0.000537688	0.000718708	0.999462312	0.000718708	0.146046898	0.171775177
AAMAVD	300	100	mix	5	0.999525	0.001042954	0.943241036	0.116656842	0.988	0.032659863	0.960811814	0.076202202	0.000417085	0.001010227	0.999582915	0.001010227	0.056758964	0.116656842
AAMAVD	300	100	mix	10	0.99986	0.000302181	0.977445887	0.048729281	0.998	0.014070529	0.986891091	0.027243542	0.000130653	0.000299811	0.999869347	0.000299811	0.022554113	0.048729281
AAMAVD	300	200	mix	1	0.98871	0.00111051	0.099126124	0.178336115	0.02	0.031782086	0.031477645	0.049125337	0.001505051	0.001198999	0.998494949	0.001198999	0.780873876	0.338289611
AAMAVD	300	200	mix	2	0.99281	0.001351729	0.782570278	0.140675513	0.408	0.096063952	0.527918249	0.09482774	0.001282828	0.001056041	0.998717172	0.001056041	0.217429722	0.140675513
AAMAVD	300	200	mix	5	0.999045	0.001342948	0.935666323	0.090336187	0.9855	0.028687624	0.957031046	0.053341168	0.000818182	0.00137291	0.999181818	0.00137291	0.064333677	0.090336187
AAMAVD	300	200	mix	10	0.999595	0.000767704	0.967600022	0.058405106	0.9975	0.010952146	0.981298241	0.032920384	0.000383838	0.000776869	0.999616162	0.000776869	0.032399978	0.058405106
AAMAVD	300	300	mix	1	0.981815	0.002271536	0.087620301	0.131270671	0.022333333	0.031087653	0.033358702	0.044381378	0.003573604	0.002406928	0.996426396	0.002406928	0.882379699	0.20326241
AAMAVD	300	300	mix	2	0.988285	0.002132309	0.738717939	0.158397087	0.369333333	0.101246995	0.481330514	0.101027851	0.00228934	0.00177536	0.99771066	0.00177536	0.261282061	0.158397087
AAMAVD	300	300	mix	5	0.997635	0.002834541	0.902086304	0.113147258	0.969666667	0.036727834	0.930363615	0.07150629	0.001939086	0.002776927	0.998060914	0.002776927	0.097913696	0.113147258
AAMAVD	300	300	mix	10	0.99914	0.001381845	0.952269853	0.069166923	0.999333333	0.004690176	0.97384998	0.039428923	0.000862944	0.001401812	0.999137056	0.001401812	0.047730147	0.069166923
AAMAVD	300	400	mix	1	0.976675	0.002355281	0.102910862	0.120116194	0.02175	0.024009415	0.03365776	0.035249567	0.003836735	0.002623161	0.996163265	0.002623161	0.897089138	0.120116194
AAMAVD	300	400	mix	2	0.984445	0.002258424	0.730763747	0.13118898	0.37975	0.088098243	0.48999312	0.083427521	0.003214286	0.002153042	0.996785714	0.002153042	0.269236253	0.13118898
AAMAVD	300	400	mix	5	0.99783	0.00152458	0.920454431	0.05999068	0.98125	0.024714276	0.948637367	0.0340361	0.001831633	0.001531634	0.998168367	0.001531634	0.079545569	0.05999068
AAMAVD	300	400	mix	10	0.99873	0.001627448	0.945604096	0.059235328	0.999	0.00492366	0.970521208	0.033856772	0.00127551	0.001668685	0.99872449	0.001668685	0.054395904	0.059235328
AAMAVD	300	500	mix	1	0.970745	0.00281724	0.081140891	0.096093664	0.0192	0.022548713	0.029641791	0.033182742	0.00485641	0.003158258	0.99514359	0.003158258	0.898859109	0.160479133
AAMAVD	300	500	mix	2	0.980795	0.002670542	0.747445366	0.126877857	0.3724	0.075946818	0.489489086	0.075515169	0.003605128	0.002457191	0.996394872	0.002457191	0.252554634	0.126877857
AAMAVD	300	500	mix	5	0.997245	0.002095564	0.923963555	0.064509676	0.976	0.025741528	0.947810476	0.036624279	0.002210256	0.002122182	0.997789744	0.002122182	0.076036445	0.064509676
AAMAVD	300	500	mix	10	0.998695	0.001353811	0.954271831	0.043850491	0.998	0.006666667	0.975116705	0.024419563	0.001287179	0.001360696	0.998712821	0.001360696	0.045728169	0.043850491
AAMAVD	300	800	mix	1	0.931785	0.012279624	0.09938609	0.043711589	0.08625	0.050267592	0.08754978	0.040890372	0.032984375	0.01406027	0.967015625	0.01406027	0.90061391	0.043711589
AAMAVD	300	800	mix	2	0.9501	0.008448298	0.411945819	0.087191448	0.453125	0.08598756	0.420251488	0.049089899	0.029192708	0.010818829	0.970807292	0.010818829	0.588054181	0.087191448
AAMAVD	300	800	mix	5	0.981215	0.007469891	0.708523748	0.097156658	0.949625	0.037244712	0.806700995	0.060339332	0.01746875	0.008301186	0.98253125	0.008301186	0.291476252	0.097156658
AAMAVD	300	800	mix	10	0.986825	0.006749252	0.768524223	0.095062629	0.989875	0.012524597	0.861800816	0.060213142	0.013302083	0.00714377	0.986697917	0.00714377	0.231475777	0.095062629
AAMAVD	300	1000	mix	1	0.91471	0.012539469	0.096803201	0.031789992	0.0851	0.039427596	0.087733349	0.032327308	0.041626316	0.014594148	0.958373684	0.014594148	0.903196799	0.031789992
AAMAVD	300	1000	mix	2	0.939505	0.010769742	0.419935751	0.085334927	0.4085	0.078010295	0.402885811	0.043828677	0.032547368	0.01380528	0.967452632	0.01380528	0.580064249	0.085334927
AAMAVD	300	1000	mix	5	0.976075	0.010767604	0.708185142	0.109907784	0.9481	0.035892516	0.804956202	0.069148654	0.022452632	0.011934097	0.977547368	0.011934097	0.291814858	0.109907784
AAMAVD	300	1000	mix	10	0.985085	0.008028376	0.78689751	0.092493009	0.9894	0.012934958	0.873210137	0.057044713	0.015142105	0.008734163	0.984857895	0.008734163	0.21310249	0.092493009
AAMAVD	300	2000	mix	1	0.77717	0.034444232	0.097560468	0.01766507	0.1512	0.051522869	0.116310631	0.027338721	0.153277778	0.043055058	0.846722222	0.043055058	0.902439532	0.01766507
AAMAVD	300	2000	mix	2	0.836375	0.033213145	0.313605472	0.059129787	0.47015	0.087572351	0.366101887	0.03111956	0.122933333	0.044940351	0.877066667	0.044940351	0.686394528	0.059129787
AAMAVD	300	2000	mix	5	0.910275	0.024767849	0.540813958	0.07996507	0.93345	0.02876845	0.680906814	0.060353121	0.0923	0.028518411	0.9077	0.028518411	0.459186042	0.07996507
AAMAVD	300	2000	mix	10	0.93572	0.022388706	0.624412019	0.089823337	0.9778	0.014342844	0.758246767	0.064750218	0.068955556	0.025316586	0.931044444	0.025316586	0.375587981	0.089823337
