name	Sample	OTU	type	effect	mean_Accuracy	sd_Accuracy	mean_Precision	sd_Precision	mean_TPR	sd_TPR	mean_F1_score	sd_F1_score	mean_FPR	sd_FPR	mean_Specificity	sd_Specificity	mean_FDR	sd_FDR
ALDEx2_wi	100	100	mix	1	0.989010989	0.000110166	0.005	0.070710678	5.00E-04	0.007071068	0.000909091	0.012856487	5.56E-06	7.86E-05	0.999994444	7.86E-05	0.005	0.070710678
Corncob	100	100	mix	1	0.988978022	0.000309838	0.005	0.070710678	5.00E-04	0.007071068	0.000909091	0.012856487	3.89E-05	0.000302552	0.999961111	0.000302552	0.02	0.140351318
DACOMP	100	100	mix	1	0.988994505	0.000233112	0	0	0	0	0	0	1.67E-05	0.000235702	0.999983333	0.000235702	0.005	0.070710678
DESeq2	100	100	mix	1	0.987186813	0.002692739	0.042589286	0.14605583	0.015	0.041029466	0.019916874	0.053885791	0.002011111	0.002858167	0.997988889	0.002858167	0.547410714	0.47890414
fastANCOM	100	100	mix	1	0.989010989	0	0	0	0	0	0	0	0	0	1	0	0	0
LEfSe	100	100	mix	1	0.988977177	0.000220563	0	0	0	0	0	0	3.42E-05	0.000223014	0.999965812	0.000223014	0.025641026	0.15846875
limma_voom	100	100	mix	1	0.988950549	0.000295555	0	0	0	0	0	0	6.11E-05	0.000298839	0.999938889	0.000298839	0.045	0.207824336
LinDA	100	100	mix	1	0.988901099	0.000492677	0	0	0	0	0	0	0.000111111	0.000498151	0.999888889	0.000498151	0.065	0.247144496
MaAsLin2	100	100	mix	1	0.988961538	0.000370287	0	0	0	0	0	0	5.00E-05	0.000374401	0.99995	0.000374401	0.025	0.156516732
Wilcox	100	100	mix	1	0.988978022	0.000217839	0	0	0	0	0	0	3.33E-05	0.000220259	0.999966667	0.000220259	0.025	0.156516732
ZicoSeq	100	100	mix	1	0.989010989	0	0	0	0	0	0	0	0	0	1	0	0	0
ALDEx2_wi	100	100	mix	10	0.979296703	0.004558844	0.096490518	0.091180267	0.104	0.096073674	0.095337435	0.081977358	0.010977778	0.004825332	0.989022222	0.004825332	0.903509482	0.091180267
Corncob	100	100	mix	10	0.974791209	0.00830028	0.093049881	0.078044029	0.143	0.12819191	0.104747993	0.078295151	0.015966667	0.009054371	0.984033333	0.009054371	0.906950119	0.078044029
DACOMP	100	100	mix	10	0.981296703	0.002329064	0.104709291	0.096192871	0.092	0.084686831	0.097211753	0.088376646	0.008822222	0.001822307	0.991177778	0.001822307	0.895290709	0.096192871
DESeq2	100	100	mix	10	0.971923077	0.006465854	0.099519306	0.062241635	0.191	0.130399464	0.127074447	0.078091738	0.0194	0.006881735	0.9806	0.006881735	0.900480694	0.062241635
fastANCOM	100	100	mix	10	0.981258242	0.002365868	0.1001057	0.097567957	0.086	0.080225812	0.09168549	0.08622091	0.008794444	0.001899443	0.991205556	0.001899443	0.8998943	0.097567957
LEfSe	100	100	mix	10	0.970879121	0.010322136	0.098414187	0.071561208	0.1955	0.150809374	0.122164746	0.078494312	0.020505556	0.011367122	0.979494444	0.011367122	0.901585813	0.071561208
limma_voom	100	100	mix	10	0.978802198	0.003775637	0.099632967	0.078108162	0.115	0.091744675	0.104522927	0.080414829	0.0116	0.003827407	0.9884	0.003827407	0.900367033	0.078108162
LinDA	100	100	mix	10	0.977686813	0.004519752	0.098486081	0.07945545	0.1265	0.102470734	0.108078809	0.084614054	0.012855556	0.004672419	0.987144444	0.004672419	0.901513919	0.07945545
MaAsLin2	100	100	mix	10	0.972043956	0.010364753	0.099353178	0.067804358	0.1875	0.154314011	0.121205985	0.076439816	0.019238889	0.011536566	0.980761111	0.011536566	0.900646822	0.067804358
Wilcox	100	100	mix	10	0.972675824	0.010688177	0.099836501	0.069743473	0.1775	0.146804317	0.117854113	0.076501198	0.018488889	0.011748887	0.981511111	0.011748887	0.900163499	0.069743473
ZicoSeq	100	100	mix	10	0.989010989	0	0	0	0	0	0	0	0	0	1	0	0	0
ALDEx2_wi	100	100	mix	2	0.987131868	0.001722925	0.112797619	0.250297677	0.025	0.046753927	0.038321086	0.071364068	0.002177778	0.001706994	0.997822222	0.001706994	0.772202381	0.372641299
Corncob	100	100	mix	2	0.987351648	0.00167434	0.07875	0.202165396	0.0185	0.043787403	0.028648574	0.067070631	0.001883333	0.001649164	0.998116667	0.001649164	0.72125	0.412330663
DACOMP	100	100	mix	2	0.986087912	0.004325242	0.06994717	0.14377324	0.029	0.057230908	0.036468868	0.06791061	0.003277778	0.004636752	0.996722222	0.004636752	0.64005283	0.432240897
DESeq2	100	100	mix	2	0.981450549	0.00402906	0.098714465	0.108672247	0.083	0.089728793	0.086154154	0.090173538	0.008566667	0.004096652	0.991433333	0.004096652	0.901285535	0.108672247
fastANCOM	100	100	mix	2	0.988285714	0.001214026	0.043916667	0.185232116	0.007	0.027473148	0.011695638	0.046050468	0.000811111	0.001203372	0.999188889	0.001203372	0.421083333	0.486938491
LEfSe	100	100	mix	2	0.986604396	0.002020545	0.083615079	0.175022875	0.0275	0.052031591	0.039654478	0.075572685	0.002738889	0.002026187	0.997261111	0.002026187	0.836384921	0.301922531
limma_voom	100	100	mix	2	0.986807692	0.001922379	0.10525	0.230901285	0.029	0.054533195	0.041892426	0.076590441	0.00255	0.001963743	0.99745	0.001963743	0.77975	0.362315732
LinDA	100	100	mix	2	0.986263736	0.002227967	0.09474044	0.202908204	0.0315	0.058091506	0.04313811	0.076559259	0.003127778	0.002347336	0.996872222	0.002347336	0.83025956	0.310826124
MaAsLin2	100	100	mix	2	0.986912088	0.002010912	0.088766053	0.20554071	0.024	0.047277647	0.035241507	0.068974238	0.002388889	0.002059208	0.997611111	0.002059208	0.776233947	0.368132479
Wilcox	100	100	mix	2	0.986873626	0.001968234	0.089948773	0.200927539	0.0265	0.051585417	0.038291748	0.073751926	0.002455556	0.002025307	0.997544444	0.002025307	0.800051227	0.344783504
ZicoSeq	100	100	mix	2	0.989010989	0	0	0	0	0	0	0	0	0	1	0	0	0
ALDEx2_wi	100	100	mix	5	0.983208791	0.002830555	0.114380379	0.1355632	0.0785	0.08789984	0.089143896	0.09724985	0.006738889	0.002807109	0.993261111	0.002807109	0.885619621	0.1355632
Corncob	100	100	mix	5	0.982	0.004039589	0.106057889	0.121658625	0.092	0.105315988	0.092538907	0.098960069	0.008111111	0.004371257	0.991888889	0.004371257	0.893942111	0.121658625
DACOMP	100	100	mix	5	0.982708791	0.002340804	0.106040043	0.117057224	0.076	0.080350989	0.087277629	0.092740185	0.007216667	0.001958048	0.992783333	0.001958048	0.893959957	0.117057224
DESeq2	100	100	mix	5	0.975230769	0.005295805	0.094421037	0.072986995	0.147	0.119844958	0.112122926	0.085860653	0.015566667	0.005492089	0.984433333	0.005492089	0.905578963	0.072986995
fastANCOM	100	100	mix	5	0.983434066	0.002357492	0.108003968	0.127644997	0.0685	0.07802686	0.082432277	0.093780205	0.0064	0.001990236	0.9936	0.001990236	0.886996032	0.142154065
LEfSe	100	100	mix	5	0.979741758	0.005311523	0.102699375	0.102479017	0.1155	0.1224119	0.10223638	0.099451047	0.010655556	0.00578605	0.989344444	0.00578605	0.897300625	0.102479017
limma_voom	100	100	mix	5	0.981285714	0.002914528	0.102111851	0.099967085	0.0885	0.081553694	0.093345824	0.087526343	0.008794444	0.00268211	0.991205556	0.00268211	0.897888149	0.099967085
LinDA	100	100	mix	5	0.980532967	0.003437065	0.099291374	0.097401746	0.094	0.090025122	0.094586278	0.089225083	0.009616667	0.003286659	0.990383333	0.003286659	0.900708626	0.097401746
MaAsLin2	100	100	mix	5	0.979978022	0.004416484	0.09970238	0.096738762	0.1085	0.112878064	0.099315286	0.093707326	0.010338889	0.004792613	0.989661111	0.004792613	0.90029762	0.096738762
Wilcox	100	100	mix	5	0.98082967	0.005056478	0.102796713	0.112048797	0.0965	0.10192987	0.093828913	0.095428849	0.009344444	0.00538048	0.990655556	0.00538048	0.897203287	0.112048797
ZicoSeq	100	100	mix	5	0.989010989	0	0	0	0	0	0	0	0	0	1	0	0	0
ALDEx2_wi	100	1000	mix	1	0.9	0	0	0	0	0	0	0	0	0	1	0	0	0
Corncob	100	1000	mix	1	0.89999	9.97E-05	0	0	0	0	0	0	1.11E-05	0.000110832	0.999988889	0.000110832	0.01	0.099748427
DACOMP	100	1000	mix	1	0.899975	0.000353553	0.000714286	0.010101525	5.00E-05	0.000707107	9.35E-05	0.001321695	3.33E-05	0.000471405	0.999966667	0.000471405	0.004285714	0.060609153
DESeq2	100	1000	mix	1	0.889505	0.004898977	0.008265748	0.042543465	0.00075	0.002997067	0.001352439	0.005443191	0.011744444	0.005419907	0.988255556	0.005419907	0.991734252	0.042543465
fastANCOM	100	1000	mix	1	0.9	0	0	0	0	0	0	0	0	0	1	0	0	0
LEfSe	100	1000	mix	1	0.899979381	0.000175102	0	0	0	0	0	0	2.29E-05	0.000194558	0.99997709	0.000194558	0.015463918	0.123708002
limma_voom	100	1000	mix	1	0.86917	0.076041321	0.071301463	0.161903038	0.0368	0.093253639	0.025984092	0.045415579	0.038344444	0.094639303	0.961655556	0.094639303	0.503698537	0.459243738
LinDA	100	1000	mix	1	0.899975	0.00023377	0	0	0	0	0	0	2.78E-05	0.000259744	0.999972222	0.000259744	0.015	0.121857483
MaAsLin2	100	1000	mix	1	0.89998	0.000223269	0	0	0	0	0	0	2.22E-05	0.000248077	0.999977778	0.000248077	0.01	0.099748427
Wilcox	100	1000	mix	1	0.899975	0.00023377	0	0	0	0	0	0	2.78E-05	0.000259744	0.999972222	0.000259744	0.015	0.121857483
ZicoSeq	100	1000	mix	1	0.9	0	0	0	0	0	0	0	0	0	1	0	0	0
ALDEx2_wi	100	1000	mix	10	0.887715	0.007064937	0.099415496	0.089372096	0.0161	0.015426597	0.026764105	0.024249218	0.015438889	0.008687985	0.984561111	0.008687985	0.900584504	0.089372096
Corncob	100	1000	mix	10	0.88378	0.008647282	0.10024139	0.071123331	0.0217	0.019724484	0.034226392	0.028001372	0.020433333	0.010918367	0.979566667	0.010918367	0.89975861	0.071123331
DACOMP	100	1000	mix	10	0.878455	0.006949059	0.102216987	0.061248511	0.02835	0.019041808	0.043774626	0.028145895	0.027088889	0.00813113	0.972911111	0.00813113	0.897783013	0.061248511
DESeq2	100	1000	mix	10	0.859685	0.010862122	0.073148996	0.039883769	0.03505	0.021052638	0.046743457	0.026309242	0.048688889	0.0127578	0.951311111	0.0127578	0.926851004	0.039883769
fastANCOM	100	1000	mix	10	0.855125	0.063094086	0.093631782	0.059551849	0.054	0.079584347	0.053247785	0.042949198	0.055861111	0.078529346	0.944138889	0.078529346	0.906368218	0.059551849
LEfSe	100	1000	mix	10	0.875695	0.011811415	0.100366693	0.06291096	0.03155	0.023873568	0.046006216	0.030734316	0.030511111	0.014775798	0.969488889	0.014775798	0.899633307	0.06291096
limma_voom	100	1000	mix	10	0.600405	0.196969377	0.102494714	0.028119295	0.3738	0.243237295	0.141001255	0.043313608	0.374416667	0.245308645	0.625583333	0.245308645	0.897505286	0.028119295
LinDA	100	1000	mix	10	0.874515	0.012800352	0.098792378	0.059172274	0.0326	0.025007336	0.047059243	0.031325696	0.031938889	0.015922137	0.968061111	0.015922137	0.901207622	0.059172274
MaAsLin2	100	1000	mix	10	0.875675	0.011233447	0.100074282	0.059516436	0.03185	0.024228342	0.046604724	0.031283684	0.030566667	0.014056329	0.969433333	0.014056329	0.899925718	0.059516436
Wilcox	100	1000	mix	10	0.878985	0.010910544	0.099716526	0.068975126	0.02725	0.022660649	0.041009568	0.030262063	0.026377778	0.013592877	0.973622222	0.013592877	0.900283474	0.068975126
ZicoSeq	100	1000	mix	10	0.9	0	0	0	0	0	0	0	0	0	1	0	0	0
ALDEx2_wi	100	1000	mix	2	0.89847	0.001466236	0.047708333	0.165690056	0.00115	0.003639192	0.002222637	0.006968861	0.001827778	0.001632908	0.998172222	0.001632908	0.712291667	0.433306707
Corncob	100	1000	mix	2	0.898615	0.001462006	0.053690476	0.190367693	0.0011	0.003442273	0.002129384	0.006626627	0.001661111	0.001637082	0.998338889	0.001637082	0.681309524	0.450992994
DACOMP	100	1000	mix	2	0.89898	0.002435004	0.015198649	0.054957325	0.0012	0.004433767	0.002213044	0.008152468	0.001266667	0.002957691	0.998733333	0.002957691	0.154801351	0.345648396
DESeq2	100	1000	mix	2	0.883415	0.005682803	0.034027565	0.045119726	0.00645	0.008848104	0.010706501	0.014486765	0.019144444	0.006454573	0.980855556	0.006454573	0.965972435	0.045119726
fastANCOM	100	1000	mix	2	0.898335	0.001553979	0.030857143	0.101765105	0.00115	0.003905607	0.002202907	0.007436555	0.001977778	0.001772326	0.998022222	0.001772326	0.724142857	0.425516955
LEfSe	100	1000	mix	2	0.89757	0.002220304	0.06602381	0.177209645	0.002	0.004807866	0.003828644	0.009098263	0.002922222	0.002466501	0.997077778	0.002466501	0.81397619	0.348724204
limma_voom	100	1000	mix	2	0.855825	0.082513738	0.071490623	0.086159204	0.053	0.104583404	0.039528482	0.050967775	0.054972222	0.103076441	0.945027778	0.103076441	0.888509377	0.200669837
LinDA	100	1000	mix	2	0.89837	0.001654323	0.037255952	0.122356783	0.00125	0.003742665	0.002398969	0.00716258	0.00195	0.001895258	0.99805	0.001895258	0.717744048	0.427233604
MaAsLin2	100	1000	mix	2	0.898316583	0.001558708	0.045985882	0.15461815	0.001407035	0.004384333	0.002694449	0.008310805	0.002026801	0.001781219	0.997973199	0.001781219	0.763059344	0.401904133
Wilcox	100	1000	mix	2	0.898195	0.001874713	0.047186508	0.154992237	0.00135	0.003969418	0.002591132	0.007553791	0.002155556	0.002118284	0.997844444	0.002118284	0.732813492	0.419068621
ZicoSeq	100	1000	mix	2	0.9	0	0	0	0	0	0	0	0	0	1	0	0	0
ALDEx2_wi	100	1000	mix	5	0.892835	0.003348708	0.084622294	0.098572621	0.00775	0.00942772	0.014020142	0.016745962	0.008822222	0.003804647	0.991177778	0.003804647	0.915377706	0.098572621
Corncob	100	1000	mix	5	0.89189	0.004110032	0.089386713	0.093889443	0.00965	0.010999201	0.017100081	0.018922579	0.010083333	0.004893477	0.989916667	0.004893477	0.905613287	0.113652403
DACOMP	100	1000	mix	5	0.88705	0.004934496	0.098025324	0.068792085	0.01625	0.012172855	0.027526254	0.020134431	0.016194444	0.005755139	0.983805556	0.005755139	0.886974676	0.128942079
DESeq2	100	1000	mix	5	0.869405	0.007369704	0.068633785	0.040558484	0.0241	0.014430217	0.035360447	0.020757347	0.036672222	0.008197949	0.963327778	0.008197949	0.931366215	0.040558484
fastANCOM	100	1000	mix	5	0.88632	0.018772577	0.09928594	0.074624325	0.01655	0.020289302	0.026393452	0.021459796	0.017038889	0.022680172	0.982961111	0.022680172	0.90071406	0.074624325
LEfSe	100	1000	mix	5	0.888715	0.005166939	0.092862485	0.079864354	0.01355	0.01259726	0.023177355	0.020752178	0.014044444	0.006205969	0.985955556	0.006205969	0.907137515	0.079864354
limma_voom	100	1000	mix	5	0.785995	0.132333426	0.098628485	0.040829917	0.14035	0.162898919	0.086961134	0.052891407	0.142266667	0.164766154	0.857733333	0.164766154	0.901371515	0.040829917
LinDA	100	1000	mix	5	0.887335	0.004907463	0.097872448	0.072459584	0.01585	0.012888291	0.02689294	0.021125237	0.015833333	0.005749005	0.984166667	0.005749005	0.902127552	0.072459584
MaAsLin2	100	1000	mix	5	0.887306533	0.005017294	0.096947609	0.07484767	0.015628141	0.01312267	0.026515118	0.021512605	0.015840313	0.005842174	0.984159687	0.005842174	0.903052391	0.07484767
Wilcox	100	1000	mix	5	0.890145	0.003982875	0.09123689	0.082339381	0.01175	0.01131715	0.020549463	0.019383677	0.012255556	0.004667637	0.987744444	0.004667637	0.90876311	0.082339381
ZicoSeq	100	1000	mix	5	0.9	0	0	0	0	0	0	0	0	0	1	0	0	0
ALDEx2_wi	100	200	mix	1	0.978244565	0.000171517	0	0	0	0	0	0	1.67E-05	0.000175329	0.999983333	0.000175329	0.01	0.099748427
Corncob	100	200	mix	1	0.978222826	0.000333691	0	0	0	0	0	0	3.89E-05	0.000341106	0.999961111	0.000341106	0.02	0.140351318
DACOMP	100	200	mix	1	0.97826087	0	0	0	0	0	0	0	0	0	1	0	0	0
DESeq2	100	200	mix	1	0.977184783	0.001695116	0.053904762	0.189798093	0.00625	0.019373024	0.010494928	0.03178248	0.001238889	0.001827533	0.998761111	0.001827533	0.446095238	0.482808407
fastANCOM	100	200	mix	1	0.978233696	0.000229546	0	0	0	0	0	0	2.78E-05	0.000234647	0.999972222	0.000234647	0.015	0.121857483
LEfSe	100	200	mix	1	0.978238458	0.000190328	0	0	0	0	0	0	2.29E-05	0.000194558	0.99997709	0.000194558	0.015463918	0.123708002
limma_voom	100	200	mix	1	0.977407609	0.004288537	0.009581585	0.06036186	0.00325	0.020098689	0.003549468	0.019373365	0.000944444	0.004766071	0.999055556	0.004766071	0.185418415	0.381973169
LinDA	100	200	mix	1	0.978168478	0.000563879	0.001363636	0.01928473	0.00075	0.010606602	0.000967742	0.013685938	0.000111111	0.000755483	0.999888889	0.000755483	0.038636364	0.190613554
MaAsLin2	100	200	mix	1	0.978228097	0.000265566	0	0	0	0	0	0	3.35E-05	0.000271467	0.999966499	0.000271467	0.020100503	0.140698079
Wilcox	100	200	mix	1	0.97823913	0.000187476	0	0	0	0	0	0	2.22E-05	0.000191642	0.999977778	0.000191642	0.015	0.121857483
ZicoSeq	100	200	mix	1	0.97826087	0	0	0	0	0	0	0	0	0	1	0	0	0
ALDEx2_wi	100	200	mix	10	0.968782609	0.005543655	0.110936048	0.103235573	0.06475	0.066837668	0.076392348	0.070851485	0.011127778	0.0061944	0.988872222	0.0061944	0.889063952	0.103235573
Corncob	100	200	mix	10	0.964690217	0.007429838	0.09858004	0.08455734	0.08	0.074348088	0.083268128	0.070375727	0.01565	0.008212527	0.98435	0.008212527	0.90141996	0.08455734
DACOMP	100	200	mix	10	0.966722826	0.003151953	0.098884108	0.082392771	0.0665	0.058264257	0.078710677	0.066785678	0.013272222	0.002791863	0.986727778	0.002791863	0.901115892	0.082392771
DESeq2	100	200	mix	10	0.955804348	0.007248194	0.097897576	0.054828583	0.1255	0.07909507	0.107722073	0.060783582	0.025744444	0.007722231	0.974255556	0.007722231	0.902102424	0.054828583
fastANCOM	100	200	mix	10	0.965630435	0.00546209	0.097065592	0.081262995	0.0705	0.061019397	0.078877908	0.063830236	0.014477778	0.005844427	0.985522222	0.005844427	0.902934408	0.081262995
LEfSe	100	200	mix	10	0.959869565	0.009684932	0.103769112	0.073687321	0.11225	0.08875146	0.101867184	0.070774981	0.021294444	0.010769038	0.978705556	0.010769038	0.896230888	0.073687321
limma_voom	100	200	mix	10	0.952423913	0.013045622	0.094718657	0.056119643	0.13675	0.092491681	0.10674616	0.060415931	0.02945	0.014420156	0.97055	0.014420156	0.905281343	0.056119643
LinDA	100	200	mix	10	0.959222826	0.007344647	0.097574559	0.063287902	0.10775	0.080216024	0.099264865	0.065278185	0.021855556	0.0080248	0.978144444	0.0080248	0.902425441	0.063287902
MaAsLin2	100	200	mix	10	0.95826087	0.009307714	0.098966816	0.063852261	0.11475	0.08577133	0.101576859	0.065240231	0.022994444	0.010370156	0.977005556	0.010370156	0.901033184	0.063852261
Wilcox	100	200	mix	10	0.961516304	0.009205153	0.102214069	0.079860545	0.101	0.087103012	0.095461616	0.072809951	0.019361111	0.0102336	0.980638889	0.0102336	0.897785931	0.079860545
ZicoSeq	100	200	mix	10	0.97826087	0	0	0	0	0	0	0	0	0	1	0	0	0
ALDEx2_wi	100	200	mix	2	0.976782609	0.001316851	0.0545	0.167865953	0.0065	0.018287212	0.011352419	0.031678322	0.001655556	0.001322635	0.998344444	0.001322635	0.7405	0.411722797
Corncob	100	200	mix	2	0.976929348	0.001405809	0.044678571	0.158544256	0.0055	0.017926427	0.009503231	0.030676383	0.001483333	0.00144497	0.998516667	0.00144497	0.685321429	0.446070697
DACOMP	100	200	mix	2	0.976440217	0.00415788	0.0241155	0.077560954	0.00775	0.025606954	0.010621559	0.033230319	0.002033333	0.004557618	0.997966667	0.004557618	0.3008845	0.440197189
DESeq2	100	200	mix	2	0.971875	0.003667783	0.095849348	0.1151081	0.038	0.046006336	0.051850227	0.059857877	0.007372222	0.003963631	0.992627778	0.003963631	0.904150652	0.1151081
fastANCOM	100	200	mix	2	0.97725	0.001254368	0.045047619	0.176456142	0.0045	0.015195543	0.007894297	0.026841146	0.001133333	0.001308346	0.998866667	0.001308346	0.569952381	0.483984114
LEfSe	100	200	mix	2	0.976173913	0.0019104	0.049880952	0.139556061	0.00875	0.023208418	0.014392334	0.037545355	0.002327778	0.001994463	0.997672222	0.001994463	0.815119048	0.351144085
limma_voom	100	200	mix	2	0.975048913	0.004176914	0.074390089	0.175506624	0.017	0.038318947	0.024097861	0.04822747	0.003661111	0.004699279	0.996338889	0.004699279	0.785609911	0.361764711
LinDA	100	200	mix	2	0.97626087	0.001805196	0.076123016	0.193580538	0.0115	0.026386193	0.018934778	0.041792515	0.0023	0.001914838	0.9977	0.001914838	0.773876984	0.377706851
MaAsLin2	100	200	mix	2	0.976548913	0.001710622	0.06164881	0.172302247	0.0085	0.021912342	0.014449534	0.036669345	0.001938889	0.001757695	0.998061111	0.001757695	0.73835119	0.407073266
Wilcox	100	200	mix	2	0.976516304	0.001574952	0.054583333	0.166827289	0.00775	0.021905175	0.012934699	0.03559893	0.001955556	0.001656829	0.998044444	0.001656829	0.760416667	0.398831653
ZicoSeq	100	200	mix	2	0.97826087	0	0	0	0	0	0	0	0	0	1	0	0	0
ALDEx2_wi	100	200	mix	5	0.9725	0.003215953	0.092656914	0.126064875	0.03275	0.040597763	0.046732751	0.056940288	0.006616667	0.003362606	0.993383333	0.003362606	0.907343086	0.126064875
Corncob	100	200	mix	5	0.971483696	0.004461026	0.093169022	0.138688149	0.0385	0.048781638	0.050387856	0.060615828	0.007783333	0.004958413	0.992216667	0.004958413	0.906830978	0.138688149
DACOMP	100	200	mix	5	0.970222826	0.003286979	0.09816237	0.108694466	0.0475	0.050562166	0.06287124	0.06677063	0.009272222	0.003208335	0.990727778	0.003208335	0.89183763	0.140680925
DESeq2	100	200	mix	5	0.96163587	0.005876013	0.097060182	0.067645487	0.09275	0.07131174	0.092637564	0.065252583	0.019055556	0.006159521	0.980944444	0.006159521	0.902939818	0.067645487
fastANCOM	100	200	mix	5	0.971217391	0.003519123	0.09309915	0.111916506	0.04	0.045940753	0.054032982	0.060454944	0.008088889	0.003764518	0.991911111	0.003764518	0.90690085	0.111916506
LEfSe	100	200	mix	5	0.968548913	0.00599928	0.092056978	0.096022245	0.05575	0.058278809	0.065445003	0.063934118	0.011166667	0.006700778	0.988833333	0.006700778	0.907943022	0.096022245
limma_voom	100	200	mix	5	0.963086957	0.008801411	0.091402512	0.074670833	0.07975	0.070193111	0.080642203	0.064629829	0.017283333	0.0096471	0.982716667	0.0096471	0.908597488	0.074670833
LinDA	100	200	mix	5	0.966978261	0.005104749	0.098389381	0.085528429	0.063	0.055192673	0.074335893	0.062118174	0.012933333	0.00533631	0.987066667	0.00533631	0.901610619	0.085528429
MaAsLin2	100	200	mix	5	0.96763587	0.005564262	0.096541857	0.089911002	0.0605	0.057281374	0.071054791	0.063627088	0.012205556	0.006070984	0.987794444	0.006070984	0.903458143	0.089911002
Wilcox	100	200	mix	5	0.969570652	0.005383191	0.094761118	0.101894182	0.0515	0.056468517	0.063013461	0.065003771	0.010027778	0.005988634	0.989972222	0.005988634	0.905238882	0.101894182
ZicoSeq	100	200	mix	5	0.97826087	0	0	0	0	0	0	0	0	0	1	0	0	0
ALDEx2_wi	100	2000	mix	1	0.818181818	0	0	0	0	0	0	0	0	0	1	0	0	0
Corncob	100	2000	mix	1	0.818136364	0.000581781	0	0	0	0	0	0	5.56E-05	0.000711066	0.999944444	0.000711066	0.01	0.099748427
DACOMP	100	2000	mix	1	0.818181818	0	0	0	0	0	0	0	0	0	1	0	0	0
DESeq2	100	2000	mix	1	0.726304545	0.02233477	0.000691378	0.003394753	0.000325	0.001424613	0.000436585	0.0019697	0.112366667	0.027287422	0.887633333	0.027287422	0.999308622	0.003394753
fastANCOM	100	2000	mix	1	0.818181818	0	0	0	0	0	0	0	0	0	1	0	0	0
LEfSe	100	2000	mix	1	0.818172682	9.09E-05	0	0	0	0	0	0	1.12E-05	0.000111108	0.999988833	0.000111108	0.010050251	0.099997462
limma_voom	100	2000	mix	1	0.762354545	0.163679888	0.038940819	0.081456328	0.036875	0.106814823	0.020541565	0.045545137	0.076427778	0.223640973	0.923572222	0.223640973	0.441059181	0.465604385
LinDA	100	2000	mix	1	0.818177273	6.43E-05	0	0	0	0	0	0	5.56E-06	7.86E-05	0.999994444	7.86E-05	0.005	0.070710678
MaAsLin2	100	2000	mix	1	0.818172589	9.14E-05	0	0	0	0	0	0	1.13E-05	0.000111668	0.99998872	0.000111668	0.010152284	0.100501179
Wilcox	100	2000	mix	1	0.818177273	6.43E-05	0	0	0	0	0	0	5.56E-06	7.86E-05	0.999994444	7.86E-05	0.005	0.070710678
ZicoSeq	100	2000	mix	1	0.818181818	0	0	0	0	0	0	0	0	0	1	0	0	0
ALDEx2_wi	100	2000	mix	10	0.803477273	0.007644907	0.100309337	0.077609431	0.01005	0.008175063	0.017906084	0.013975785	0.020205556	0.010094213	0.979794444	0.010094213	0.899690663	0.077609431
Corncob	100	2000	mix	10	0.796436364	0.011128209	0.101297493	0.060027801	0.014975	0.010388164	0.025436785	0.016370255	0.029905556	0.014809742	0.970094444	0.014809742	0.898702507	0.060027801
DACOMP	100	2000	mix	10	0.791727273	0.008670977	0.105653961	0.052178073	0.0192	0.010265814	0.032121767	0.016502911	0.0366	0.011120398	0.9634	0.011120398	0.894346039	0.052178073
DESeq2	100	2000	mix	10	0.682309091	0.024890614	0.027434656	0.014805347	0.02135	0.011709529	0.023835128	0.012745275	0.170811111	0.030503501	0.829188889	0.030503501	0.972565344	0.014805347
fastANCOM	100	2000	mix	10	0.690259091	0.193899899	0.103477067	0.05334743	0.0865	0.129761087	0.059453312	0.050997453	0.175572222	0.26553079	0.824427778	0.26553079	0.896522933	0.05334743
LEfSe	100	2000	mix	10	0.788145455	0.013662025	0.100932275	0.051468575	0.020725	0.012773613	0.033534987	0.0189511	0.041316667	0.018188335	0.958683333	0.018188335	0.899067725	0.051468575
limma_voom	100	2000	mix	10	0.066968182	0.395053306	0.099866798	0.014766279	0.51045	0.269939129	0.149562642	0.042585609	1.031583333	0.54242069	-0.031583333	0.54242069	0.900133202	0.014766279
LinDA	100	2000	mix	10	0.788404545	0.012912731	0.102032505	0.053608527	0.020925	0.013071868	0.033919455	0.019471379	0.041044444	0.017241939	0.958955556	0.017241939	0.897967495	0.053608527
MaAsLin2	100	2000	mix	10	0.787986364	0.013461457	0.103078102	0.055231337	0.02115	0.013145016	0.034279824	0.019535504	0.041605556	0.017769295	0.958394444	0.017769295	0.896921898	0.055231337
Wilcox	100	2000	mix	10	0.793181818	0.011465193	0.100905013	0.058586335	0.017225	0.011503741	0.028752987	0.017914295	0.034383333	0.015226315	0.965616667	0.015226315	0.899094987	0.058586335
ZicoSeq	100	2000	mix	10	0.818181818	0	0	0	0	0	0	0	0	0	1	0	0	0
ALDEx2_wi	100	2000	mix	2	0.816413636	0.001653576	0.062315476	0.170938344	0.00085	0.002011899	0.001669705	0.003950302	0.00235	0.002014827	0.99765	0.002014827	0.762684524	0.390384943
Corncob	100	2000	mix	2	0.816354545	0.001753036	0.057992063	0.156183411	0.000925	0.00218937	0.001810865	0.004278386	0.002438889	0.002187607	0.997561111	0.002187607	0.752007937	0.396129905
DACOMP	100	2000	mix	2	0.817618182	0.00208535	0.005323954	0.025589896	0.000275	0.001344774	0.000520972	0.002540044	0.00075	0.002766728	0.99925	0.002766728	0.069676046	0.245926111
DESeq2	100	2000	mix	2	0.717663636	0.026756731	0.007122748	0.008632686	0.003875	0.004551147	0.004942052	0.005803729	0.123716667	0.032773561	0.876283333	0.032773561	0.992877252	0.008632686
fastANCOM	100	2000	mix	2	0.816090909	0.001881051	0.062380952	0.160572832	0.00105	0.002329082	0.00205431	0.004552656	0.002788889	0.002323195	0.997211111	0.002323195	0.787619048	0.367581298
LEfSe	100	2000	mix	2	0.815659091	0.002040818	0.068285895	0.160479066	0.001275	0.002506148	0.002487511	0.004887604	0.003366667	0.002532523	0.996633333	0.002532523	0.831714105	0.320124951
limma_voom	100	2000	mix	2	0.720559091	0.198294352	0.06937918	0.07273441	0.06525	0.134820512	0.038295388	0.054929683	0.133816667	0.272074416	0.866183333	0.272074416	0.89562082	0.185348511
LinDA	100	2000	mix	2	0.8162	0.001952039	0.062234488	0.164479369	0.001025	0.002366936	0.0020042	0.004624395	0.00265	0.002426863	0.99735	0.002426863	0.772765512	0.380631338
MaAsLin2	100	2000	mix	2	0.816107812	0.002045318	0.061221149	0.159121562	0.001030151	0.002317935	0.002013329	0.004526298	0.002763819	0.002546143	0.997236181	0.002546143	0.772949705	0.3793957
Wilcox	100	2000	mix	2	0.816259091	0.001823149	0.063962302	0.164201999	0.00105	0.00238241	0.002055255	0.00465808	0.002583333	0.002255302	0.997416667	0.002255302	0.761037698	0.386734401
ZicoSeq	100	2000	mix	2	0.818181818	0	0	0	0	0	0	0	0	0	1	0	0	0
ALDEx2_wi	100	2000	mix	5	0.809977273	0.00406296	0.09722937	0.093863389	0.005275	0.005017495	0.009934297	0.009395103	0.0112	0.004958241	0.9888	0.004958241	0.90277063	0.093863389
Corncob	100	2000	mix	5	0.8083	0.004844275	0.100665063	0.087276328	0.00665	0.0057176	0.012368169	0.010562436	0.013555556	0.005986108	0.986444444	0.005986108	0.899334937	0.087276328
DACOMP	100	2000	mix	5	0.802604545	0.006083488	0.098094723	0.065198831	0.010825	0.007431048	0.019353585	0.013092206	0.021444444	0.007771793	0.978555556	0.007771793	0.871905277	0.16607787
DESeq2	100	2000	mix	5	0.697645455	0.022292169	0.023348556	0.013900303	0.015875	0.009139311	0.01876211	0.01079321	0.15085	0.027192603	0.84915	0.027192603	0.976651444	0.013900303
fastANCOM	100	2000	mix	5	0.7953	0.05988694	0.098597869	0.067071018	0.014875	0.039514763	0.020121609	0.020138355	0.031272222	0.081792864	0.968727778	0.081792864	0.901402131	0.067071018
LEfSe	100	2000	mix	5	0.805286364	0.005812867	0.104308752	0.077948197	0.009075	0.006651359	0.016530021	0.011933536	0.017777778	0.007288171	0.982222222	0.007288171	0.895691248	0.077948197
limma_voom	100	2000	mix	5	0.525036364	0.359696113	0.100293692	0.040597291	0.2	0.246711538	0.08816126	0.061143415	0.402733333	0.494192714	0.597266667	0.494192714	0.899706308	0.040597291
LinDA	100	2000	mix	5	0.803409091	0.005551708	0.103760287	0.068718125	0.01035	0.006640632	0.018676324	0.011855906	0.020355556	0.006868127	0.979644444	0.006868127	0.896239713	0.068718125
MaAsLin2	100	2000	mix	5	0.80335	0.005510281	0.100705335	0.068612987	0.01	0.006762296	0.018062694	0.012094296	0.02035	0.006720033	0.97965	0.006720033	0.899294665	0.068612987
Wilcox	100	2000	mix	5	0.806636364	0.005197219	0.103541423	0.082902538	0.00805	0.006395468	0.014795609	0.011609107	0.0159	0.006480166	0.9841	0.006480166	0.896458577	0.082902538
ZicoSeq	100	2000	mix	5	0.818181818	0	0	0	0	0	0	0	0	0	1	0	0	0
ALDEx2_wi	100	300	mix	1	0.967741935	0	0	0	0	0	0	0	0	0	1	0	0	0
Corncob	100	300	mix	1	0.967731183	0.000107256	0	0	0	0	0	0	1.11E-05	0.000110832	0.999988889	0.000110832	0.01	0.099748427
DACOMP	100	300	mix	1	0.967741935	0	0	0	0	0	0	0	0	0	1	0	0	0
DESeq2	100	300	mix	1	0.967026882	0.001321455	0.04975	0.19587794	0.002666667	0.0090658	0.004937013	0.016808826	0.000827778	0.001386782	0.999172222	0.001386782	0.37525	0.475889885
fastANCOM	100	300	mix	1	0.967736559	7.60E-05	0	0	0	0	0	0	5.56E-06	7.86E-05	0.999994444	7.86E-05	0.005	0.070710678
LEfSe	100	300	mix	1	0.967629928	0.001083448	0	0	0	0	0	0	0.000115741	0.001119563	0.999884259	0.001119563	0.020833333	0.14319954
limma_voom	100	300	mix	1	0.964908602	0.007589667	0.040401783	0.140253798	0.0125	0.036367364	0.015147865	0.040687811	0.003344444	0.008788511	0.996655556	0.008788511	0.369598217	0.463543993
LinDA	100	300	mix	1	0.967731183	0.000152066	0.005	0.070710678	0.000166667	0.002357023	0.000322581	0.004561979	1.67E-05	0.000135397	0.999983333	0.000135397	0.015	0.121857483
MaAsLin2	100	300	mix	1	0.967736559	7.60E-05	0	0	0	0	0	0	5.56E-06	7.86E-05	0.999994444	7.86E-05	0.005	0.070710678
Wilcox	100	300	mix	1	0.967731183	0.000107256	0	0	0	0	0	0	1.11E-05	0.000110832	0.999988889	0.000110832	0.01	0.099748427
ZicoSeq	100	300	mix	1	0.967741935	0	0	0	0	0	0	0	0	0	1	0	0	0
ALDEx2_wi	100	300	mix	10	0.958274194	0.005458067	0.097143187	0.097360917	0.035333333	0.035935298	0.049044757	0.046182843	0.010961111	0.006010597	0.989038889	0.006010597	0.902856813	0.097360917
Corncob	100	300	mix	10	0.954569892	0.007488381	0.102272347	0.08845743	0.051333333	0.04567748	0.064052913	0.051537135	0.015322222	0.008362106	0.984677778	0.008362106	0.897727653	0.08845743
DACOMP	100	300	mix	10	0.955102151	0.003643621	0.104060089	0.078497133	0.051333333	0.039090726	0.06791512	0.050566985	0.014772222	0.003465279	0.985227778	0.003465279	0.895939911	0.078497133
DESeq2	100	300	mix	10	0.944677419	0.007020662	0.10307916	0.061092905	0.092166667	0.058070357	0.095626825	0.056607821	0.026905556	0.007303373	0.973094444	0.007303373	0.89692084	0.061092905
fastANCOM	100	300	mix	10	0.951817204	0.009848154	0.098802252	0.076642436	0.060666667	0.05658828	0.070678351	0.054523362	0.018477778	0.011057554	0.981522222	0.011057554	0.901197748	0.076642436
LEfSe	100	300	mix	10	0.948650538	0.009852936	0.103410339	0.07057431	0.077333333	0.060035352	0.083614662	0.056206885	0.022305556	0.011112193	0.977694444	0.011112193	0.896589661	0.07057431
limma_voom	100	300	mix	10	0.915973118	0.03233621	0.100113124	0.046391161	0.194833333	0.132244191	0.121975687	0.054536156	0.059988889	0.036876965	0.940011111	0.036876965	0.899886876	0.046391161
LinDA	100	300	mix	10	0.946241935	0.00999055	0.105432745	0.068071498	0.087166667	0.061042269	0.091520919	0.057298465	0.025122222	0.01103311	0.974877778	0.01103311	0.894567255	0.068071498
MaAsLin2	100	300	mix	10	0.946790323	0.010766716	0.104849005	0.067343304	0.0845	0.062595767	0.088840953	0.055669904	0.024466667	0.012088739	0.975533333	0.012088739	0.895150995	0.067343304
Wilcox	100	300	mix	10	0.950467742	0.009312461	0.100174643	0.074082949	0.0685	0.057898957	0.076604237	0.056143934	0.020133333	0.010571814	0.979866667	0.010571814	0.899825357	0.074082949
ZicoSeq	100	300	mix	10	0.967741935	0	0	0	0	0	0	0	0	0	1	0	0	0
ALDEx2_wi	100	300	mix	2	0.966537634	0.001361656	0.05725	0.190356402	0.003833333	0.011661281	0.007089072	0.021571171	0.001372222	0.001359585	0.998627778	0.001359585	0.62775	0.465667384
Corncob	100	300	mix	2	0.966623656	0.00137135	0.066297619	0.200598629	0.0045	0.011898275	0.008287983	0.021963286	0.001305556	0.001406505	0.998694444	0.001406505	0.598702381	0.468499375
DACOMP	100	300	mix	2	0.966021505	0.003698229	0.028855519	0.081427998	0.005666667	0.01707539	0.008758824	0.024078412	0.001966667	0.00415099	0.998033333	0.00415099	0.301144481	0.435867955
DESeq2	100	300	mix	2	0.961741935	0.004187954	0.100629333	0.151508749	0.0225	0.029311378	0.035013571	0.044657421	0.00695	0.004443045	0.99305	0.004443045	0.879370667	0.196489168
fastANCOM	100	300	mix	2	0.966747312	0.001228776	0.035833333	0.149797462	0.002333333	0.008526243	0.004312773	0.015769263	0.001105556	0.001272469	0.998894444	0.001272469	0.534166667	0.487646812
LEfSe	100	300	mix	2	0.965666667	0.002345687	0.072585193	0.187052934	0.007	0.014790553	0.012334204	0.026271571	0.002377778	0.00247837	0.997622222	0.00247837	0.722414807	0.410941959
limma_voom	100	300	mix	2	0.962080645	0.007963454	0.075634742	0.158253996	0.021166667	0.037833202	0.027507509	0.04338352	0.006555556	0.009165165	0.993444444	0.009165165	0.779365258	0.357208651
LinDA	100	300	mix	2	0.966322581	0.00144528	0.065541667	0.181217187	0.0055	0.012845993	0.009940697	0.023306088	0.00165	0.001531267	0.99835	0.001531267	0.679458333	0.436090697
MaAsLin2	100	300	mix	2	0.966241935	0.001569164	0.066930556	0.19677151	0.005166667	0.012546953	0.009349213	0.022798707	0.001722222	0.001643709	0.998277778	0.001643709	0.693069444	0.435600164
Wilcox	100	300	mix	2	0.966327957	0.001460546	0.061380952	0.188431409	0.004833333	0.012679752	0.008769441	0.023086707	0.001622222	0.001514412	0.998377778	0.001514412	0.678619048	0.443615534
ZicoSeq	100	300	mix	2	0.967741935	0	0	0	0	0	0	0	0	0	1	0	0	0
ALDEx2_wi	100	300	mix	5	0.962306452	0.003248596	0.082413101	0.123459507	0.017833333	0.02628655	0.028529342	0.041325354	0.006211111	0.00335502	0.993788889	0.00335502	0.897586899	0.177841651
Corncob	100	300	mix	5	0.961946237	0.003628108	0.08906326	0.131109297	0.0195	0.027612518	0.03087354	0.043108768	0.006638889	0.003738518	0.993361111	0.003738518	0.89093674	0.182503994
DACOMP	100	300	mix	5	0.958596774	0.003531058	0.085286645	0.084743497	0.029666667	0.029662159	0.043300916	0.042385659	0.010438889	0.0035643	0.989561111	0.0035643	0.904713355	0.124164828
DESeq2	100	300	mix	5	0.950322581	0.005475394	0.088886271	0.065244724	0.060333333	0.04562244	0.070704391	0.051531433	0.020011111	0.005843451	0.979988889	0.005843451	0.911113729	0.065244724
fastANCOM	100	300	mix	5	0.959935484	0.004534181	0.089492851	0.125061446	0.025166667	0.030535423	0.037880445	0.045109911	0.008905556	0.004705454	0.991094444	0.004705454	0.900507149	0.154244166
LEfSe	100	300	mix	5	0.959188172	0.005133996	0.094666358	0.109340483	0.031166667	0.033762315	0.045069096	0.048555077	0.009877778	0.005449906	0.990122222	0.005449906	0.900333642	0.126506603
limma_voom	100	300	mix	5	0.941080645	0.020505274	0.089131407	0.059432978	0.090333333	0.086857797	0.080265927	0.054433218	0.030561111	0.02331937	0.969438889	0.02331937	0.910868593	0.059432978
LinDA	100	300	mix	5	0.95694086	0.004914274	0.090626146	0.090275584	0.035833333	0.033238979	0.049740033	0.045246234	0.012355556	0.005152384	0.987644444	0.005152384	0.909373854	0.090275584
MaAsLin2	100	300	mix	5	0.957596774	0.004575431	0.092331131	0.091641596	0.035	0.033038901	0.049408375	0.046236339	0.01165	0.004744188	0.98835	0.004744188	0.907668869	0.091641596
Wilcox	100	300	mix	5	0.959516129	0.004975901	0.095482927	0.11069155	0.030333333	0.033448712	0.044057706	0.047398215	0.009511111	0.005356733	0.990488889	0.005356733	0.899517073	0.127644004
ZicoSeq	100	300	mix	5	0.967586022	0.002204957	0.00016129	0.00228099	0.000166667	0.002357023	0.000163934	0.002318383	0.000166667	0.002357023	0.999833333	0.002357023	0.00483871	0.068429689
ALDEx2_wi	100	400	mix	1	0.957446809	0	0	0	0	0	0	0	0	0	1	0	0	0
Corncob	100	400	mix	1	0.957441489	7.52E-05	0	0	0	0	0	0	5.56E-06	7.86E-05	0.999994444	7.86E-05	0.005	0.070710678
DACOMP	100	400	mix	1	0.957420213	0.000376121	0	0	0	0	0	0	2.78E-05	0.000392837	0.999972222	0.000392837	0.005	0.070710678
DESeq2	100	400	mix	1	0.95693617	0.001028274	0.023380952	0.121489613	0.001375	0.006239312	0.00255647	0.011653949	0.000594444	0.001124307	0.999405556	0.001124307	0.311619048	0.455413293
fastANCOM	100	400	mix	1	0.957430851	0.000129636	0	0	0	0	0	0	1.67E-05	0.000135397	0.999983333	0.000135397	0.015	0.121857483
LEfSe	100	400	mix	1	0.957327341	0.000863843	0	0	0	0	0	0	0.000124777	0.000902236	0.999875223	0.000902236	0.032085561	0.176700443
limma_voom	100	400	mix	1	0.953851064	0.009310704	0.026190532	0.077932353	0.008375	0.025715576	0.010712908	0.02865705	0.004127778	0.010626727	0.995872222	0.010626727	0.363809468	0.461579803
LinDA	100	400	mix	1	0.957409574	0.000223138	0.006666667	0.074423149	0.00025	0.002493711	0.000476461	0.00475398	5.00E-05	0.000256378	0.99995	0.000256378	0.038333333	0.18955854
MaAsLin2	100	400	mix	1	0.957419944	0.000167329	0.001683502	0.023688968	0.000126263	0.001776673	0.000234907	0.003305437	3.37E-05	0.000221349	0.99996633	0.000221349	0.023569024	0.148331767
Wilcox	100	400	mix	1	0.957425532	0.00014931	0	0	0	0	0	0	2.22E-05	0.000155946	0.999977778	0.000155946	0.02	0.140351318
ZicoSeq	100	400	mix	1	0.957446809	0	0	0	0	0	0	0	0	0	1	0	0	0
ALDEx2_wi	100	400	mix	10	0.944117021	0.007168518	0.090782048	0.075109537	0.036375	0.034345779	0.049469403	0.042514289	0.015538889	0.00811197	0.984461111	0.00811197	0.909217952	0.075109537
Corncob	100	400	mix	10	0.938579787	0.009727666	0.090702638	0.064290065	0.05175	0.044447332	0.062287028	0.046490567	0.022005556	0.011239734	0.977994444	0.011239734	0.909297362	0.064290065
DACOMP	100	400	mix	10	0.939973404	0.004291832	0.08827274	0.060782816	0.045125	0.032552383	0.059125887	0.041414269	0.020255556	0.004456586	0.979744444	0.004456586	0.91172726	0.060782816
DESeq2	100	400	mix	10	0.926553191	0.009000294	0.092967098	0.046051848	0.084375	0.047713913	0.086719736	0.043560693	0.036016667	0.01023229	0.963983333	0.01023229	0.907032902	0.046051848
fastANCOM	100	400	mix	10	0.93437234	0.013798454	0.088569938	0.059070218	0.059375	0.047976485	0.066919569	0.04558429	0.026738889	0.015681898	0.973261111	0.015681898	0.911430062	0.059070218
LEfSe	100	400	mix	10	0.929776596	0.012536695	0.088856929	0.052064449	0.074875	0.054995289	0.077626353	0.048745482	0.032227778	0.014567614	0.967772222	0.014567614	0.911143071	0.052064449
limma_voom	100	400	mix	10	0.880111702	0.046523852	0.09175084	0.030408418	0.21125	0.143510151	0.119166294	0.044796524	0.090161111	0.054391307	0.909838889	0.054391307	0.90824916	0.030408418
LinDA	100	400	mix	10	0.926351064	0.012839567	0.091037316	0.045391155	0.08375	0.05385573	0.084159401	0.044799506	0.0362	0.014774757	0.9638	0.014774757	0.908962684	0.045391155
MaAsLin2	100	400	mix	10	0.927585106	0.013292583	0.091426955	0.048987848	0.08275	0.0579914	0.083352662	0.047941728	0.034866667	0.015492238	0.965133333	0.015492238	0.908573045	0.048987848
Wilcox	100	400	mix	10	0.931909574	0.012072894	0.088028229	0.053398265	0.068375	0.053135216	0.073293976	0.047836499	0.029711111	0.014033912	0.970288889	0.014033912	0.911971771	0.053398265
ZicoSeq	100	400	mix	10	0.957446809	0	0	0	0	0	0	0	0	0	1	0	0	0
ALDEx2_wi	100	400	mix	2	0.955702128	0.001736266	0.069303571	0.183085868	0.0045	0.009949622	0.008270194	0.018244007	0.002022222	0.001849744	0.997977778	0.001849744	0.710696429	0.418731347
Corncob	100	400	mix	2	0.955776596	0.001704765	0.061261905	0.183256279	0.004125	0.010265783	0.007533539	0.018677863	0.001927778	0.001831941	0.998072222	0.001831941	0.688738095	0.437310185
DACOMP	100	400	mix	2	0.955260638	0.00382485	0.031620201	0.074948821	0.00575	0.015593373	0.009121861	0.022232883	0.002538889	0.00448803	0.997461111	0.00448803	0.353379799	0.452209975
DESeq2	100	400	mix	2	0.949239362	0.004246459	0.089328348	0.089780808	0.021875	0.022267433	0.034204538	0.033662317	0.009544444	0.004601079	0.990455556	0.004601079	0.910671652	0.089780808
fastANCOM	100	400	mix	2	0.955898936	0.001755023	0.053505952	0.170344434	0.0035	0.009050389	0.006384693	0.016473726	0.001772222	0.001910256	0.998227778	0.001910256	0.631494048	0.46043282
LEfSe	100	400	mix	2	0.954854058	0.002264265	0.073295228	0.17072336	0.006532663	0.013105542	0.011594935	0.022938947	0.002998325	0.002464247	0.997001675	0.002464247	0.796051506	0.352212799
limma_voom	100	400	mix	2	0.945265957	0.017236672	0.084704042	0.148252514	0.0335	0.053486484	0.037374623	0.045993371	0.014211111	0.020070473	0.985788889	0.020070473	0.830295958	0.292698804
LinDA	100	400	mix	2	0.955111702	0.002274165	0.056258089	0.155359148	0.0055	0.01329979	0.00960937	0.022583534	0.002683333	0.002540759	0.997316667	0.002540759	0.748741911	0.399811674
MaAsLin2	100	400	mix	2	0.955202128	0.002291832	0.069628968	0.186186444	0.0055	0.012571404	0.009725734	0.021478615	0.002588889	0.002535461	0.997411111	0.002535461	0.745371032	0.400382162
Wilcox	100	400	mix	2	0.95537766	0.002018468	0.074809524	0.182636435	0.00575	0.011943649	0.010352672	0.021264414	0.002416667	0.002201008	0.997583333	0.002201008	0.740190476	0.396320721
ZicoSeq	100	400	mix	2	0.957446809	0	0	0	0	0	0	0	0	0	1	0	0	0
ALDEx2_wi	100	400	mix	5	0.950255319	0.004178773	0.108742768	0.119078747	0.023125	0.024420096	0.036864634	0.037700964	0.008538889	0.00449935	0.991461111	0.00449935	0.891257232	0.119078747
Corncob	100	400	mix	5	0.94912766	0.005314079	0.106192557	0.114701578	0.025875	0.027725492	0.039763781	0.040590143	0.009838889	0.005817283	0.990161111	0.005817283	0.888807443	0.130725629
DACOMP	100	400	mix	5	0.945920213	0.004171332	0.103262459	0.083711674	0.036125	0.030561897	0.052577993	0.043192462	0.013644444	0.004358693	0.986355556	0.004358693	0.886737541	0.121990843
DESeq2	100	400	mix	5	0.936	0.006801758	0.101913551	0.061595342	0.06425	0.04114489	0.077605352	0.047329765	0.025255556	0.007139139	0.974744444	0.007139139	0.898086449	0.061595342
fastANCOM	100	400	mix	5	0.947271277	0.004923922	0.107068084	0.091023137	0.03275	0.029162299	0.048554365	0.041286224	0.012083333	0.005404349	0.987916667	0.005404349	0.892931916	0.091023137
LEfSe	100	400	mix	5	0.94562766	0.007061313	0.103371719	0.092676982	0.03575	0.034410871	0.050634958	0.045640257	0.013933333	0.007808299	0.986066667	0.007808299	0.896628281	0.092676982
limma_voom	100	400	mix	5	0.916776596	0.033857233	0.103209306	0.054255099	0.12275	0.104610729	0.099461201	0.054338929	0.047933333	0.039269817	0.952066667	0.039269817	0.896790694	0.054255099
LinDA	100	400	mix	5	0.943462766	0.006499872	0.103303319	0.07861602	0.042375	0.035461556	0.058219613	0.045181483	0.016488889	0.007077811	0.983511111	0.007077811	0.896696681	0.07861602
MaAsLin2	100	400	mix	5	0.944140917	0.006590811	0.106903814	0.081033149	0.041708543	0.033338567	0.058064016	0.044004951	0.015750977	0.007151664	0.984249023	0.007151664	0.893096186	0.081033149
Wilcox	100	400	mix	5	0.946696809	0.006784141	0.106589378	0.096522244	0.03375	0.033695168	0.048758482	0.044748963	0.012727778	0.007571892	0.987272222	0.007571892	0.893410622	0.096522244
ZicoSeq	100	400	mix	5	0.957446809	0	0	0	0	0	0	0	0	0	1	0	0	0
ALDEx2_wi	100	500	mix	1	0.947352632	0.000223297	0	0	0	0	0	0	1.67E-05	0.000235702	0.999983333	0.000235702	0.005	0.070710678
Corncob	100	500	mix	1	0.947336842	0.000332202	0	0	0	0	0	0	3.33E-05	0.000350657	0.999966667	0.000350657	0.01	0.099748427
DACOMP	100	500	mix	1	0.947321053	0.000669891	0.000454545	0.006428243	1.00E-04	0.001414214	0.000163934	0.002318383	5.56E-05	0.000785674	0.999944444	0.000785674	0.004545455	0.064282435
DESeq2	100	500	mix	1	0.946363158	0.002246759	0.022683081	0.118102268	0.0014	0.006183135	0.002477195	0.010729544	0.001138889	0.002511682	0.998861111	0.002511682	0.392316919	0.480905971
fastANCOM	100	500	mix	1	0.947357895	0.000148865	0	0	0	0	0	0	1.11E-05	0.000157135	0.999988889	0.000157135	0.005	0.070710678
LEfSe	100	500	mix	1	0.947154425	0.001755607	0.003672957	0.027817486	0.00043956	0.002940323	0.000747001	0.005031172	0.000250305	0.001967895	0.999749695	0.001967895	0.029294075	0.160272159
limma_voom	100	500	mix	1	0.940931579	0.016700068	0.034586809	0.114275836	0.014	0.041383122	0.014292037	0.034072879	0.007572222	0.019788282	0.992427778	0.019788282	0.395413191	0.468789428
LinDA	100	500	mix	1	0.947326316	0.000458042	0.002291667	0.02513139	2.00E-04	0.001994969	0.000361093	0.003605535	5.56E-05	0.000576113	0.999944444	0.000576113	0.012708333	0.104611487
MaAsLin2	100	500	mix	1	0.947331579	0.000452385	0.003125	0.036400334	2.00E-04	0.001994969	0.000364721	0.003643502	5.00E-05	0.000560254	0.99995	0.000560254	0.011875	0.099935202
Wilcox	100	500	mix	1	0.947347368	0.00023502	0	0	0	0	0	0	2.22E-05	0.000248077	0.999977778	0.000248077	0.01	0.099748427
ZicoSeq	100	500	mix	1	0.947368421	0	0	0	0	0	0	0	0	0	1	0	0	0
ALDEx2_wi	100	500	mix	10	0.930421053	0.009210545	0.099129019	0.065292665	0.04	0.030539537	0.054528915	0.037766243	0.020111111	0.010486639	0.979888889	0.010486639	0.900870981	0.065292665
Corncob	100	500	mix	10	0.923778947	0.011806421	0.103717837	0.059143947	0.057	0.03662934	0.070470469	0.040244961	0.028066667	0.01332786	0.971933333	0.01332786	0.896282163	0.059143947
DACOMP	100	500	mix	10	0.926168421	0.005650433	0.102842866	0.058591033	0.0518	0.03055204	0.068238884	0.038900436	0.025255556	0.005791966	0.974744444	0.005791966	0.897157134	0.058591033
DESeq2	100	500	mix	10	0.911078947	0.010542668	0.103503755	0.044911301	0.0895	0.043924902	0.094434391	0.04159627	0.043277778	0.011724419	0.956722222	0.011724419	0.896496245	0.044911301
fastANCOM	100	500	mix	10	0.917410526	0.020137707	0.10332598	0.057579045	0.0712	0.055912351	0.078432069	0.044094052	0.035577778	0.023328935	0.964422222	0.023328935	0.89667402	0.057579045
LEfSe	100	500	mix	10	0.912773684	0.015786362	0.102595052	0.050859336	0.0836	0.048815518	0.088427551	0.044282688	0.041161111	0.017979142	0.958838889	0.017979142	0.897404948	0.050859336
limma_voom	100	500	mix	10	0.839268421	0.067159919	0.098026151	0.028059133	0.2469	0.15616764	0.12935703	0.040749427	0.127822222	0.078871613	0.872177778	0.078871613	0.901973849	0.028059133
LinDA	100	500	mix	10	0.910042105	0.015498093	0.103742566	0.04503944	0.0915	0.048513066	0.094179584	0.0423363	0.044483333	0.017614894	0.955516667	0.017614894	0.896257434	0.04503944
MaAsLin2	100	500	mix	10	0.910857895	0.015923989	0.103637064	0.048676796	0.0888	0.04922066	0.092231461	0.043491968	0.043472222	0.01810624	0.956527778	0.01810624	0.896362936	0.048676796
Wilcox	100	500	mix	10	0.915815789	0.015689337	0.103426199	0.051277757	0.0761	0.046923331	0.083562375	0.042575511	0.037533333	0.017916876	0.962466667	0.017916876	0.896573801	0.051277757
ZicoSeq	100	500	mix	10	0.947368421	0	0	0	0	0	0	0	0	0	1	0	0	0
ALDEx2_wi	100	500	mix	2	0.945021053	0.001976237	0.122829365	0.242651872	0.0072	0.011868628	0.013295268	0.021745682	0.002877778	0.002048455	0.997122222	0.002048455	0.777170635	0.353047975
Corncob	100	500	mix	2	0.945326316	0.001820583	0.113744048	0.244486013	0.0062	0.011927756	0.011420737	0.021378661	0.0025	0.001957264	0.9975	0.001957264	0.756255952	0.379103798
DACOMP	100	500	mix	2	0.9453	0.002768715	0.047950758	0.092554514	0.0066	0.013164594	0.011495881	0.022609008	0.00255	0.003307733	0.99745	0.003307733	0.357049242	0.439777359
DESeq2	100	500	mix	2	0.938994737	0.003995149	0.120548164	0.099901572	0.0246	0.020516937	0.039935264	0.032160244	0.010205556	0.004302706	0.989794444	0.004302706	0.879451836	0.099901572
fastANCOM	100	500	mix	2	0.945315789	0.001970707	0.104006313	0.223969819	0.0062	0.011927756	0.011360943	0.021318432	0.002511111	0.002166355	0.997488889	0.002166355	0.735993687	0.389600552
LEfSe	100	500	mix	2	0.944031579	0.002488543	0.122998432	0.215179678	0.0097	0.01431554	0.017394799	0.025165491	0.004061111	0.002677063	0.995938889	0.002677063	0.832001568	0.279942427
limma_voom	100	500	mix	2	0.933378947	0.022961488	0.111546898	0.135727932	0.0378	0.062632051	0.042288103	0.048211308	0.016866667	0.027352469	0.983133333	0.027352469	0.873453102	0.172939569
LinDA	100	500	mix	2	0.944431579	0.002318217	0.113165446	0.207488765	0.0086	0.013526078	0.015526581	0.024011193	0.003577778	0.002513466	0.996422222	0.002513466	0.831834554	0.287709951
MaAsLin2	100	500	mix	2	0.94469188	0.002156976	0.115930719	0.234686914	0.007537688	0.012770995	0.013709869	0.022803719	0.003243998	0.002321994	0.996756002	0.002321994	0.813717522	0.323135279
Wilcox	100	500	mix	2	0.944794737	0.002112385	0.122287698	0.234128406	0.0084	0.013798259	0.015305425	0.024832395	0.003183333	0.002232465	0.996816667	0.002232465	0.792712302	0.334796302
ZicoSeq	100	500	mix	2	0.947368421	0	0	0	0	0	0	0	0	0	1	0	0	0
ALDEx2_wi	100	500	mix	5	0.938157895	0.004368563	0.098751511	0.091970062	0.0213	0.020157919	0.034305099	0.031821399	0.010905556	0.004634514	0.989094444	0.004634514	0.901248489	0.091970062
Corncob	100	500	mix	5	0.9362	0.005695337	0.098872542	0.091752412	0.0254	0.024532616	0.039041777	0.035775066	0.0132	0.006205489	0.9868	0.006205489	0.901127458	0.091752412
DACOMP	100	500	mix	5	0.932936842	0.004345355	0.102084399	0.076193719	0.0356	0.029135621	0.051952401	0.040173525	0.017211111	0.004527408	0.982788889	0.004527408	0.897915601	0.076193719
DESeq2	100	500	mix	5	0.922036842	0.007424562	0.099175111	0.054179844	0.0599	0.035894737	0.073544685	0.041223354	0.030066667	0.008122794	0.969933333	0.008122794	0.900824889	0.054179844
fastANCOM	100	500	mix	5	0.933463158	0.006065379	0.09654759	0.077726284	0.0317	0.027657452	0.046364102	0.037846848	0.016438889	0.006691094	0.983561111	0.006691094	0.90345241	0.077726284
LEfSe	100	500	mix	5	0.931878947	0.007737662	0.102358938	0.072806566	0.037	0.029654628	0.052451209	0.039207459	0.018405556	0.008539023	0.981594444	0.008539023	0.897641062	0.072806566
limma_voom	100	500	mix	5	0.897247368	0.039145891	0.097878702	0.04929903	0.115	0.096444324	0.093975411	0.048312215	0.059294444	0.046064577	0.940705556	0.046064577	0.902121298	0.04929903
LinDA	100	500	mix	5	0.929173684	0.007183905	0.102734868	0.065914488	0.0442	0.030644009	0.060288788	0.039017976	0.021661111	0.007922791	0.978338889	0.007922791	0.897265132	0.065914488
MaAsLin2	100	500	mix	5	0.929873684	0.0072304	0.100121456	0.067216629	0.0409	0.030624817	0.056520768	0.039201951	0.020738889	0.007916743	0.979261111	0.007916743	0.899878544	0.067216629
Wilcox	100	500	mix	5	0.933289474	0.007412824	0.103842586	0.080359676	0.0341	0.029589996	0.049472978	0.039975762	0.016755556	0.008178146	0.983244444	0.008178146	0.896157414	0.080359676
ZicoSeq	100	500	mix	5	0.947368421	0	0	0	0	0	0	0	0	0	1	0	0	0
ALDEx2_wi	100	800	mix	1	0.918367347	0	0	0	0	0	0	0	0	0	1	0	0	0
Corncob	100	800	mix	1	0.918367347	0	0	0	0	0	0	0	0	0	1	0	0	0
DACOMP	100	800	mix	1	0.918367347	0	0	0	0	0	0	0	0	0	1	0	0	0
DESeq2	100	800	mix	1	0.911454082	0.003669076	0.007374695	0.03086578	0.00075	0.002976035	0.001348601	0.005354534	0.007594444	0.004009693	0.992405556	0.004009693	0.987625305	0.076671891
fastANCOM	100	800	mix	1	0.918367347	0	0	0	0	0	0	0	0	0	1	0	0	0
LEfSe	100	800	mix	1	0.918356773	0.000146901	0	0	0	0	0	0	1.15E-05	0.000159959	0.999988486	0.000159959	0.005181347	0.071981575
limma_voom	100	800	mix	1	0.896877551	0.048661996	0.074625783	0.172810824	0.033375	0.079553066	0.026834652	0.046398659	0.026366667	0.059895137	0.973633333	0.059895137	0.535374217	0.458757501
LinDA	100	800	mix	1	0.918352041	0.000161016	0	0	0	0	0	0	1.67E-05	0.000175329	0.999983333	0.000175329	0.01	0.099748427
MaAsLin2	100	800	mix	1	0.918352041	0.000161016	0	0	0	0	0	0	1.67E-05	0.000175329	0.999983333	0.000175329	0.01	0.099748427
Wilcox	100	800	mix	1	0.918362245	7.22E-05	0	0	0	0	0	0	5.56E-06	7.86E-05	0.999994444	7.86E-05	0.005	0.070710678
ZicoSeq	100	800	mix	1	0.918367347	0	0	0	0	0	0	0	0	0	1	0	0	0
ALDEx2_wi	100	800	mix	10	0.908010204	0.006063841	0.10503604	0.100589188	0.0164375	0.015680617	0.027520733	0.025240686	0.012738889	0.006970445	0.987261111	0.006970445	0.89496396	0.100589188
Corncob	100	800	mix	10	0.904331633	0.007982761	0.101618859	0.081198479	0.02175	0.018765279	0.03452442	0.02793511	0.017216667	0.009321546	0.982783333	0.009321546	0.898381141	0.081198479
DACOMP	100	800	mix	10	0.900045918	0.006939844	0.097227242	0.058909804	0.0270625	0.01797618	0.041591842	0.026173575	0.022355556	0.007931839	0.977644444	0.007931839	0.902772758	0.058909804
DESeq2	100	800	mix	10	0.886903061	0.008635322	0.078128036	0.045820065	0.0353125	0.021282583	0.048043721	0.028113606	0.0374	0.009507664	0.9626	0.009507664	0.921871964	0.045820065
fastANCOM	100	800	mix	10	0.879852041	0.056288294	0.098847735	0.054339788	0.057625	0.084256932	0.05515511	0.04280985	0.047061111	0.068440472	0.952938889	0.068440472	0.901152265	0.054339788
LEfSe	100	800	mix	10	0.898137755	0.010650396	0.099429125	0.064111815	0.0308125	0.024327561	0.04505104	0.03178289	0.024766667	0.012618857	0.975233333	0.012618857	0.900570875	0.064111815
limma_voom	100	800	mix	10	0.666515306	0.162577971	0.100491156	0.021921541	0.381875	0.247518304	0.139974291	0.044004267	0.308183333	0.198498776	0.691816667	0.198498776	0.899508844	0.021921541
LinDA	100	800	mix	10	0.896489796	0.011199822	0.099607421	0.059118548	0.0340625	0.026194381	0.048843084	0.033175481	0.02685	0.0133174	0.97315	0.0133174	0.900392579	0.059118548
MaAsLin2	100	800	mix	10	0.896959184	0.010802841	0.098598281	0.061194489	0.0325625	0.024553088	0.047243276	0.032240461	0.026205556	0.012697611	0.973794444	0.012697611	0.901401719	0.061194489
Wilcox	100	800	mix	10	0.900770408	0.0098739	0.099158691	0.066583365	0.0264375	0.02138343	0.040018332	0.0292326	0.021511111	0.011620933	0.978488889	0.011620933	0.900841309	0.066583365
ZicoSeq	100	800	mix	10	0.918367347	0	0	0	0	0	0	0	0	0	1	0	0	0
ALDEx2_wi	100	800	mix	2	0.917229592	0.001346195	0.072797619	0.219552468	0.0016875	0.004461853	0.003268713	0.008632964	0.001388889	0.001446998	0.998611111	0.001446998	0.607202381	0.469118486
Corncob	100	800	mix	2	0.917173469	0.001457901	0.071964286	0.21887386	0.001625	0.004214342	0.003148366	0.008166929	0.001444444	0.001575292	0.998555556	0.001575292	0.628035714	0.464290312
DACOMP	100	800	mix	2	0.91725	0.002867229	0.015910714	0.055474644	0.00125	0.004340993	0.002271454	0.00780119	0.001327778	0.003331839	0.998672222	0.003331839	0.179089286	0.367554459
DESeq2	100	800	mix	2	0.906515306	0.004643735	0.044996473	0.06248884	0.007125	0.0093365	0.012065696	0.015703006	0.013538889	0.005133708	0.986461111	0.005133708	0.955003527	0.06248884
fastANCOM	100	800	mix	2	0.917117347	0.001448278	0.076630952	0.228186877	0.0016875	0.004282264	0.00327039	0.008300979	0.001511111	0.001555635	0.998488889	0.001555635	0.608369048	0.46947678
LEfSe	100	800	mix	2	0.916540816	0.001734799	0.082345238	0.214003434	0.0025	0.005877732	0.004794327	0.011242136	0.002211111	0.00184043	0.997788889	0.00184043	0.777654762	0.378985442
limma_voom	100	800	mix	2	0.876377551	0.07072923	0.091531184	0.139680551	0.062875	0.107060059	0.046769526	0.056751871	0.051311111	0.086111535	0.948688889	0.086111535	0.838468816	0.268438135
LinDA	100	800	mix	2	0.917035714	0.001592015	0.073125	0.209290827	0.0019375	0.005027796	0.003734186	0.009671734	0.001622222	0.00172147	0.998377778	0.00172147	0.641875	0.45465475
MaAsLin2	100	800	mix	2	0.91688032	0.001561037	0.069938981	0.204942016	0.001821608	0.004596561	0.003515998	0.008873324	0.001781128	0.001678109	0.998218872	0.001678109	0.69890524	0.433733449
Wilcox	100	800	mix	2	0.917071429	0.001519754	0.077232143	0.221906765	0.002	0.005081002	0.003848993	0.009743097	0.001588889	0.001661578	0.998411111	0.001661578	0.627767857	0.460941177
ZicoSeq	100	800	mix	2	0.918367347	0	0	0	0	0	0	0	0	0	1	0	0	0
ALDEx2_wi	100	800	mix	5	0.912571429	0.003333309	0.089949475	0.119364356	0.00825	0.011169098	0.014789527	0.019338722	0.007044444	0.003807581	0.992955556	0.003807581	0.910050525	0.119364356
Corncob	100	800	mix	5	0.911857143	0.004111724	0.097854395	0.119254571	0.0095	0.011294927	0.016888364	0.019556133	0.007933333	0.0046505	0.992066667	0.0046505	0.897145605	0.135048848
DACOMP	100	800	mix	5	0.907505102	0.004914402	0.100240761	0.088993939	0.017125	0.015566662	0.028816501	0.025831946	0.01335	0.005432447	0.98665	0.005432447	0.889759239	0.125915766
DESeq2	100	800	mix	5	0.89447449	0.006861732	0.071838176	0.047133871	0.0248125	0.017203952	0.036402248	0.024378258	0.028222222	0.007723749	0.971777778	0.007723749	0.928161824	0.047133871
fastANCOM	100	800	mix	5	0.906852041	0.014341416	0.100752551	0.093403014	0.0176875	0.023217804	0.027692928	0.026879713	0.014111111	0.017170317	0.985888889	0.017170317	0.899247449	0.093403014
LEfSe	100	800	mix	5	0.909020408	0.005682258	0.096133045	0.096599499	0.0135625	0.014494059	0.023009657	0.02330508	0.011383333	0.006575307	0.988616667	0.006575307	0.903866955	0.096599499
limma_voom	100	800	mix	5	0.804413265	0.119254599	0.101952863	0.04611586	0.1735625	0.184284307	0.096916524	0.054827717	0.139511111	0.145859735	0.860488889	0.145859735	0.898047137	0.04611586
LinDA	100	800	mix	5	0.907826531	0.005181021	0.098395184	0.086295313	0.016125	0.015681243	0.027113506	0.024837747	0.012911111	0.005929419	0.987088889	0.005929419	0.901604816	0.086295313
MaAsLin2	100	800	mix	5	0.908086735	0.004920828	0.099298524	0.085831709	0.0156875	0.014342669	0.026556192	0.023528669	0.012588889	0.005581858	0.987411111	0.005581858	0.900701476	0.085831709
Wilcox	100	800	mix	5	0.910260204	0.004675759	0.096143064	0.105636498	0.011875	0.013883828	0.020527412	0.022530474	0.009883333	0.005431213	0.990116667	0.005431213	0.903856936	0.105636498
ZicoSeq	100	800	mix	5	0.918367347	0	0	0	0	0	0	0	0	0	1	0	0	0
edgeR	100	2000	mix	1	0.899575	0.001164229	0.020634921	0.111023122	4.00E-04	0.00169372	0.000770563	0.003245803	0.000516667	0.00137961	0.999483333	0.00137961	0.219365079	0.406062384
edgeR	100	2000	mix	2	0.902445	0.001576172	0.849025267	0.197752912	0.03235	0.01231848	0.061900538	0.022854259	0.000877778	0.001307503	0.999122222	0.001307503	0.150974733	0.197752912
edgeR	100	2000	mix	5	0.90023	0.00336006	0.634483667	0.25113307	0.03895	0.013526909	0.071810888	0.022866489	0.004072222	0.004265517	0.995927778	0.004265517	0.365516333	0.25113307
edgeR	100	2000	mix	10	0.897995	0.004637623	0.489834842	0.227090201	0.03775	0.013621414	0.068343236	0.022776165	0.006422222	0.005570306	0.993577778	0.005570306	0.510165158	0.227090201
edgeR	100	1000	mix	1	0.949575	0.000729518	0.034305556	0.128504239	0.0011	0.003450955	0.002100208	0.006547931	0.000505263	0.000849384	0.999494737	0.000849384	0.345694444	0.459917996
edgeR	100	1000	mix	2	0.951565	0.00177476	0.808524874	0.2121235	0.0508	0.022458941	0.09388977	0.03875129	0.001026316	0.001799072	0.998973684	0.001799072	0.191475126	0.2121235
edgeR	100	1000	mix	5	0.949705	0.002866645	0.592444969	0.254179105	0.0606	0.024937093	0.105794562	0.038600264	0.0035	0.003511462	0.9965	0.003511462	0.407555031	0.254179105
edgeR	100	1000	mix	10	0.949	0.003445829	0.556114379	0.240745582	0.0589	0.024283469	0.101593475	0.036351282	0.004152632	0.004279666	0.995847368	0.004279666	0.443885621	0.240745582
edgeR	100	500	mix	1	0.97465	0.000609272	0.039857143	0.137273275	0.0026	0.007865023	0.004813596	0.014546362	0.000425641	0.000695528	0.999574359	0.000695528	0.310142857	0.443062376
edgeR	100	500	mix	2	0.976475	0.001581738	0.756495444	0.224217657	0.109	0.045070091	0.184761862	0.066353136	0.001282051	0.001678825	0.998717949	0.001678825	0.243504556	0.224217657
edgeR	100	500	mix	5	0.975105	0.003122333	0.625514958	0.252917051	0.1272	0.043346851	0.201490995	0.05797954	0.003153846	0.003444638	0.996846154	0.003444638	0.374485042	0.252917051
edgeR	100	500	mix	10	0.97338	0.00446033	0.523004526	0.267611876	0.1256	0.039602061	0.190680603	0.053666859	0.004882051	0.004803211	0.995117949	0.004803211	0.476995474	0.267611876
edgeR	100	400	mix	1	0.97963	0.000702161	0.031333333	0.133065387	0.00225	0.008772518	0.004038635	0.01548003	0.000423469	0.000774459	0.999576531	0.000774459	0.328666667	0.458172332
edgeR	100	400	mix	2	0.98085	0.001557809	0.730768648	0.245044963	0.1085	0.05002777	0.180718246	0.073591668	0.001346939	0.001619133	0.998653061	0.001619133	0.269231352	0.245044963
edgeR	100	400	mix	5	0.98009	0.002537974	0.600794335	0.249183762	0.13025	0.055765449	0.203654969	0.075758392	0.002566327	0.002742701	0.997433673	0.002742701	0.389205665	0.244857689
edgeR	100	400	mix	10	0.9788	0.003191687	0.526827854	0.253258352	0.13475	0.049733507	0.1996141	0.059419322	0.00397449	0.003665742	0.99602551	0.003665742	0.473172146	0.253258352
edgeR	100	300	mix	1	0.98464	0.000731955	0.030095238	0.130734446	0.002333333	0.008547747	0.004219252	0.015481484	0.000401015	0.000767956	0.999598985	0.000767956	0.349904762	0.466236257
edgeR	100	300	mix	2	0.98599	0.001216428	0.754413253	0.256081726	0.124333333	0.055828622	0.206026658	0.083762047	0.000888325	0.001099831	0.999111675	0.001099831	0.245586747	0.256081726
edgeR	100	300	mix	5	0.985195	0.001861214	0.635958515	0.247141764	0.15	0.055353167	0.229116291	0.065427632	0.002086294	0.002202494	0.997913706	0.002202494	0.364041485	0.247141764
edgeR	100	300	mix	10	0.98404	0.002988767	0.549547676	0.26020229	0.133333333	0.062853936	0.194363713	0.071190784	0.003005076	0.00353728	0.996994924	0.00353728	0.450452324	0.26020229
edgeR	100	200	mix	1	0.989675	0.000671855	0.070428571	0.230135636	0.006	0.016329932	0.010559623	0.028866709	0.000388889	0.000710107	0.999611111	0.000710107	0.349571429	0.465296304
edgeR	100	200	mix	2	0.99066	0.00145623	0.706560293	0.258997468	0.1735	0.078642202	0.26596966	0.103759262	0.001085859	0.00134177	0.998914141	0.00134177	0.293439707	0.258997468
edgeR	100	200	mix	5	0.99032	0.001825078	0.650880982	0.254397906	0.209	0.084500911	0.296069693	0.091407298	0.001787879	0.002085986	0.998212121	0.002085986	0.349119018	0.254397906
edgeR	100	200	mix	10	0.988615	0.002625492	0.472366901	0.209868088	0.2125	0.082380921	0.267393119	0.07895913	0.003545455	0.003026883	0.996454545	0.003026883	0.527633099	0.209868088
edgeR	100	100	mix	1	0.99466	0.000606697	0.030357143	0.131885206	0.009	0.035090072	0.012599694	0.048160168	0.000386935	0.000677042	0.999613065	0.000677042	0.389642857	0.477372316
edgeR	100	100	mix	2	0.99592	0.001226229	0.722101399	0.246147646	0.375	0.145903663	0.469912253	0.154534715	0.000959799	0.001145226	0.999040201	0.001145226	0.257898601	0.226298098
edgeR	100	100	mix	5	0.995305	0.002240462	0.659811369	0.241953089	0.427	0.153645926	0.480561478	0.147056212	0.001839196	0.002364793	0.998160804	0.002364793	0.340188631	0.241953089
edgeR	100	100	mix	10	0.9943	0.00240265	0.535908787	0.243629097	0.405	0.162291047	0.417179139	0.129963239	0.002738693	0.002726654	0.997261307	0.002726654	0.464091213	0.243629097
edgeR	100	800	mix	1	0.95932	0.001171031	0.045531746	0.15617018	0.00225	0.005993473	0.004140255	0.010918642	0.000802083	0.001353762	0.999197917	0.001353762	0.434468254	0.47820394
edgeR	100	800	mix	2	0.961365	0.001587284	0.767034556	0.241652961	0.05925	0.023139072	0.108383481	0.040343566	0.001046875	0.001466605	0.998953125	0.001466605	0.222965444	0.2300011
edgeR	100	800	mix	5	0.960255	0.002291282	0.647821191	0.257869763	0.061125	0.028420932	0.107686292	0.045379781	0.00228125	0.002612864	0.99771875	0.002612864	0.352178809	0.257869763
edgeR	100	800	mix	10	0.958985	0.003221969	0.551212318	0.260563078	0.060625	0.022074755	0.104482669	0.034230897	0.003583333	0.0036674	0.996416667	0.0036674	0.448787682	0.260563078
metagenomeSeq	100	800	mix	1	0.95997	0.000185592	0.01	0.1	0.000125	0.00125	0.000246914	0.002469136	3.65E-05	0.000185144	0.999963542	0.000185144	0.05	0.219042914
metagenomeSeq	100	800	mix	2	0.960707071	0.000692563	0.654545455	0.462792582	0.018560606	0.017800234	0.035804214	0.033809796	3.68E-05	0.000134187	0.999963173	0.000134187	0.022222222	0.087772898
metagenomeSeq	100	800	mix	5	0.967329897	0.001999852	0.938572624	0.079646206	0.198969072	0.052467441	0.324310363	0.070340234	0.000655069	0.000927678	0.999344931	0.000927678	0.061427376	0.079646206
metagenomeSeq	100	800	mix	10	0.970707071	0.002424377	0.912693488	0.076644626	0.300505051	0.065803491	0.446703249	0.073776158	0.001367845	0.00140699	0.998632155	0.00140699	0.087306512	0.076644626
metagenomeSeq	100	1000	mix	1	0.949968421	0.000159962	0	0	0	0	0	0	3.32E-05	0.000168381	0.999966759	0.000168381	0.042105263	0.20189472
metagenomeSeq	100	1000	mix	2	0.950944444	0.000965974	0.732114799	0.419629823	0.020707071	0.019652726	0.039750461	0.036896459	9.57E-05	0.000347525	0.999904306	0.000347525	0.035561969	0.112305403
metagenomeSeq	100	1000	mix	5	0.958397959	0.002163377	0.934738692	0.089137541	0.184387755	0.041444692	0.30493571	0.057278753	0.000864662	0.001556634	0.999135338	0.001556634	0.065261308	0.089137541
metagenomeSeq	100	1000	mix	10	0.963	0.002666667	0.911166755	0.083582961	0.2936	0.054523093	0.439733139	0.059213525	0.001768421	0.002247358	0.998231579	0.002247358	0.088833245	0.083582961
metagenomeSeq	100	500	mix	1	0.974975	0.000130558	0.005	0.05	2.00E-04	0.002	0.000384615	0.003846154	3.08E-05	0.000142461	0.999969231	0.000142461	0.045	0.202197523
metagenomeSeq	100	500	mix	2	0.97639899	0.001203693	0.864435733	0.307940468	0.061212121	0.051255119	0.110315385	0.085288425	0.00013468	0.000472433	0.99986532	0.000472433	0.044655176	0.139790423
metagenomeSeq	100	500	mix	5	0.98456701	0.001979884	0.912878861	0.0854665	0.431134021	0.072742071	0.579621145	0.068298042	0.0012424	0.001576862	0.9987576	0.001576862	0.087121139	0.0854665
metagenomeSeq	100	500	mix	10	0.987615	0.003177299	0.839016778	0.110990343	0.6484	0.078736487	0.723926764	0.060929467	0.003687179	0.003384988	0.996312821	0.003384988	0.160983222	0.110990343
metagenomeSeq	100	2000	mix	1	0.899914141	0.00043472	0.01010101	0.100503782	5.05E-05	0.000502519	0.000100508	0.001000038	0.00010101	0.000478589	0.99989899	0.000478589	0.070707071	0.257639412
metagenomeSeq	100	2000	mix	2	0.900969697	0.000908627	0.68020683	0.441505462	0.010505051	0.009462465	0.02059269	0.018384085	8.98E-05	0.000271552	0.999910213	0.000271552	0.036964887	0.105563537
metagenomeSeq	100	2000	mix	5	0.91185	0.002782067	0.952075631	0.051683165	0.12545	0.029422858	0.220303321	0.045426253	0.000772222	0.000893	0.999227778	0.000893	0.047924369	0.051683165
metagenomeSeq	100	2000	mix	10	0.917257732	0.003311999	0.908082497	0.083273693	0.195257732	0.035129012	0.319078043	0.045978797	0.002520046	0.002593496	0.997479954	0.002593496	0.091917503	0.083273693
metagenomeSeq	100	400	mix	1	0.979989796	7.11E-05	0	0	0	0	0	0	1.04E-05	7.25E-05	0.999989588	7.25E-05	0.020408163	0.142118858
metagenomeSeq	100	400	mix	2	0.981060606	0.001057704	0.798701299	0.365137343	0.062121212	0.04756355	0.112028778	0.080640015	0.000185529	0.000715826	0.999814471	0.000715826	0.04978355	0.136729703
metagenomeSeq	100	400	mix	5	0.987627551	0.001850482	0.919084279	0.090665271	0.427295918	0.094779093	0.57436581	0.086643999	0.00093711	0.001282997	0.99906289	0.001282997	0.080915721	0.090665271
metagenomeSeq	100	400	mix	10	0.991582474	0.001734575	0.892113592	0.086341631	0.672680412	0.088908491	0.759814007	0.053082414	0.00190932	0.001831114	0.99809068	0.001831114	0.107886408	0.086341631
metagenomeSeq	100	300	mix	1	0.98498	0.000121439	0.01	0.1	0.000333333	0.003333333	0.000645161	0.006451613	2.54E-05	0.000111189	0.999974619	0.000111189	0.05	0.219042914
metagenomeSeq	100	300	mix	2	0.985683673	0.000715757	0.671525753	0.442430012	0.05170068	0.050907559	0.093147252	0.086351831	9.32E-05	0.000294701	0.999906765	0.000294701	0.042759961	0.11935205
metagenomeSeq	100	300	mix	5	0.990891753	0.00153641	0.92256578	0.090216878	0.43814433	0.107581762	0.582975458	0.101750504	0.000690774	0.0009302	0.999309226	0.0009302	0.07743422	0.090216878
metagenomeSeq	100	300	mix	10	0.993326531	0.001784963	0.881471826	0.099375537	0.659183673	0.10393524	0.74502704	0.071635015	0.001584999	0.001694207	0.998415001	0.001694207	0.118528174	0.099375537
metagenomeSeq	100	200	mix	1	0.989989474	7.22E-05	0	0	0	0	0	0	1.06E-05	7.29E-05	0.999989367	7.29E-05	0.021052632	0.144321403
metagenomeSeq	100	200	mix	2	0.990557292	0.000627735	0.633506944	0.458515879	0.063020833	0.062510964	0.111379636	0.103800972	7.37E-05	0.00025363	0.999926347	0.00025363	0.043576389	0.133165899
metagenomeSeq	100	200	mix	5	0.99455102	0.001376327	0.898992647	0.108618996	0.524489796	0.116487444	0.652106549	0.102840564	0.000700886	0.000866111	0.999299114	0.000866111	0.101007353	0.108618996
metagenomeSeq	100	200	mix	10	0.996308081	0.001548052	0.85686123	0.113277091	0.782323232	0.109104222	0.808840287	0.077050892	0.001530456	0.001459955	0.998469544	0.001459955	0.14313877	0.113277091
metagenomeSeq	100	100	mix	1	0.994994949	5.03E-05	0.005050505	0.050251891	0.001010101	0.010050378	0.001683502	0.01675063	1.02E-05	7.11E-05	0.999989848	7.11E-05	0.015151515	0.111907065
metagenomeSeq	100	100	mix	2	0.9956875	0.000563121	0.813301918	0.35335916	0.164583333	0.115146741	0.258868887	0.155531951	0.000136097	0.00044637	0.999863903	0.00044637	0.051281415	0.143478939
metagenomeSeq	100	100	mix	5	0.997865	0.001058527	0.872152306	0.147444486	0.714	0.132588831	0.769990326	0.100769837	0.000708543	0.001022873	0.999291457	0.001022873	0.127847694	0.147444486
metagenomeSeq	100	100	mix	10	0.99820202	0.001261517	0.826508292	0.143977829	0.863636364	0.108283967	0.833716289	0.095743879	0.00112177	0.001247179	0.99887823	0.001247179	0.173491708	0.143977829
AAMAVD	100	100	mix	1	0.99361	0.001067377	0.050424603	0.109139019	0.025	0.053889149	0.032583393	0.069245194	0.001522613	0.001105239	0.998477387	0.001105239	0.789575397	0.362450051
AAMAVD	100	100	mix	2	0.996205	0.001185125	0.692161228	0.170229415	0.502	0.139971137	0.565906192	0.125667306	0.001311558	0.001009823	0.998688442	0.001009823	0.307838772	0.170229415
AAMAVD	100	100	mix	5	0.998755	0.001043244	0.847527379	0.124331319	0.954	0.071661381	0.890340156	0.078595427	0.001020101	0.001055663	0.998979899	0.001055663	0.152472621	0.124331319
AAMAVD	100	100	mix	10	0.9992	0.000953463	0.887137125	0.116181194	0.99	0.030151134	0.931144499	0.071646936	0.000753769	0.000951576	0.999246231	0.000951576	0.112862875	0.116181194
AAMAVD	100	200	mix	1	0.986195	0.002106861	0.101457836	0.095369306	0.0545	0.052269214	0.068912699	0.064301949	0.004393939	0.00223284	0.995606061	0.00223284	0.878542164	0.157461036
AAMAVD	100	200	mix	2	0.990385	0.002789641	0.56210347	0.166189936	0.425	0.12007994	0.469770493	0.109027106	0.00390404	0.002775439	0.99609596	0.002775439	0.43789653	0.166189936
AAMAVD	100	200	mix	5	0.996135	0.002617786	0.77621782	0.126249157	0.9195	0.068863428	0.834423586	0.085210455	0.003090909	0.002651453	0.996909091	0.002651453	0.22378218	0.126249157
AAMAVD	100	200	mix	10	0.998065	0.00167672	0.862912672	0.108224771	0.9835	0.030197164	0.915181897	0.065769651	0.001787879	0.001693299	0.998212121	0.001693299	0.137087328	0.108224771
AAMAVD	100	300	mix	1	0.977795	0.003301434	0.109116359	0.084104319	0.065666667	0.048421781	0.078215857	0.055104385	0.008314721	0.003572497	0.991685279	0.003572497	0.890883641	0.084104319
AAMAVD	100	300	mix	2	0.983445	0.003488723	0.46485952	0.115129982	0.397	0.107213979	0.416742325	0.084758914	0.007624365	0.003960968	0.992375635	0.003960968	0.53514048	0.115129982
AAMAVD	100	300	mix	5	0.992655	0.003708913	0.723925265	0.121082279	0.889333333	0.068473823	0.791011594	0.080358051	0.005771574	0.003782608	0.994228426	0.003782608	0.276074735	0.121082279
AAMAVD	100	300	mix	10	0.995625	0.002692465	0.80079039	0.102616278	0.973666667	0.036173606	0.874536777	0.064674786	0.004040609	0.002753905	0.995959391	0.002753905	0.19920961	0.102616278
AAMAVD	100	400	mix	1	0.96965	0.004170301	0.097562727	0.065797004	0.061	0.04040827	0.072641174	0.045500704	0.011806122	0.004471452	0.988193878	0.004471452	0.902437273	0.065797004
AAMAVD	100	400	mix	2	0.9786	0.004246805	0.480624974	0.105440214	0.4175	0.086711818	0.438890779	0.073079607	0.00994898	0.004554464	0.99005102	0.004554464	0.519375026	0.105440214
AAMAVD	100	400	mix	5	0.99143	0.003323485	0.742822001	0.091119616	0.9075	0.053477551	0.812556437	0.05725842	0.006857143	0.003529825	0.993142857	0.003529825	0.257177999	0.091119616
AAMAVD	100	400	mix	10	0.995045	0.002561462	0.824100907	0.0849095	0.974	0.026092299	0.890012089	0.049957451	0.00452551	0.0026828	0.99547449	0.0026828	0.175899093	0.0849095
AAMAVD	100	500	mix	1	0.961665	0.005794483	0.101946101	0.056126409	0.066	0.040750534	0.077043059	0.042769043	0.015369231	0.006302047	0.984630769	0.006302047	0.898053899	0.056126409
AAMAVD	100	500	mix	2	0.972665	0.004844582	0.467123119	0.09564734	0.414	0.086479985	0.430204948	0.06849149	0.013010256	0.005597133	0.986989744	0.005597133	0.532876881	0.09564734
AAMAVD	100	500	mix	5	0.988055	0.004567062	0.718543071	0.100510995	0.9062	0.053537111	0.795974459	0.06065292	0.009846154	0.005092338	0.990153846	0.005092338	0.281456929	0.100510995
AAMAVD	100	500	mix	10	0.99193	0.003604164	0.780961101	0.087950768	0.9648	0.030632392	0.859983227	0.053370345	0.007374359	0.00379988	0.992625641	0.00379988	0.219038899	0.087950768
AAMAVD	100	800	mix	1	0.9105	0.013760763	0.103415623	0.027738466	0.15775	0.047765076	0.122933486	0.031260074	0.058135417	0.015270563	0.941864583	0.015270563	0.896584377	0.027738466
AAMAVD	100	800	mix	2	0.927295	0.011526451	0.264119525	0.045140666	0.4355	0.075162282	0.324416586	0.040683619	0.052213542	0.013727235	0.947786458	0.013727235	0.735880475	0.045140666
AAMAVD	100	800	mix	5	0.952195	0.009648336	0.45434985	0.059515538	0.813125	0.05468502	0.579890554	0.048871467	0.042010417	0.010546908	0.957989583	0.010546908	0.54565015	0.059515538
AAMAVD	100	800	mix	10	0.96322	0.009093043	0.532301829	0.073062757	0.9135	0.038381064	0.669554399	0.057839087	0.034708333	0.009549478	0.965291667	0.009549478	0.467698171	0.073062757
AAMAVD	100	1000	mix	1	0.8855	0.016485224	0.10181643	0.022653146	0.1659	0.057085706	0.124322231	0.030730995	0.076626316	0.019406553	0.923373684	0.019406553	0.89818357	0.022653146
AAMAVD	100	1000	mix	2	0.90915	0.014478912	0.25936331	0.040463656	0.4207	0.069460475	0.3171441	0.037797974	0.065142105	0.017272682	0.934857895	0.017272682	0.74063669	0.040463656
AAMAVD	100	1000	mix	5	0.93724	0.013998283	0.442879342	0.064821635	0.828	0.056066339	0.573434638	0.053987201	0.057010526	0.015548377	0.942989474	0.015548377	0.557120658	0.064821635
AAMAVD	100	1000	mix	10	0.953215	0.012560008	0.527855711	0.070326365	0.9228	0.034555767	0.668504067	0.057780815	0.045184211	0.013464555	0.954815789	0.013464555	0.472144289	0.070326365
AAMAVD	100	2000	mix	1	0.735785	0.033717727	0.099704295	0.013405778	0.2041	0.047276214	0.132792771	0.01904811	0.205138889	0.041493383	0.794861111	0.041493383	0.900295705	0.013405778
AAMAVD	100	2000	mix	2	0.77298	0.025424569	0.210175856	0.020433704	0.45405	0.060007133	0.285713715	0.022568301	0.191583333	0.032823578	0.808416667	0.032823578	0.789824144	0.020433704
AAMAVD	100	2000	mix	5	0.831795	0.029152949	0.351628119	0.044483995	0.76575	0.045684331	0.479905309	0.042533916	0.160866667	0.033447552	0.839133333	0.033447552	0.648371881	0.044483995
AAMAVD	100	2000	mix	10	0.862915	0.026866397	0.417782289	0.054042057	0.8519	0.034021532	0.558123907	0.046580624	0.135861111	0.031035098	0.864138889	0.031035098	0.582217711	0.054042057
